rot:
  max: 30.134051450792224
  mean: 16.79404467174772
  median: 16.543300666210932
  min: 0.0
  num_samples: 2686
  rmse: 18.84197880472696
  std: 8.542846647407522
scale:
  max: 186317.38842804794
  mean: 588.3068279309736
  median: 8.36186703412104
  min: 0.12859122639707898
  num_samples: 2686
  rmse: 5069.268678572718
  std: 5035.015393399328
trans:
  max: 408.8889643490924
  mean: 246.4607125280306
  median: 286.96642370867596
  min: 0.0
  num_samples: 2686
  rmse: 275.45220517195787
  std: 123.00827010518385
