rot:
  max: 18.84197880472696
  mean: 18.84197880472696
  median: 18.84197880472696
  min: 18.84197880472696
  num_samples: 1
  rmse: 18.84197880472696
  std: 0.0
scale:
  max: 5069.268678572718
  mean: 5069.268678572718
  median: 5069.268678572718
  min: 5069.268678572718
  num_samples: 1
  rmse: 5069.268678572718
  std: 0.0
trans:
  max: 275.45220517195787
  mean: 275.45220517195787
  median: 275.45220517195787
  min: 275.45220517195787
  num_samples: 1
  rmse: 275.45220517195787
  std: 0.0
