rot:
  max: 62.46846090422068
  mean: 36.030945384727865
  median: 54.83438550990515
  min: 0.00014039785329892146
  num_samples: 772
  rmse: 44.898149581113
  std: 26.78833347729485
scale:
  max: 352713.30667794443
  mean: 5975.552359776694
  median: 858.9720178686857
  min: 0.3764337006946894
  num_samples: 772
  rmse: 25011.17711431345
  std: 24286.863828809273
trans:
  max: 404.6550985474725
  mean: 221.85268263722412
  median: 351.65585350864296
  min: 0.0
  num_samples: 772
  rmse: 281.0594848316559
  std: 172.55671885065186
