rot:
  max: 44.898149581113
  mean: 44.898149581113
  median: 44.898149581113
  min: 44.898149581113
  num_samples: 1
  rmse: 44.898149581113
  std: 0.0
scale:
  max: 25011.17711431345
  mean: 25011.17711431345
  median: 25011.17711431345
  min: 25011.17711431345
  num_samples: 1
  rmse: 25011.17711431345
  std: 0.0
trans:
  max: 281.0594848316559
  mean: 281.0594848316559
  median: 281.0594848316559
  min: 281.0594848316559
  num_samples: 1
  rmse: 281.0594848316559
  std: 0.0
