rot:
  max: 13.471105106270295
  mean: 3.1193803293673925
  median: 2.9299722952187444
  min: 0.0005860310670338717
  num_samples: 1101
  rmse: 3.6073916540270554
  std: 1.8118335757734017
scale:
  max: 331.15703572743234
  mean: 5.39157349599887
  median: 1.8591351999207806
  min: 0.07980579652143716
  num_samples: 1101
  rmse: 26.333706114204393
  std: 25.7758610515057
trans:
  max: 91.06695502757367
  mean: 51.162594759990796
  median: 61.483777267388255
  min: 0.0
  num_samples: 1101
  rmse: 59.4065459513324
  std: 30.191498791758082
