rot:
  max: 3.6073916540270554
  mean: 3.6073916540270554
  median: 3.6073916540270554
  min: 3.6073916540270554
  num_samples: 1
  rmse: 3.6073916540270554
  std: 0.0
scale:
  max: 26.333706114204393
  mean: 26.333706114204393
  median: 26.333706114204393
  min: 26.333706114204393
  num_samples: 1
  rmse: 26.333706114204393
  std: 0.0
trans:
  max: 59.4065459513324
  mean: 59.4065459513324
  median: 59.4065459513324
  min: 59.4065459513324
  num_samples: 1
  rmse: 59.4065459513324
  std: 0.0
