rot:
  max: 20.45303151224641
  mean: 10.642619026712289
  median: 9.791669602875746
  min: 0.00042243057245074247
  num_samples: 1330
  rmse: 12.83579415197046
  std: 7.175811575286842
scale:
  max: 23085730.07557089
  mean: 28526.54282650928
  median: 6.043595930461598
  min: 0.034369237144560305
  num_samples: 1330
  rmse: 711844.8802619922
  std: 711273.0628314116
trans:
  max: 279.7260827316156
  mean: 88.88773849741183
  median: 61.02781597905484
  min: 9.678172040897828e-08
  num_samples: 1330
  rmse: 123.20009041332855
  std: 85.30669506356499
