rot:
  max: 12.83579415197046
  mean: 12.83579415197046
  median: 12.83579415197046
  min: 12.83579415197046
  num_samples: 1
  rmse: 12.83579415197046
  std: 0.0
scale:
  max: 711844.8802619922
  mean: 711844.8802619922
  median: 711844.8802619922
  min: 711844.8802619922
  num_samples: 1
  rmse: 711844.8802619922
  std: 0.0
trans:
  max: 123.20009041332855
  mean: 123.20009041332855
  median: 123.20009041332855
  min: 123.20009041332855
  num_samples: 1
  rmse: 123.20009041332855
  std: 0.0
