rot:
  max: 20.680853672929928
  mean: 11.409651572285851
  median: 17.170136654458105
  min: 0.0011563767715691445
  num_samples: 535
  rmse: 13.932885258237782
  std: 7.996570678625603
scale:
  max: 3375844.9481039
  mean: 14827.393072015091
  median: 15.92091542367966
  min: 0.014797061148108526
  num_samples: 535
  rmse: 206152.44697682874
  std: 205618.5298294444
trans:
  max: 78.64243833257333
  mean: 31.67629217557944
  median: 22.965972230287278
  min: 4.0797911805097564e-08
  num_samples: 535
  rmse: 43.078853147209244
  std: 29.195891876874462
