rot:
  max: 9.96744981103652
  mean: 5.418906987066999
  median: 4.6199087061261075
  min: 0.0
  num_samples: 792
  rmse: 6.235219758801216
  std: 3.0843820298499938
scale:
  max: 80473.5457920929
  mean: 224.89565893991602
  median: 6.116174285982268
  min: 0.026871953438134533
  num_samples: 792
  rmse: 3211.6574895332747
  std: 3203.77367687937
trans:
  max: 23.287873169459758
  mean: 13.081474867806257
  median: 13.510878900467908
  min: 0.0
  num_samples: 792
  rmse: 14.768311533832998
  std: 6.854052877188652
