rot:
  max: 6.235219758801216
  mean: 6.235219758801216
  median: 6.235219758801216
  min: 6.235219758801216
  num_samples: 1
  rmse: 6.235219758801216
  std: 0.0
scale:
  max: 3211.6574895332747
  mean: 3211.6574895332747
  median: 3211.6574895332747
  min: 3211.6574895332747
  num_samples: 1
  rmse: 3211.6574895332747
  std: 0.0
trans:
  max: 14.768311533832998
  mean: 14.768311533832998
  median: 14.768311533832998
  min: 14.768311533832998
  num_samples: 1
  rmse: 14.768311533832998
  std: 0.0
