rot:
  max: 5.455226558302085
  mean: 2.397765646083302
  median: 1.803797749440017
  min: 0.0009567088262881138
  num_samples: 550
  rmse: 3.0724447277155194
  std: 1.9211029413671763
scale:
  max: 11058.426937442584
  mean: 254.4708935063471
  median: 6.467628601976527
  min: 0.03794721715268956
  num_samples: 550
  rmse: 1214.297491731496
  std: 1187.334393834982
trans:
  max: 24.832432169942916
  mean: 12.785467414527504
  median: 18.793775820921304
  min: 3.8837905883431656e-07
  num_samples: 550
  rmse: 15.733038904446378
  std: 9.168442406476615
