rot:
  max: 3.0724447277155194
  mean: 3.0724447277155194
  median: 3.0724447277155194
  min: 3.0724447277155194
  num_samples: 1
  rmse: 3.0724447277155194
  std: 0.0
scale:
  max: 1214.297491731496
  mean: 1214.297491731496
  median: 1214.297491731496
  min: 1214.297491731496
  num_samples: 1
  rmse: 1214.297491731496
  std: 0.0
trans:
  max: 15.733038904446378
  mean: 15.733038904446378
  median: 15.733038904446378
  min: 15.733038904446378
  num_samples: 1
  rmse: 15.733038904446378
  std: 0.0
