rot:
  max: 177.51133710655543
  mean: 14.483206387538612
  median: 10.859283854936354
  min: 0.03371887288229111
  num_samples: 2592
  rmse: 25.728765473854683
  std: 21.2651382677042
scale:
  max: 1227981.1363360449
  mean: 671.3001672551122
  median: 8.717899182558408
  min: 0.01360554049218976
  num_samples: 2592
  rmse: 24131.33708349313
  std: 24121.997958763983
trans:
  max: 452.5314772804413
  mean: 259.67510479356787
  median: 274.2577490778713
  min: 0.001228081136336045
  num_samples: 2592
  rmse: 292.47801587649803
  std: 134.58168419774867
