rot:
  max: 25.728765473854683
  mean: 25.728765473854683
  median: 25.728765473854683
  min: 25.728765473854683
  num_samples: 1
  rmse: 25.728765473854683
  std: 0.0
scale:
  max: 24131.33708349313
  mean: 24131.33708349313
  median: 24131.33708349313
  min: 24131.33708349313
  num_samples: 1
  rmse: 24131.33708349313
  std: 0.0
trans:
  max: 292.47801587649803
  mean: 292.47801587649803
  median: 292.47801587649803
  min: 292.47801587649803
  num_samples: 1
  rmse: 292.47801587649803
  std: 0.0
