rot:
  max: 9.298787918726488
  mean: 5.120067671791091
  median: 5.824395676665897
  min: 0.00016100116964099084
  num_samples: 2095
  rmse: 5.758390789865826
  std: 2.6351416518076087
scale:
  max: 33795.30674450144
  mean: 234.68787132205378
  median: 8.01274474823035
  min: 0.1175775859581174
  num_samples: 2095
  rmse: 2135.6506650372694
  std: 2122.7165063023504
trans:
  max: 236.24324842356583
  mean: 120.735587327805
  median: 118.23993104831736
  min: 0.0
  num_samples: 2095
  rmse: 142.02040927532443
  std: 74.78445428924805
