rot:
  max: 5.758390789865826
  mean: 5.758390789865826
  median: 5.758390789865826
  min: 5.758390789865826
  num_samples: 1
  rmse: 5.758390789865826
  std: 0.0
scale:
  max: 2135.6506650372694
  mean: 2135.6506650372694
  median: 2135.6506650372694
  min: 2135.6506650372694
  num_samples: 1
  rmse: 2135.6506650372694
  std: 0.0
trans:
  max: 142.02040927532443
  mean: 142.02040927532443
  median: 142.02040927532443
  min: 142.02040927532443
  num_samples: 1
  rmse: 142.02040927532443
  std: 0.0
