rot:
  max: 0.8766480971599955
  mean: 0.8766480971599955
  median: 0.8766480971599955
  min: 0.8766480971599955
  num_samples: 1
  rmse: 0.8766480971599955
  std: 0.0
scale:
  max: 604.3743558709436
  mean: 604.3743558709436
  median: 604.3743558709436
  min: 604.3743558709436
  num_samples: 1
  rmse: 604.3743558709436
  std: 0.0
trans:
  max: 22.157949527902673
  mean: 22.157949527902673
  median: 22.157949527902673
  min: 22.157949527902673
  num_samples: 1
  rmse: 22.157949527902673
  std: 0.0
