rot:
  max: 14.743829220690973
  mean: 7.718680968682584
  median: 8.50361077770405
  min: 0.0011563767715691445
  num_samples: 535
  rmse: 9.058654058114625
  std: 4.741432003972412
scale:
  max: 3375844.9481039
  mean: 14680.675733192895
  median: 10.614409091545895
  min: 0.17812623531744398
  num_samples: 535
  rmse: 206149.16544481085
  std: 205625.7672900185
trans:
  max: 48.60177487284089
  mean: 22.33945028386985
  median: 23.642953319306514
  min: 4.0797911805097564e-08
  num_samples: 535
  rmse: 28.110394398532296
  std: 17.062919863128442
