rot:
  max: 9.058654058114625
  mean: 9.058654058114625
  median: 9.058654058114625
  min: 9.058654058114625
  num_samples: 1
  rmse: 9.058654058114625
  std: 0.0
scale:
  max: 206149.16544481085
  mean: 206149.16544481085
  median: 206149.16544481085
  min: 206149.16544481085
  num_samples: 1
  rmse: 206149.16544481085
  std: 0.0
trans:
  max: 28.110394398532296
  mean: 28.110394398532296
  median: 28.110394398532296
  min: 28.110394398532296
  num_samples: 1
  rmse: 28.110394398532296
  std: 0.0
