rot:
  max: 33.05822671010756
  mean: 18.70205028015488
  median: 18.435656248370364
  min: 0.0
  num_samples: 2686
  rmse: 20.872777421585187
  std: 9.268557202153698
scale:
  max: 191855.13623947903
  mean: 609.498138742969
  median: 10.492118363434832
  min: 0.3429865790632203
  num_samples: 2686
  rmse: 5221.612317555724
  std: 5185.918164965441
trans:
  max: 457.3889090080417
  mean: 276.77895907533593
  median: 336.68163355340585
  min: 0.0
  num_samples: 2686
  rmse: 308.69547475277255
  std: 136.6978564060648
