rot:
  max: 20.872777421585187
  mean: 20.872777421585187
  median: 20.872777421585187
  min: 20.872777421585187
  num_samples: 1
  rmse: 20.872777421585187
  std: 0.0
scale:
  max: 5221.612317555724
  mean: 5221.612317555724
  median: 5221.612317555724
  min: 5221.612317555724
  num_samples: 1
  rmse: 5221.612317555724
  std: 0.0
trans:
  max: 308.69547475277255
  mean: 308.69547475277255
  median: 308.69547475277255
  min: 308.69547475277255
  num_samples: 1
  rmse: 308.69547475277255
  std: 0.0
