rot:
  max: 179.55298163421074
  mean: 9.585018893914613
  median: 6.739663694843114
  min: 0.006610887093053061
  num_samples: 2592
  rmse: 23.95792040133717
  std: 21.95698892744876
scale:
  max: 1227967.965611622
  mean: 546.369263360423
  median: 6.616562330419685
  min: 0.2773979701818585
  num_samples: 2592
  rmse: 24120.93957511478
  std: 24114.750809709654
trans:
  max: 179.22867624523857
  mean: 107.78621257538249
  median: 118.04993479829272
  min: 0.001228067965611622
  num_samples: 2592
  rmse: 121.20977963733861
  std: 55.44315159139712
