rot:
  max: 23.95792040133717
  mean: 23.95792040133717
  median: 23.95792040133717
  min: 23.95792040133717
  num_samples: 1
  rmse: 23.95792040133717
  std: 0.0
scale:
  max: 24120.93957511478
  mean: 24120.93957511478
  median: 24120.93957511478
  min: 24120.93957511478
  num_samples: 1
  rmse: 24120.93957511478
  std: 0.0
trans:
  max: 121.20977963733861
  mean: 121.20977963733861
  median: 121.20977963733861
  min: 121.20977963733861
  num_samples: 1
  rmse: 121.20977963733861
  std: 0.0
