rot:
  max: 22.154654489386626
  mean: 13.648784582390473
  median: 14.164654727477252
  min: 1.1459155902616465e-14
  num_samples: 2095
  rmse: 14.795418203757684
  std: 5.710961324294217
scale:
  max: 55151.82686664262
  mean: 374.0512644248227
  median: 10.722870372092297
  min: 0.18246665117247485
  num_samples: 2095
  rmse: 3457.163622168067
  std: 3436.8686274026277
trans:
  max: 466.8140685167817
  mean: 239.3322213763758
  median: 238.41572694751954
  min: 0.0
  num_samples: 2095
  rmse: 278.8524715072077
  std: 143.10411830806115
