rot:
  max: 14.795418203757684
  mean: 14.795418203757684
  median: 14.795418203757684
  min: 14.795418203757684
  num_samples: 1
  rmse: 14.795418203757684
  std: 0.0
scale:
  max: 3457.163622168067
  mean: 3457.163622168067
  median: 3457.163622168067
  min: 3457.163622168067
  num_samples: 1
  rmse: 3457.163622168067
  std: 0.0
trans:
  max: 278.8524715072077
  mean: 278.8524715072077
  median: 278.8524715072077
  min: 278.8524715072077
  num_samples: 1
  rmse: 278.8524715072077
  std: 0.0
