rot:
  max: 4.33228851375814
  mean: 1.5706506223265142
  median: 0.6237890539929599
  min: 0.00030926127433048256
  num_samples: 1345
  rmse: 2.2149029660543036
  std: 1.5616823529839494
scale:
  max: 4946.307136890439
  mean: 18.93954179912704
  median: 1.8356664088440056
  min: 0.007899050733395363
  num_samples: 1345
  rmse: 230.98699414905093
  std: 230.20922054177757
trans:
  max: 44.1157176014459
  mean: 15.572466562007822
  median: 13.631066926601646
  min: 0.0
  num_samples: 1345
  rmse: 19.403141972536893
  std: 11.574981796165867
