rot:
  max: 2.2149029660543036
  mean: 2.2149029660543036
  median: 2.2149029660543036
  min: 2.2149029660543036
  num_samples: 1
  rmse: 2.2149029660543036
  std: 0.0
scale:
  max: 230.98699414905093
  mean: 230.98699414905093
  median: 230.98699414905093
  min: 230.98699414905093
  num_samples: 1
  rmse: 230.98699414905093
  std: 0.0
trans:
  max: 19.403141972536893
  mean: 19.403141972536893
  median: 19.403141972536893
  min: 19.403141972536893
  num_samples: 1
  rmse: 19.403141972536893
  std: 0.0
