rot:
  max: 179.98342136788807
  mean: 96.48705374022887
  median: 145.86461274332368
  min: 0.0
  num_samples: 772
  rmse: 123.51413919893645
  std: 77.11025251277835
scale:
  max: 403565.4738860887
  mean: 6491.86484835121
  median: 846.1518883164402
  min: 0.13072017643395162
  num_samples: 772
  rmse: 28073.84474053358
  std: 27312.935567352088
trans:
  max: 481.63883923445593
  mean: 239.04042148707197
  median: 366.1984980153121
  min: 0.0
  num_samples: 772
  rmse: 306.1571163027673
  std: 191.28998080952687
