rot:
  max: 123.51413919893645
  mean: 123.51413919893645
  median: 123.51413919893645
  min: 123.51413919893645
  num_samples: 1
  rmse: 123.51413919893645
  std: 0.0
scale:
  max: 28073.84474053358
  mean: 28073.84474053358
  median: 28073.84474053358
  min: 28073.84474053358
  num_samples: 1
  rmse: 28073.84474053358
  std: 0.0
trans:
  max: 306.1571163027673
  mean: 306.1571163027673
  median: 306.1571163027673
  min: 306.1571163027673
  num_samples: 1
  rmse: 306.1571163027673
  std: 0.0
