rot:
  max: 8.770074743832247
  mean: 1.5506270872210293
  median: 1.1271077573168826
  min: 0.0
  num_samples: 792
  rmse: 2.2396522523668128
  std: 1.6160438879894834
scale:
  max: 95045.45683651343
  mean: 225.4264018985946
  median: 3.1289689168243706
  min: 0.017353996431690444
  num_samples: 792
  rmse: 3823.598837073306
  std: 3816.9478650088204
trans:
  max: 9.61597052294181
  mean: 4.493243606502978
  median: 4.27221297392629
  min: 0.0
  num_samples: 792
  rmse: 5.2435724229440615
  std: 2.702926866801906
