rot:
  max: 14.344333876758743
  mean: 3.878176983582939
  median: 3.9198288153775835
  min: 0.0006741862031264913
  num_samples: 1330
  rmse: 4.3931440546300635
  std: 2.063845432375935
scale:
  max: 11823396.453366015
  mean: 17080.112410627433
  median: 1.3388048078682324
  min: 0.015249223912183751
  num_samples: 1330
  rmse: 399061.36193635216
  std: 398695.6738548045
trans:
  max: 91.49499796530642
  mean: 37.41056603456506
  median: 35.95332871403224
  min: 0.0
  num_samples: 1330
  rmse: 46.89448999073925
  std: 28.27618680913308
