rot:
  max: 4.3931440546300635
  mean: 4.3931440546300635
  median: 4.3931440546300635
  min: 4.3931440546300635
  num_samples: 1
  rmse: 4.3931440546300635
  std: 0.0
scale:
  max: 399061.36193635216
  mean: 399061.36193635216
  median: 399061.36193635216
  min: 399061.36193635216
  num_samples: 1
  rmse: 399061.36193635216
  std: 0.0
trans:
  max: 46.89448999073925
  mean: 46.89448999073925
  median: 46.89448999073925
  min: 46.89448999073925
  num_samples: 1
  rmse: 46.89448999073925
  std: 0.0
