rot:
  max: 178.6840950786903
  mean: 13.511204052822643
  median: 9.19136384031848
  min: 0.03371887288229111
  num_samples: 2592
  rmse: 27.092744319460984
  std: 23.483274043511788
scale:
  max: 1227981.1363360449
  mean: 635.6718930468417
  median: 6.686085466798719
  min: 0.12910791728864002
  num_samples: 2592
  rmse: 24127.32262162322
  std: 24118.947284910304
trans:
  max: 378.77939372781736
  mean: 215.70221386175197
  median: 212.4423003133785
  min: 0.001228081136336045
  num_samples: 2592
  rmse: 241.40192106021524
  std: 108.38561909543813
