rot:
  max: 27.092744319460984
  mean: 27.092744319460984
  median: 27.092744319460984
  min: 27.092744319460984
  num_samples: 1
  rmse: 27.092744319460984
  std: 0.0
scale:
  max: 24127.32262162322
  mean: 24127.32262162322
  median: 24127.32262162322
  min: 24127.32262162322
  num_samples: 1
  rmse: 24127.32262162322
  std: 0.0
trans:
  max: 241.40192106021524
  mean: 241.40192106021524
  median: 241.40192106021524
  min: 241.40192106021524
  num_samples: 1
  rmse: 241.40192106021524
  std: 0.0
