rot:
  max: 14.427986959361728
  mean: 3.0473212281470783
  median: 2.880863501465132
  min: 0.0006741862031264913
  num_samples: 1330
  rmse: 3.630526437858816
  std: 1.9734628317949154
scale:
  max: 11823396.453366015
  mean: 17080.318242906713
  median: 2.2820603254774197
  min: 0.013250777112849832
  num_samples: 1330
  rmse: 399061.36253399804
  std: 398695.66563509573
trans:
  max: 100.13722309038096
  mean: 46.291823082749175
  median: 50.15713366267957
  min: 0.0
  num_samples: 1330
  rmse: 57.131245750829294
  std: 33.48203035535778
