rot:
  max: 6.977310113777785
  mean: 4.100725155574822
  median: 4.162383637432601
  min: 0.00016122290739021877
  num_samples: 2095
  rmse: 4.2963571645074765
  std: 1.2816934436325162
scale:
  max: 10959.102430127547
  mean: 43.754915436277905
  median: 1.8152656821733837
  min: 0.045188729790912596
  num_samples: 2095
  rmse: 456.61023825878726
  std: 454.5089845733643
trans:
  max: 110.49893088304363
  mean: 64.08064724747187
  median: 65.2988118702763
  min: 0.0
  num_samples: 2095
  rmse: 73.25525431518415
  std: 35.49652001432509
