rot:
  max: 4.2963571645074765
  mean: 4.2963571645074765
  median: 4.2963571645074765
  min: 4.2963571645074765
  num_samples: 1
  rmse: 4.2963571645074765
  std: 0.0
scale:
  max: 456.61023825878726
  mean: 456.61023825878726
  median: 456.61023825878726
  min: 456.61023825878726
  num_samples: 1
  rmse: 456.61023825878726
  std: 0.0
trans:
  max: 73.25525431518415
  mean: 73.25525431518415
  median: 73.25525431518415
  min: 73.25525431518415
  num_samples: 1
  rmse: 73.25525431518415
  std: 0.0
