rot:
  max: 23.130001434460652
  mean: 13.529547853832563
  median: 13.777234003423048
  min: 1.1459155902616465e-14
  num_samples: 2095
  rmse: 14.669588200256337
  std: 5.669934112135224
scale:
  max: 63434.701605939736
  mean: 428.31004629343715
  median: 10.516473137898696
  min: 0.013785796801069061
  num_samples: 2095
  rmse: 3976.278765204352
  std: 3953.1434735991
trans:
  max: 456.92066400459
  mean: 236.22518601499192
  median: 233.49151326256649
  min: 0.0
  num_samples: 2095
  rmse: 273.8496830909384
  std: 138.53270524027835
