rot:
  max: 14.669588200256337
  mean: 14.669588200256337
  median: 14.669588200256337
  min: 14.669588200256337
  num_samples: 1
  rmse: 14.669588200256337
  std: 0.0
scale:
  max: 3976.278765204352
  mean: 3976.278765204352
  median: 3976.278765204352
  min: 3976.278765204352
  num_samples: 1
  rmse: 3976.278765204352
  std: 0.0
trans:
  max: 273.8496830909384
  mean: 273.8496830909384
  median: 273.8496830909384
  min: 273.8496830909384
  num_samples: 1
  rmse: 273.8496830909384
  std: 0.0
