rot:
  max: 14.792100047252834
  mean: 7.7171437409518715
  median: 8.051498606586538
  min: 0.0011563767715691445
  num_samples: 535
  rmse: 9.065028686346109
  std: 4.756094780990512
scale:
  max: 3375844.9481039
  mean: 14688.120908626277
  median: 13.044379442780784
  min: 0.03747297394489646
  num_samples: 535
  rmse: 206149.28643661586
  std: 205625.35690546402
trans:
  max: 49.807768872085056
  mean: 23.407312951914292
  median: 25.665196482965005
  min: 4.0797911805097564e-08
  num_samples: 535
  rmse: 29.241887452584695
  std: 17.526713387306117
