rot:
  max: 9.065028686346109
  mean: 9.065028686346109
  median: 9.065028686346109
  min: 9.065028686346109
  num_samples: 1
  rmse: 9.065028686346109
  std: 0.0
scale:
  max: 206149.28643661586
  mean: 206149.28643661586
  median: 206149.28643661586
  min: 206149.28643661586
  num_samples: 1
  rmse: 206149.28643661586
  std: 0.0
trans:
  max: 29.241887452584695
  mean: 29.241887452584695
  median: 29.241887452584695
  min: 29.241887452584695
  num_samples: 1
  rmse: 29.241887452584695
  std: 0.0
