rot:
  max: 42.454714807721324
  mean: 23.580993306666983
  median: 35.65151025949727
  min: 0.0
  num_samples: 772
  rmse: 30.186251817092696
  std: 18.845332404493664
scale:
  max: 215273.38923915126
  mean: 3527.764028979843
  median: 520.3155428046334
  min: 0.13072017643395162
  num_samples: 772
  rmse: 15009.881998790515
  std: 14589.429000939394
trans:
  max: 251.02223003146503
  mean: 134.24602859425417
  median: 212.64911132290138
  min: 0.0
  num_samples: 772
  rmse: 171.03801331571856
  std: 105.98115778598861
