rot:
  max: 30.186251817092696
  mean: 30.186251817092696
  median: 30.186251817092696
  min: 30.186251817092696
  num_samples: 1
  rmse: 30.186251817092696
  std: 0.0
scale:
  max: 15009.881998790515
  mean: 15009.881998790515
  median: 15009.881998790515
  min: 15009.881998790515
  num_samples: 1
  rmse: 15009.881998790515
  std: 0.0
trans:
  max: 171.03801331571856
  mean: 171.03801331571856
  median: 171.03801331571856
  min: 171.03801331571856
  num_samples: 1
  rmse: 171.03801331571856
  std: 0.0
