rot:
  max: 11.69294541415013
  mean: 6.01328761911825
  median: 4.896355185519027
  min: 0.0
  num_samples: 792
  rmse: 7.111678851987387
  std: 3.796886632961774
scale:
  max: 80473.5457920929
  mean: 279.32957591268445
  median: 6.229089409002869
  min: 0.002032357870063173
  num_samples: 792
  rmse: 3230.9978497319457
  std: 3218.9007584877318
trans:
  max: 40.46617779909675
  mean: 17.981335168427712
  median: 12.132455956243962
  min: 0.0
  num_samples: 792
  rmse: 21.944642575941952
  std: 12.579305360253759
