rot:
  max: 7.111678851987387
  mean: 7.111678851987387
  median: 7.111678851987387
  min: 7.111678851987387
  num_samples: 1
  rmse: 7.111678851987387
  std: 0.0
scale:
  max: 3230.9978497319457
  mean: 3230.9978497319457
  median: 3230.9978497319457
  min: 3230.9978497319457
  num_samples: 1
  rmse: 3230.9978497319457
  std: 0.0
trans:
  max: 21.944642575941952
  mean: 21.944642575941952
  median: 21.944642575941952
  min: 21.944642575941952
  num_samples: 1
  rmse: 21.944642575941952
  std: 0.0
