rot:
  max: 8.79514764710437
  mean: 8.79514764710437
  median: 8.79514764710437
  min: 8.79514764710437
  num_samples: 1
  rmse: 8.79514764710437
  std: 0.0
scale:
  max: 267.01524711768093
  mean: 267.01524711768093
  median: 267.01524711768093
  min: 267.01524711768093
  num_samples: 1
  rmse: 267.01524711768093
  std: 0.0
trans:
  max: 17.81473436973071
  mean: 17.81473436973071
  median: 17.81473436973071
  min: 17.81473436973071
  num_samples: 1
  rmse: 17.81473436973071
  std: 0.0
