rot:
  max: 19.343134808959977
  mean: 11.840229442299751
  median: 16.989229117771952
  min: 0.00014039785329892146
  num_samples: 772
  rmse: 13.980895041808145
  std: 7.434675038208036
scale:
  max: 45666.808377660425
  mean: 883.9727586691388
  median: 71.54289843026186
  min: 0.12671125552214946
  num_samples: 772
  rmse: 4177.480719107092
  std: 4082.8834566323812
trans:
  max: 63.32500989992895
  mean: 33.38391698517883
  median: 46.98093603318185
  min: 0.0
  num_samples: 772
  rmse: 39.55746813035558
  std: 21.22044701722342
