rot:
  max: 13.980895041808145
  mean: 13.980895041808145
  median: 13.980895041808145
  min: 13.980895041808145
  num_samples: 1
  rmse: 13.980895041808145
  std: 0.0
scale:
  max: 4177.480719107092
  mean: 4177.480719107092
  median: 4177.480719107092
  min: 4177.480719107092
  num_samples: 1
  rmse: 4177.480719107092
  std: 0.0
trans:
  max: 39.55746813035558
  mean: 39.55746813035558
  median: 39.55746813035558
  min: 39.55746813035558
  num_samples: 1
  rmse: 39.55746813035558
  std: 0.0
