rot:
  max: 10.384107949533167
  mean: 10.384107949533167
  median: 10.384107949533167
  min: 10.384107949533167
  num_samples: 1
  rmse: 10.384107949533167
  std: 0.0
scale:
  max: 206150.19709176448
  mean: 206150.19709176448
  median: 206150.19709176448
  min: 206150.19709176448
  num_samples: 1
  rmse: 206150.19709176448
  std: 0.0
trans:
  max: 34.222692993031565
  mean: 34.222692993031565
  median: 34.222692993031565
  min: 34.222692993031565
  num_samples: 1
  rmse: 34.222692993031565
  std: 0.0
