rot:
  max: 10.422500284854378
  mean: 5.157270715796648
  median: 5.429128038517118
  min: 0.00260916829651933
  num_samples: 535
  rmse: 5.803406301999243
  std: 2.6612184183322607
scale:
  max: 2560772.933327428
  mean: 8437.093060047411
  median: 14.190645892211883
  min: 0.09141584646596979
  num_samples: 535
  rmse: 126943.20379911418
  std: 126662.51399478673
trans:
  max: 59.460782731721125
  mean: 27.671364611293455
  median: 25.122323839220673
  min: 0.0
  num_samples: 535
  rmse: 36.752308550760254
  std: 24.187347195571924
