rot:
  max: 5.803406301999243
  mean: 5.803406301999243
  median: 5.803406301999243
  min: 5.803406301999243
  num_samples: 1
  rmse: 5.803406301999243
  std: 0.0
scale:
  max: 126943.20379911418
  mean: 126943.20379911418
  median: 126943.20379911418
  min: 126943.20379911418
  num_samples: 1
  rmse: 126943.20379911418
  std: 0.0
trans:
  max: 36.752308550760254
  mean: 36.752308550760254
  median: 36.752308550760254
  min: 36.752308550760254
  num_samples: 1
  rmse: 36.752308550760254
  std: 0.0
