rot:
  max: 22.074851963771025
  mean: 13.668244418232847
  median: 14.05087743053075
  min: 1.1459155902616465e-14
  num_samples: 2095
  rmse: 14.796501580819136
  std: 5.667058633420848
scale:
  max: 56118.16467598702
  mean: 382.6327472220064
  median: 12.172855532585313
  min: 0.02228669740268474
  num_samples: 2095
  rmse: 3518.245438330634
  std: 3497.376608986749
trans:
  max: 477.22937056084226
  mean: 245.86473416656267
  median: 245.31640292207473
  min: 0.0
  num_samples: 2095
  rmse: 285.10808255285554
  std: 144.35079227413803
