rot:
  max: 14.796501580819136
  mean: 14.796501580819136
  median: 14.796501580819136
  min: 14.796501580819136
  num_samples: 1
  rmse: 14.796501580819136
  std: 0.0
scale:
  max: 3518.245438330634
  mean: 3518.245438330634
  median: 3518.245438330634
  min: 3518.245438330634
  num_samples: 1
  rmse: 3518.245438330634
  std: 0.0
trans:
  max: 285.10808255285554
  mean: 285.10808255285554
  median: 285.10808255285554
  min: 285.10808255285554
  num_samples: 1
  rmse: 285.10808255285554
  std: 0.0
