rot:
  max: 23.862987405415833
  mean: 13.81592362425972
  median: 13.656437863493233
  min: 1.1459155902616465e-14
  num_samples: 2095
  rmse: 15.118671020231767
  std: 6.139582056347
scale:
  max: 62431.71272994083
  mean: 422.2590411166936
  median: 10.490231142983664
  min: 0.0028297739630422925
  num_samples: 2095
  rmse: 3912.743742171714
  std: 3889.892144275869
trans:
  max: 455.5097025703714
  mean: 235.16088640989992
  median: 232.83972461452996
  min: 0.0
  num_samples: 2095
  rmse: 273.31471230348313
  std: 139.28492188476793
