rot:
  max: 15.118671020231767
  mean: 15.118671020231767
  median: 15.118671020231767
  min: 15.118671020231767
  num_samples: 1
  rmse: 15.118671020231767
  std: 0.0
scale:
  max: 3912.743742171714
  mean: 3912.743742171714
  median: 3912.743742171714
  min: 3912.743742171714
  num_samples: 1
  rmse: 3912.743742171714
  std: 0.0
trans:
  max: 273.31471230348313
  mean: 273.31471230348313
  median: 273.31471230348313
  min: 273.31471230348313
  num_samples: 1
  rmse: 273.31471230348313
  std: 0.0
