rot:
  max: 33.18502943645058
  mean: 19.271095941943408
  median: 18.78826321157207
  min: 0.0
  num_samples: 2686
  rmse: 21.338050129850643
  std: 9.161727159244117
scale:
  max: 204203.7331833223
  mean: 699.554561085134
  median: 10.50669041449388
  min: 0.34108628569198274
  num_samples: 2686
  rmse: 5800.04890631623
  std: 5757.707072413903
trans:
  max: 473.24976221587633
  mean: 293.0801133385389
  median: 347.39946045633974
  min: 0.0
  num_samples: 2686
  rmse: 328.5732793739119
  std: 148.5410619458335
