rot:
  max: 21.338050129850643
  mean: 21.338050129850643
  median: 21.338050129850643
  min: 21.338050129850643
  num_samples: 1
  rmse: 21.338050129850643
  std: 0.0
scale:
  max: 5800.04890631623
  mean: 5800.04890631623
  median: 5800.04890631623
  min: 5800.04890631623
  num_samples: 1
  rmse: 5800.04890631623
  std: 0.0
trans:
  max: 328.5732793739119
  mean: 328.5732793739119
  median: 328.5732793739119
  min: 328.5732793739119
  num_samples: 1
  rmse: 328.5732793739119
  std: 0.0
