rot:
  max: 11.331944178110108
  mean: 5.689569851698771
  median: 5.458554426153754
  min: 0.0011563767715691445
  num_samples: 535
  rmse: 6.404297923437889
  std: 2.9400385702897296
scale:
  max: 3375844.9481039
  mean: 14592.269429755745
  median: 11.774147074273378
  min: 0.028878332896398184
  num_samples: 535
  rmse: 206147.97210008744
  std: 205630.86362184986
trans:
  max: 33.99356736097944
  mean: 16.534365720855966
  median: 22.251700160855933
  min: 4.0797911805097564e-08
  num_samples: 535
  rmse: 20.13359871312714
  std: 11.488104602162101
