rot:
  max: 6.404297923437889
  mean: 6.404297923437889
  median: 6.404297923437889
  min: 6.404297923437889
  num_samples: 1
  rmse: 6.404297923437889
  std: 0.0
scale:
  max: 206147.97210008744
  mean: 206147.97210008744
  median: 206147.97210008744
  min: 206147.97210008744
  num_samples: 1
  rmse: 206147.97210008744
  std: 0.0
trans:
  max: 20.13359871312714
  mean: 20.13359871312714
  median: 20.13359871312714
  min: 20.13359871312714
  num_samples: 1
  rmse: 20.13359871312714
  std: 0.0
