rot:
  max: 27.23127042062678
  mean: 16.465107108877184
  median: 16.509560046097533
  min: 0.0
  num_samples: 2686
  rmse: 18.210967131260237
  std: 7.780717945603911
scale:
  max: 150688.5999375034
  mean: 477.23802956201104
  median: 9.182988348020272
  min: 0.3922323656418092
  num_samples: 2686
  rmse: 4096.88808687106
  std: 4068.9969107245315
trans:
  max: 424.7609044708545
  mean: 250.24254812124283
  median: 294.46908969600304
  min: 0.0
  num_samples: 2686
  rmse: 278.7911605269948
  std: 122.89498890425133
