rot:
  max: 18.210967131260237
  mean: 18.210967131260237
  median: 18.210967131260237
  min: 18.210967131260237
  num_samples: 1
  rmse: 18.210967131260237
  std: 0.0
scale:
  max: 4096.88808687106
  mean: 4096.88808687106
  median: 4096.88808687106
  min: 4096.88808687106
  num_samples: 1
  rmse: 4096.88808687106
  std: 0.0
trans:
  max: 278.7911605269948
  mean: 278.7911605269948
  median: 278.7911605269948
  min: 278.7911605269948
  num_samples: 1
  rmse: 278.7911605269948
  std: 0.0
