rot:
  max: 176.55891405054143
  mean: 13.614254896067754
  median: 9.842017858620022
  min: 0.033718872882299765
  num_samples: 2592
  rmse: 25.355907576805368
  std: 21.39098204076641
scale:
  max: 1227981.1202201433
  mean: 603.1888795227851
  median: 8.582017832489186
  min: 0.044291526739759224
  num_samples: 2592
  rmse: 24124.500653682517
  std: 24116.958659108495
trans:
  max: 311.6449678781711
  mean: 215.54315799412623
  median: 251.64026768406188
  min: 0.0012280811202201433
  num_samples: 2592
  rmse: 233.29410042428398
  std: 89.25964561152496
