rot:
  max: 25.355907576805368
  mean: 25.355907576805368
  median: 25.355907576805368
  min: 25.355907576805368
  num_samples: 1
  rmse: 25.355907576805368
  std: 0.0
scale:
  max: 24124.500653682517
  mean: 24124.500653682517
  median: 24124.500653682517
  min: 24124.500653682517
  num_samples: 1
  rmse: 24124.500653682517
  std: 0.0
trans:
  max: 233.29410042428398
  mean: 233.29410042428398
  median: 233.29410042428398
  min: 233.29410042428398
  num_samples: 1
  rmse: 233.29410042428398
  std: 0.0
