rot:
  max: 22.042659733808613
  mean: 13.577248554903175
  median: 14.098790845988852
  min: 1.1459155902616465e-14
  num_samples: 2095
  rmse: 14.721178967306873
  std: 5.689589780103471
scale:
  max: 54608.01996069306
  mean: 370.1117507357058
  median: 10.574158901470266
  min: 0.025027124419196856
  num_samples: 2095
  rmse: 3423.3546863595557
  std: 3403.288791828764
trans:
  max: 464.18586863317273
  mean: 237.32491901124538
  median: 237.39795431478706
  min: 0.0
  num_samples: 2095
  rmse: 276.94523606146555
  std: 142.74293885669684
