rot:
  max: 14.721178967306873
  mean: 14.721178967306873
  median: 14.721178967306873
  min: 14.721178967306873
  num_samples: 1
  rmse: 14.721178967306873
  std: 0.0
scale:
  max: 3423.3546863595557
  mean: 3423.3546863595557
  median: 3423.3546863595557
  min: 3423.3546863595557
  num_samples: 1
  rmse: 3423.3546863595557
  std: 0.0
trans:
  max: 276.94523606146555
  mean: 276.94523606146555
  median: 276.94523606146555
  min: 276.94523606146555
  num_samples: 1
  rmse: 276.94523606146555
  std: 0.0
