rot:
  max: 45.26346373713557
  mean: 25.89597402038808
  median: 38.49831825667573
  min: 0.0
  num_samples: 772
  rmse: 31.509612451771638
  std: 17.951440231809464
scale:
  max: 144059.4418820617
  mean: 3616.94890010424
  median: 437.96244212823353
  min: 0.0057660566335493435
  num_samples: 772
  rmse: 14705.891087365006
  std: 14254.154248059625
trans:
  max: 290.65478623236373
  mean: 160.5302780611774
  median: 254.85704338851997
  min: 0.0
  num_samples: 772
  rmse: 201.96435557744368
  std: 122.55460313433015
