rot:
  max: 31.509612451771638
  mean: 31.509612451771638
  median: 31.509612451771638
  min: 31.509612451771638
  num_samples: 1
  rmse: 31.509612451771638
  std: 0.0
scale:
  max: 14705.891087365006
  mean: 14705.891087365006
  median: 14705.891087365006
  min: 14705.891087365006
  num_samples: 1
  rmse: 14705.891087365006
  std: 0.0
trans:
  max: 201.96435557744368
  mean: 201.96435557744368
  median: 201.96435557744368
  min: 201.96435557744368
  num_samples: 1
  rmse: 201.96435557744368
  std: 0.0
