rot:
  max: 10.377343546611613
  mean: 1.456252772491552
  median: 0.8472741101912746
  min: 0.0
  num_samples: 792
  rmse: 2.5580201173113
  std: 2.1030441705251905
scale:
  max: 95045.45683651343
  mean: 236.33132612958082
  median: 4.58719898294414
  min: 0.005113052722727218
  num_samples: 792
  rmse: 3824.159832799127
  std: 3816.8502631206375
trans:
  max: 8.60683167683176
  mean: 5.279865135389232
  median: 6.171134801032949
  min: 0.0
  num_samples: 792
  rmse: 5.742846197645482
  std: 2.2590499334703558
