rot:
  max: 114.20057816480694
  mean: 55.18400493247703
  median: 102.13030550815685
  min: 0.0006785081735415092
  num_samples: 535
  rmse: 75.22651616669226
  std: 51.12488957631071
scale:
  max: 3152900.0099882293
  mean: 17217.470500492254
  median: 89.1664025002965
  min: 0.0008069034147517584
  num_samples: 535
  rmse: 193451.74552049552
  std: 192684.03295159474
trans:
  max: 657.4722676542194
  mean: 282.35322666321457
  median: 254.68704207711673
  min: 3.8474106316268337e-08
  num_samples: 535
  rmse: 398.9382892378868
  std: 281.83047034152145
