rot:
  max: 75.22651616669226
  mean: 75.22651616669226
  median: 75.22651616669226
  min: 75.22651616669226
  num_samples: 1
  rmse: 75.22651616669226
  std: 0.0
scale:
  max: 193451.74552049552
  mean: 193451.74552049552
  median: 193451.74552049552
  min: 193451.74552049552
  num_samples: 1
  rmse: 193451.74552049552
  std: 0.0
trans:
  max: 398.9382892378868
  mean: 398.9382892378868
  median: 398.9382892378868
  min: 398.9382892378868
  num_samples: 1
  rmse: 398.9382892378868
  std: 0.0
