rot:
  max: 19.36381762442868
  mean: 19.36381762442868
  median: 19.36381762442868
  min: 19.36381762442868
  num_samples: 1
  rmse: 19.36381762442868
  std: 0.0
scale:
  max: 13887.87578868835
  mean: 13887.87578868835
  median: 13887.87578868835
  min: 13887.87578868835
  num_samples: 1
  rmse: 13887.87578868835
  std: 0.0
trans:
  max: 147.16786709967568
  mean: 147.16786709967568
  median: 147.16786709967568
  min: 147.16786709967568
  num_samples: 1
  rmse: 147.16786709967568
  std: 0.0
