rot:
  max: 18.676996068497896
  mean: 11.887801058354889
  median: 12.337000747148233
  min: 1.1459155902616465e-14
  num_samples: 2095
  rmse: 12.675898043698652
  std: 4.399838316486149
scale:
  max: 64033.37138394276
  mean: 429.16844407169896
  median: 8.502362866329216
  min: 0.006418408489472505
  num_samples: 2095
  rmse: 4061.903602854812
  std: 4039.1676525613507
trans:
  max: 389.2284312188587
  mean: 211.07569789938833
  median: 217.72008652658937
  min: 0.0
  num_samples: 2095
  rmse: 241.7483472553566
  std: 117.8529302010885
