rot:
  max: 12.675898043698652
  mean: 12.675898043698652
  median: 12.675898043698652
  min: 12.675898043698652
  num_samples: 1
  rmse: 12.675898043698652
  std: 0.0
scale:
  max: 4061.903602854812
  mean: 4061.903602854812
  median: 4061.903602854812
  min: 4061.903602854812
  num_samples: 1
  rmse: 4061.903602854812
  std: 0.0
trans:
  max: 241.7483472553566
  mean: 241.7483472553566
  median: 241.7483472553566
  min: 241.7483472553566
  num_samples: 1
  rmse: 241.7483472553566
  std: 0.0
