rot:
  max: 35.52662242697069
  mean: 15.714534266420594
  median: 10.725456149485765
  min: 0.0007801794054116189
  num_samples: 1101
  rmse: 19.58760310319069
  std: 11.693058116575768
scale:
  max: 1075.4229903930348
  mean: 9.771034624501707
  median: 4.251236824933291
  min: 0.004406005754686859
  num_samples: 1101
  rmse: 44.36829979253658
  std: 43.27901233678042
trans:
  max: 323.0163802362563
  mean: 134.28842350278782
  median: 119.05379254459653
  min: 1.2476799491734092e-08
  num_samples: 1101
  rmse: 169.73190414417337
  std: 103.80529176079008
