rot:
  max: 19.58760310319069
  mean: 19.58760310319069
  median: 19.58760310319069
  min: 19.58760310319069
  num_samples: 1
  rmse: 19.58760310319069
  std: 0.0
scale:
  max: 44.36829979253658
  mean: 44.36829979253658
  median: 44.36829979253658
  min: 44.36829979253658
  num_samples: 1
  rmse: 44.36829979253658
  std: 0.0
trans:
  max: 169.73190414417337
  mean: 169.73190414417337
  median: 169.73190414417337
  min: 169.73190414417337
  num_samples: 1
  rmse: 169.73190414417337
  std: 0.0
