rot:
  max: 5.451808329148554
  mean: 2.507041410978088
  median: 1.5440732996364321
  min: 0.0009567088262881138
  num_samples: 550
  rmse: 3.218164521598951
  std: 2.01775277269521
scale:
  max: 11058.426937442584
  mean: 230.28022382299517
  median: 10.955005285699539
  min: 0.07453836294384342
  num_samples: 550
  rmse: 1179.3121932471838
  std: 1156.6106811099032
trans:
  max: 21.95797431049205
  mean: 10.74989337538364
  median: 14.21943936063439
  min: 3.8837905883431656e-07
  num_samples: 550
  rmse: 13.14503346552049
  std: 7.565163397279435
