rot:
  max: 3.218164521598951
  mean: 3.218164521598951
  median: 3.218164521598951
  min: 3.218164521598951
  num_samples: 1
  rmse: 3.218164521598951
  std: 0.0
scale:
  max: 1179.3121932471838
  mean: 1179.3121932471838
  median: 1179.3121932471838
  min: 1179.3121932471838
  num_samples: 1
  rmse: 1179.3121932471838
  std: 0.0
trans:
  max: 13.14503346552049
  mean: 13.14503346552049
  median: 13.14503346552049
  min: 13.14503346552049
  num_samples: 1
  rmse: 13.14503346552049
  std: 0.0
