rot:
  max: 11.557614872498434
  mean: 5.9816022955883215
  median: 5.534318914476421
  min: 0.0006785081735415092
  num_samples: 535
  rmse: 7.095403384808401
  std: 3.816435925122159
scale:
  max: 3152900.0099882293
  mean: 13628.992836347836
  median: 9.20790425362441
  min: 0.012997391728741814
  num_samples: 535
  rmse: 192945.54659837196
  std: 192463.5926777096
trans:
  max: 33.260792686786424
  mean: 15.324741193595074
  median: 17.922397877124684
  min: 3.8474106316268337e-08
  num_samples: 535
  rmse: 19.396347944753746
  std: 11.8899378023303
