rot:
  max: 7.095403384808401
  mean: 7.095403384808401
  median: 7.095403384808401
  min: 7.095403384808401
  num_samples: 1
  rmse: 7.095403384808401
  std: 0.0
scale:
  max: 192945.54659837196
  mean: 192945.54659837196
  median: 192945.54659837196
  min: 192945.54659837196
  num_samples: 1
  rmse: 192945.54659837196
  std: 0.0
trans:
  max: 19.396347944753746
  mean: 19.396347944753746
  median: 19.396347944753746
  min: 19.396347944753746
  num_samples: 1
  rmse: 19.396347944753746
  std: 0.0
