rot:
  max: 37.122809452375364
  mean: 17.97527145330391
  median: 15.02657880621182
  min: 0.00212969360678017
  num_samples: 1330
  rmse: 21.716776046709388
  std: 12.18638494562551
scale:
  max: 22860247.76116573
  mean: 29154.691864997214
  median: 7.648374845290961
  min: 0.020600467495035524
  num_samples: 1330
  rmse: 716987.819168763
  std: 716394.8190618327
trans:
  max: 511.59664620226215
  mean: 153.69700829150997
  median: 117.32988302367595
  min: 9.938361130639345e-08
  num_samples: 1330
  rmse: 209.80965673561548
  std: 142.81919234387345
