rot:
  max: 21.716776046709388
  mean: 21.716776046709388
  median: 21.716776046709388
  min: 21.716776046709388
  num_samples: 1
  rmse: 21.716776046709388
  std: 0.0
scale:
  max: 716987.819168763
  mean: 716987.819168763
  median: 716987.819168763
  min: 716987.819168763
  num_samples: 1
  rmse: 716987.819168763
  std: 0.0
trans:
  max: 209.80965673561548
  mean: 209.80965673561548
  median: 209.80965673561548
  min: 209.80965673561548
  num_samples: 1
  rmse: 209.80965673561548
  std: 0.0
