rot:
  max: 2.86024453077647
  mean: 0.9518196385119853
  median: 0.8118366272571799
  min: 0.0004746431245258161
  num_samples: 1101
  rmse: 1.1862207968287126
  std: 0.7079259527463729
scale:
  max: 13823.080277924504
  mean: 36.04506410898805
  median: 1.807476797406249
  min: 0.03019511636801475
  num_samples: 1101
  rmse: 604.3739345487493
  std: 603.2981071703398
trans:
  max: 33.28466153431404
  mean: 17.14079953947502
  median: 17.65388904369745
  min: 0.0
  num_samples: 1101
  rmse: 20.062044792977552
  std: 10.424904432318357
