rot:
  max: 1.1862207968287126
  mean: 1.1862207968287126
  median: 1.1862207968287126
  min: 1.1862207968287126
  num_samples: 1
  rmse: 1.1862207968287126
  std: 0.0
scale:
  max: 604.3739345487493
  mean: 604.3739345487493
  median: 604.3739345487493
  min: 604.3739345487493
  num_samples: 1
  rmse: 604.3739345487493
  std: 0.0
trans:
  max: 20.062044792977552
  mean: 20.062044792977552
  median: 20.062044792977552
  min: 20.062044792977552
  num_samples: 1
  rmse: 20.062044792977552
  std: 0.0
