rot:
  max: 176.06241637089082
  mean: 11.228794513215226
  median: 9.249933820714677
  min: 0.006610887093053061
  num_samples: 2592
  rmse: 20.15915117712648
  std: 16.74232809265866
scale:
  max: 1227967.965611622
  mean: 527.4812844774165
  median: 6.594883609946001
  min: 0.00016454314127889447
  num_samples: 2592
  rmse: 24120.327079679497
  std: 24114.55871305229
trans:
  max: 249.6610928687183
  mean: 144.6363324260639
  median: 170.4254339553749
  min: 0.001228067965611622
  num_samples: 2592
  rmse: 160.39247934241754
  std: 69.32588817999358
