rot:
  max: 20.15915117712648
  mean: 20.15915117712648
  median: 20.15915117712648
  min: 20.15915117712648
  num_samples: 1
  rmse: 20.15915117712648
  std: 0.0
scale:
  max: 24120.327079679497
  mean: 24120.327079679497
  median: 24120.327079679497
  min: 24120.327079679497
  num_samples: 1
  rmse: 24120.327079679497
  std: 0.0
trans:
  max: 160.39247934241754
  mean: 160.39247934241754
  median: 160.39247934241754
  min: 160.39247934241754
  num_samples: 1
  rmse: 160.39247934241754
  std: 0.0
