rot:
  max: 9.47524114032865
  mean: 4.122973242128246
  median: 4.030112569048971
  min: 0.0
  num_samples: 2078
  rmse: 4.26957218326337
  std: 1.1092061453088162
scale:
  max: 23178.020255030002
  mean: 162.3234234487767
  median: 2.737912565762879
  min: 0.10035993691628331
  num_samples: 2078
  rmse: 1504.7954463250342
  std: 1496.0148533622346
trans:
  max: 142.10553981791074
  mean: 84.78538015938847
  median: 91.3165669185375
  min: 0.0
  num_samples: 2078
  rmse: 93.84752142138487
  std: 40.23427131395907
