rot:
  max: 4.26957218326337
  mean: 4.26957218326337
  median: 4.26957218326337
  min: 4.26957218326337
  num_samples: 1
  rmse: 4.26957218326337
  std: 0.0
scale:
  max: 1504.7954463250342
  mean: 1504.7954463250342
  median: 1504.7954463250342
  min: 1504.7954463250342
  num_samples: 1
  rmse: 1504.7954463250342
  std: 0.0
trans:
  max: 93.84752142138487
  mean: 93.84752142138487
  median: 93.84752142138487
  min: 93.84752142138487
  num_samples: 1
  rmse: 93.84752142138487
  std: 0.0
