rot:
  max: 14.033237439639096
  mean: 3.2911582963292187
  median: 3.3403552765042566
  min: 0.0006741862031264913
  num_samples: 1330
  rmse: 3.7899870991306974
  std: 1.8794358941130374
scale:
  max: 11823396.453366015
  mean: 17074.639460413837
  median: 2.301574933529038
  min: 0.0005856181884977829
  num_samples: 1330
  rmse: 399061.35382549744
  std: 398695.9001599286
trans:
  max: 106.01189680497207
  mean: 40.28107315591575
  median: 46.50509296617133
  min: 0.0
  num_samples: 1330
  rmse: 49.3076112397276
  std: 28.437223345043293
