rot:
  max: 3.7899870991306974
  mean: 3.7899870991306974
  median: 3.7899870991306974
  min: 3.7899870991306974
  num_samples: 1
  rmse: 3.7899870991306974
  std: 0.0
scale:
  max: 399061.35382549744
  mean: 399061.35382549744
  median: 399061.35382549744
  min: 399061.35382549744
  num_samples: 1
  rmse: 399061.35382549744
  std: 0.0
trans:
  max: 49.3076112397276
  mean: 49.3076112397276
  median: 49.3076112397276
  min: 49.3076112397276
  num_samples: 1
  rmse: 49.3076112397276
  std: 0.0
