rot:
  max: 25.363242770954074
  mean: 15.242686019801098
  median: 15.095856463763376
  min: 1.1459155902616465e-14
  num_samples: 2095
  rmse: 16.57024986398359
  std: 6.498746298833979
scale:
  max: 129518.30473009197
  mean: 864.6918868469648
  median: 10.230378155542951
  min: 0.009412821243948155
  num_samples: 2095
  rmse: 8218.237873956587
  std: 8172.621470113217
trans:
  max: 474.0685307076317
  mean: 272.35129431250164
  median: 335.6381243111748
  min: 0.0
  num_samples: 2095
  rmse: 317.7834331727491
  std: 163.74090168728213
