rot:
  max: 16.57024986398359
  mean: 16.57024986398359
  median: 16.57024986398359
  min: 16.57024986398359
  num_samples: 1
  rmse: 16.57024986398359
  std: 0.0
scale:
  max: 8218.237873956587
  mean: 8218.237873956587
  median: 8218.237873956587
  min: 8218.237873956587
  num_samples: 1
  rmse: 8218.237873956587
  std: 0.0
trans:
  max: 317.7834331727491
  mean: 317.7834331727491
  median: 317.7834331727491
  min: 317.7834331727491
  num_samples: 1
  rmse: 317.7834331727491
  std: 0.0
