rot:
  max: 121.19941951231353
  mean: 11.54189648896415
  median: 9.221484541759494
  min: 0.006610887093053061
  num_samples: 2592
  rmse: 20.06050170539155
  std: 16.407570024536064
scale:
  max: 1227967.965611622
  mean: 549.2771712144875
  median: 6.783246750472738
  min: 0.14369642574793007
  num_samples: 2592
  rmse: 24121.02590175556
  std: 24114.771098692694
trans:
  max: 244.5620777414748
  mean: 144.83633638795442
  median: 170.01399857561023
  min: 0.001228067965611622
  num_samples: 2592
  rmse: 160.0742305607461
  std: 68.16300280452887
