rot:
  max: 20.06050170539155
  mean: 20.06050170539155
  median: 20.06050170539155
  min: 20.06050170539155
  num_samples: 1
  rmse: 20.06050170539155
  std: 0.0
scale:
  max: 24121.02590175556
  mean: 24121.02590175556
  median: 24121.02590175556
  min: 24121.02590175556
  num_samples: 1
  rmse: 24121.02590175556
  std: 0.0
trans:
  max: 160.0742305607461
  mean: 160.0742305607461
  median: 160.0742305607461
  min: 160.0742305607461
  num_samples: 1
  rmse: 160.0742305607461
  std: 0.0
