rot:
  max: 10.249064814880152
  mean: 4.734395312593773
  median: 4.744215836354084
  min: 0.0023198233863703107
  num_samples: 2095
  rmse: 4.893506289410797
  std: 1.2377014295027398
scale:
  max: 32037.13086895213
  mean: 209.46487580709598
  median: 2.570849038046741
  min: 0.044039314547283936
  num_samples: 2095
  rmse: 2029.7433674797662
  std: 2018.9062889671773
trans:
  max: 163.00433965995398
  mean: 94.4302105528619
  median: 106.29607612339386
  min: 0.0
  num_samples: 2095
  rmse: 106.11478415665971
  std: 48.407465865883225
