rot:
  max: 4.893506289410797
  mean: 4.893506289410797
  median: 4.893506289410797
  min: 4.893506289410797
  num_samples: 1
  rmse: 4.893506289410797
  std: 0.0
scale:
  max: 2029.7433674797662
  mean: 2029.7433674797662
  median: 2029.7433674797662
  min: 2029.7433674797662
  num_samples: 1
  rmse: 2029.7433674797662
  std: 0.0
trans:
  max: 106.11478415665971
  mean: 106.11478415665971
  median: 106.11478415665971
  min: 106.11478415665971
  num_samples: 1
  rmse: 106.11478415665971
  std: 0.0
