rot:
  max: 4.106621934737182
  mean: 1.4824220258471257
  median: 0.596080737926082
  min: 5.109599479759417e-05
  num_samples: 1330
  rmse: 2.0726573640366652
  std: 1.4485625585312913
scale:
  max: 2176276.0445006993
  mean: 2829.30457097129
  median: 3.248525584982831
  min: 0.07436431409115762
  num_samples: 1330
  rmse: 68765.49363829086
  std: 68707.26417899714
trans:
  max: 51.93653357084862
  mean: 18.312161144421026
  median: 14.967061146200143
  min: 0.0
  num_samples: 1330
  rmse: 21.859763747897276
  std: 11.9379238284821
