rot:
  max: 2.0726573640366652
  mean: 2.0726573640366652
  median: 2.0726573640366652
  min: 2.0726573640366652
  num_samples: 1
  rmse: 2.0726573640366652
  std: 0.0
scale:
  max: 68765.49363829086
  mean: 68765.49363829086
  median: 68765.49363829086
  min: 68765.49363829086
  num_samples: 1
  rmse: 68765.49363829086
  std: 0.0
trans:
  max: 21.859763747897276
  mean: 21.859763747897276
  median: 21.859763747897276
  min: 21.859763747897276
  num_samples: 1
  rmse: 21.859763747897276
  std: 0.0
