rot:
  max: 15.1826704164475
  mean: 7.640213043641737
  median: 5.9417671313294695
  min: 0.0007801794054116189
  num_samples: 1101
  rmse: 8.93830655022644
  std: 4.639015912193825
scale:
  max: 1079.4800613598993
  mean: 6.463337034224923
  median: 2.8074413386497854
  min: 0.00817198886478021
  num_samples: 1101
  rmse: 43.04730821867245
  std: 42.55932352910935
trans:
  max: 158.0485318298432
  mean: 67.40325109908396
  median: 68.14032153888932
  min: 1.2476799491734092e-08
  num_samples: 1101
  rmse: 82.93646742463145
  std: 48.32452141667612
