rot:
  max: 8.93830655022644
  mean: 8.93830655022644
  median: 8.93830655022644
  min: 8.93830655022644
  num_samples: 1
  rmse: 8.93830655022644
  std: 0.0
scale:
  max: 43.04730821867245
  mean: 43.04730821867245
  median: 43.04730821867245
  min: 43.04730821867245
  num_samples: 1
  rmse: 43.04730821867245
  std: 0.0
trans:
  max: 82.93646742463145
  mean: 82.93646742463145
  median: 82.93646742463145
  min: 82.93646742463145
  num_samples: 1
  rmse: 82.93646742463145
  std: 0.0
