rot:
  max: 11.983249369905316
  mean: 5.440426096850008
  median: 5.294559058539626
  min: 0.0023198233863703107
  num_samples: 2095
  rmse: 5.708501690904802
  std: 1.7288017352421772
scale:
  max: 32856.59205242641
  mean: 212.42321302844226
  median: 2.0246822772550077
  min: 0.0029776269041104086
  num_samples: 2095
  rmse: 2080.813649470313
  std: 2069.942468376509
trans:
  max: 158.38656157716593
  mean: 91.05484909697967
  median: 107.58990794624373
  min: 0.0
  num_samples: 2095
  rmse: 101.79444090936568
  std: 45.50958861576979
