rot:
  max: 5.708501690904802
  mean: 5.708501690904802
  median: 5.708501690904802
  min: 5.708501690904802
  num_samples: 1
  rmse: 5.708501690904802
  std: 0.0
scale:
  max: 2080.813649470313
  mean: 2080.813649470313
  median: 2080.813649470313
  min: 2080.813649470313
  num_samples: 1
  rmse: 2080.813649470313
  std: 0.0
trans:
  max: 101.79444090936568
  mean: 101.79444090936568
  median: 101.79444090936568
  min: 101.79444090936568
  num_samples: 1
  rmse: 101.79444090936568
  std: 0.0
