rot:
  max: 14.408734870743254
  mean: 7.486308601149074
  median: 6.593608132444547
  min: 7.086838992591431e-05
  num_samples: 1311
  rmse: 9.060834595912784
  std: 5.104302802817576
scale:
  max: 2109.7252416991714
  mean: 18.563142851875774
  median: 3.90555279486251
  min: 0.0021532255412903822
  num_samples: 1311
  rmse: 107.85595241250576
  std: 106.24648793381152
trans:
  max: 208.05977070668453
  mean: 65.9973028424995
  median: 47.631692658351945
  min: 5.698150040880972e-08
  num_samples: 1311
  rmse: 89.02897284678988
  std: 59.75377832128992
