rot:
  max: 9.060834595912784
  mean: 9.060834595912784
  median: 9.060834595912784
  min: 9.060834595912784
  num_samples: 1
  rmse: 9.060834595912784
  std: 0.0
scale:
  max: 107.85595241250576
  mean: 107.85595241250576
  median: 107.85595241250576
  min: 107.85595241250576
  num_samples: 1
  rmse: 107.85595241250576
  std: 0.0
trans:
  max: 89.02897284678988
  mean: 89.02897284678988
  median: 89.02897284678988
  min: 89.02897284678988
  num_samples: 1
  rmse: 89.02897284678988
  std: 0.0
