rot:
  max: 18.631400689308737
  mean: 10.289615024364219
  median: 8.522942547855973
  min: 0.0016653275185080497
  num_samples: 1101
  rmse: 11.45447698177004
  std: 5.032779110618486
scale:
  max: 288.19372804930293
  mean: 6.72242871949555
  median: 3.367517757734362
  min: 0.010398686094292842
  num_samples: 1101
  rmse: 24.327348468225257
  std: 23.380094858784535
trans:
  max: 220.55724917748503
  mean: 96.55297890215581
  median: 97.10229650029444
  min: 9.29184417226616e-08
  num_samples: 1101
  rmse: 117.10975486347087
  std: 66.27380288848748
