rot:
  max: 3.2510845181563375
  mean: 0.7381353759284536
  median: 0.42922968436236886
  min: 0.0004746431245258161
  num_samples: 1101
  rmse: 1.1494772188138351
  std: 0.8811662972305228
scale:
  max: 13900.967251066473
  mean: 36.43608502844114
  median: 1.9918386238056307
  min: 0.011494485916130337
  num_samples: 1101
  rmse: 607.2430478901704
  std: 606.1489346016737
trans:
  max: 34.508928384588444
  mean: 17.037225288398513
  median: 16.98651644876305
  min: 0.0
  num_samples: 1101
  rmse: 20.024317048878817
  std: 10.521702701862145
