rot:
  max: 1.1494772188138351
  mean: 1.1494772188138351
  median: 1.1494772188138351
  min: 1.1494772188138351
  num_samples: 1
  rmse: 1.1494772188138351
  std: 0.0
scale:
  max: 607.2430478901704
  mean: 607.2430478901704
  median: 607.2430478901704
  min: 607.2430478901704
  num_samples: 1
  rmse: 607.2430478901704
  std: 0.0
trans:
  max: 20.024317048878817
  mean: 20.024317048878817
  median: 20.024317048878817
  min: 20.024317048878817
  num_samples: 1
  rmse: 20.024317048878817
  std: 0.0
