rot:
  max: 17.014197123991583
  mean: 7.38345193621946
  median: 5.054808498663558
  min: 0.0
  num_samples: 792
  rmse: 8.79514764710437
  std: 4.7790437997472495
scale:
  max: 3240.4982161282533
  mean: 78.42028018153206
  median: 5.402513150379362
  min: 0.004848521338285394
  num_samples: 792
  rmse: 267.01524711768093
  std: 255.23989078818815
trans:
  max: 32.540332890111586
  mean: 15.742175687483966
  median: 16.92555222615215
  min: 0.0
  num_samples: 792
  rmse: 17.81473436973071
  std: 8.339584239544163
