rot:
  max: 14.00982935069612
  mean: 7.641713670743311
  median: 8.942998740142997
  min: 0.0
  num_samples: 772
  rmse: 8.957408992330128
  std: 4.673263103041756
scale:
  max: 24634.722806107526
  mean: 460.6789079447732
  median: 20.408363507908852
  min: 0.06664914910261555
  num_samples: 772
  rmse: 2250.327204455307
  std: 2202.668261651411
trans:
  max: 27.997193443457082
  mean: 13.636530708402518
  median: 14.147891717082757
  min: 0.0
  num_samples: 772
  rmse: 15.922410249541638
  std: 8.219986520275063
