rot:
  max: 3.6583343460444073
  mean: 0.8907787030836591
  median: 0.38545492357146444
  min: 7.752069910185786e-05
  num_samples: 1101
  rmse: 1.387361308123081
  std: 1.063618682333843
scale:
  max: 13823.080277924504
  mean: 36.27827602972656
  median: 2.1525869048505397
  min: 0.009995903257875582
  num_samples: 1101
  rmse: 604.3747344469464
  std: 603.2849296361778
trans:
  max: 37.448795490683544
  mean: 17.525539783900115
  median: 17.189804255806557
  min: 0.0
  num_samples: 1101
  rmse: 20.467718016058367
  std: 10.572744963717538
