rot:
  max: 1.387361308123081
  mean: 1.387361308123081
  median: 1.387361308123081
  min: 1.387361308123081
  num_samples: 1
  rmse: 1.387361308123081
  std: 0.0
scale:
  max: 604.3747344469464
  mean: 604.3747344469464
  median: 604.3747344469464
  min: 604.3747344469464
  num_samples: 1
  rmse: 604.3747344469464
  std: 0.0
trans:
  max: 20.467718016058367
  mean: 20.467718016058367
  median: 20.467718016058367
  min: 20.467718016058367
  num_samples: 1
  rmse: 20.467718016058367
  std: 0.0
