rot:
  max: 4.235969332177427
  mean: 1.213093248421916
  median: 0.8073065129140514
  min: 0.00023829022057807804
  num_samples: 1082
  rmse: 1.6855712784155246
  std: 1.1702800114726855
scale:
  max: 1223990.324484149
  mean: 1133.247141168784
  median: 1.9341561179258782
  min: 0.0140149688213409
  num_samples: 1082
  rmse: 37210.4015576088
  std: 37193.14096705907
trans:
  max: 40.38565732191231
  mean: 17.638953027961488
  median: 16.625239864021637
  min: 0.0
  num_samples: 1082
  rmse: 21.41721760818111
  std: 12.147614833931447
