rot:
  max: 1.6855712784155246
  mean: 1.6855712784155246
  median: 1.6855712784155246
  min: 1.6855712784155246
  num_samples: 1
  rmse: 1.6855712784155246
  std: 0.0
scale:
  max: 37210.4015576088
  mean: 37210.4015576088
  median: 37210.4015576088
  min: 37210.4015576088
  num_samples: 1
  rmse: 37210.4015576088
  std: 0.0
trans:
  max: 21.41721760818111
  mean: 21.41721760818111
  median: 21.41721760818111
  min: 21.41721760818111
  num_samples: 1
  rmse: 21.41721760818111
  std: 0.0
