rot:
  max: 42.239142135254596
  mean: 24.21183751311327
  median: 36.01522966500181
  min: 0.00014039785329892146
  num_samples: 772
  rmse: 29.75607336028282
  std: 17.297711584517007
scale:
  max: 244572.40030152202
  mean: 4251.603538522329
  median: 606.1702626880149
  min: 0.008943078532397397
  num_samples: 772
  rmse: 17723.189087971736
  std: 17205.67635401831
trans:
  max: 282.2500817342202
  mean: 156.55455652264172
  median: 247.66951682452725
  min: 0.0
  num_samples: 772
  rmse: 197.1984083804984
  std: 119.90781083732954
