rot:
  max: 29.75607336028282
  mean: 29.75607336028282
  median: 29.75607336028282
  min: 29.75607336028282
  num_samples: 1
  rmse: 29.75607336028282
  std: 0.0
scale:
  max: 17723.189087971736
  mean: 17723.189087971736
  median: 17723.189087971736
  min: 17723.189087971736
  num_samples: 1
  rmse: 17723.189087971736
  std: 0.0
trans:
  max: 197.1984083804984
  mean: 197.1984083804984
  median: 197.1984083804984
  min: 197.1984083804984
  num_samples: 1
  rmse: 197.1984083804984
  std: 0.0
