rot:
  max: 78.5676866395785
  mean: 46.20776788974221
  median: 73.5587898471448
  min: 0.00014039785329892146
  num_samples: 772
  rmse: 58.28592587049503
  std: 35.52592491728469
scale:
  max: 418443.6719081622
  mean: 7027.981015674957
  median: 1013.7335765792537
  min: 0.05578910773174073
  num_samples: 772
  rmse: 29496.791544756987
  std: 28647.306928892278
trans:
  max: 483.3425159781827
  mean: 262.3267323613769
  median: 415.6703337353689
  min: 0.0
  num_samples: 772
  rmse: 333.16304155148686
  std: 205.38329470636182
