rot:
  max: 58.28592587049503
  mean: 58.28592587049503
  median: 58.28592587049503
  min: 58.28592587049503
  num_samples: 1
  rmse: 58.28592587049503
  std: 0.0
scale:
  max: 29496.791544756987
  mean: 29496.791544756987
  median: 29496.791544756987
  min: 29496.791544756987
  num_samples: 1
  rmse: 29496.791544756987
  std: 0.0
trans:
  max: 333.16304155148686
  mean: 333.16304155148686
  median: 333.16304155148686
  min: 333.16304155148686
  num_samples: 1
  rmse: 333.16304155148686
  std: 0.0
