rot:
  max: 9.999280478994677
  mean: 3.189919126198182
  median: 3.1694106128666126
  min: 0.0
  num_samples: 792
  rmse: 3.407252941104918
  std: 1.1974091084433678
scale:
  max: 2511.636498718917
  mean: 65.29230764013658
  median: 7.578851461169911
  min: 0.00742669746263136
  num_samples: 792
  rmse: 222.82071217886562
  std: 213.03986560952066
trans:
  max: 24.08264467596342
  mean: 14.528389071950798
  median: 17.07733945228734
  min: 0.0
  num_samples: 792
  rmse: 16.064431394650335
  std: 6.85506141529366
