rot:
  max: 3.407252941104918
  mean: 3.407252941104918
  median: 3.407252941104918
  min: 3.407252941104918
  num_samples: 1
  rmse: 3.407252941104918
  std: 0.0
scale:
  max: 222.82071217886562
  mean: 222.82071217886562
  median: 222.82071217886562
  min: 222.82071217886562
  num_samples: 1
  rmse: 222.82071217886562
  std: 0.0
trans:
  max: 16.064431394650335
  mean: 16.064431394650335
  median: 16.064431394650335
  min: 16.064431394650335
  num_samples: 1
  rmse: 16.064431394650335
  std: 0.0
