rot:
  max: 38.60999748352221
  mean: 21.559501461015763
  median: 32.25799927127781
  min: 0.00014039785329892146
  num_samples: 772
  rmse: 26.717645016409023
  std: 15.780381870389103
scale:
  max: 218220.8966812974
  mean: 3829.8922041889855
  median: 542.4937992261758
  min: 0.022665820529765845
  num_samples: 772
  rmse: 15978.748398896167
  std: 15512.972832423811
trans:
  max: 252.3792117335433
  mean: 139.56417667609713
  median: 221.68495629837759
  min: 0.0
  num_samples: 772
  rmse: 176.3126983963028
  std: 107.740466884587
