rot:
  max: 26.717645016409023
  mean: 26.717645016409023
  median: 26.717645016409023
  min: 26.717645016409023
  num_samples: 1
  rmse: 26.717645016409023
  std: 0.0
scale:
  max: 15978.748398896167
  mean: 15978.748398896167
  median: 15978.748398896167
  min: 15978.748398896167
  num_samples: 1
  rmse: 15978.748398896167
  std: 0.0
trans:
  max: 176.3126983963028
  mean: 176.3126983963028
  median: 176.3126983963028
  min: 176.3126983963028
  num_samples: 1
  rmse: 176.3126983963028
  std: 0.0
