rot:
  max: 23.98475281237693
  mean: 13.883024732385314
  median: 13.658751009144346
  min: 1.1459155902616465e-14
  num_samples: 2095
  rmse: 15.172829408551037
  std: 6.121795205735729
scale:
  max: 67622.93994491264
  mean: 456.02062097193107
  median: 10.484446730387686
  min: 0.013819665561820571
  num_samples: 2095
  rmse: 4236.420862112035
  std: 4211.80565959381
trans:
  max: 453.8773975059657
  mean: 236.33136028001786
  median: 231.42319350751742
  min: 0.0
  num_samples: 2095
  rmse: 273.41650643443063
  std: 137.49208755054028
