rot:
  max: 15.172829408551037
  mean: 15.172829408551037
  median: 15.172829408551037
  min: 15.172829408551037
  num_samples: 1
  rmse: 15.172829408551037
  std: 0.0
scale:
  max: 4236.420862112035
  mean: 4236.420862112035
  median: 4236.420862112035
  min: 4236.420862112035
  num_samples: 1
  rmse: 4236.420862112035
  std: 0.0
trans:
  max: 273.41650643443063
  mean: 273.41650643443063
  median: 273.41650643443063
  min: 273.41650643443063
  num_samples: 1
  rmse: 273.41650643443063
  std: 0.0
