rot:
  max: 24.07176352100834
  mean: 24.07176352100834
  median: 24.07176352100834
  min: 24.07176352100834
  num_samples: 1
  rmse: 24.07176352100834
  std: 0.0
scale:
  max: 24121.114621631892
  mean: 24121.114621631892
  median: 24121.114621631892
  min: 24121.114621631892
  num_samples: 1
  rmse: 24121.114621631892
  std: 0.0
trans:
  max: 155.6757075514932
  mean: 155.6757075514932
  median: 155.6757075514932
  min: 155.6757075514932
  num_samples: 1
  rmse: 155.6757075514932
  std: 0.0
