rot:
  max: 93.64842659803969
  mean: 49.66547681797928
  median: 68.75959117797913
  min: 0.0
  num_samples: 772
  rmse: 62.848174261507445
  std: 38.51276957643489
scale:
  max: 182774.78644747633
  mean: 4660.314492281583
  median: 730.0809906576266
  min: 0.0098985249053829
  num_samples: 772
  rmse: 18641.404828917395
  std: 18049.47209279582
trans:
  max: 375.49849498484645
  mean: 193.25205549834985
  median: 299.98180572181326
  min: 0.0
  num_samples: 772
  rmse: 245.88123955754816
  std: 152.0237712070685
