rot:
  max: 62.848174261507445
  mean: 62.848174261507445
  median: 62.848174261507445
  min: 62.848174261507445
  num_samples: 1
  rmse: 62.848174261507445
  std: 0.0
scale:
  max: 18641.404828917395
  mean: 18641.404828917395
  median: 18641.404828917395
  min: 18641.404828917395
  num_samples: 1
  rmse: 18641.404828917395
  std: 0.0
trans:
  max: 245.88123955754816
  mean: 245.88123955754816
  median: 245.88123955754816
  min: 245.88123955754816
  num_samples: 1
  rmse: 245.88123955754816
  std: 0.0
