rot:
  max: 22.414387094789817
  mean: 13.779008877757258
  median: 14.005881551908299
  min: 1.1459155902616465e-14
  num_samples: 2095
  rmse: 14.919708103393214
  std: 5.721591058188605
scale:
  max: 63996.78993690999
  mean: 431.7608288790795
  median: 10.61267413227971
  min: 0.04017781066183446
  num_samples: 2095
  rmse: 4009.1824288461175
  std: 3985.865819920949
trans:
  max: 463.54756887441414
  mean: 240.08183800266247
  median: 238.2097863714955
  min: 0.0
  num_samples: 2095
  rmse: 278.0810389515949
  std: 140.3202597120664
