rot:
  max: 14.919708103393214
  mean: 14.919708103393214
  median: 14.919708103393214
  min: 14.919708103393214
  num_samples: 1
  rmse: 14.919708103393214
  std: 0.0
scale:
  max: 4009.1824288461175
  mean: 4009.1824288461175
  median: 4009.1824288461175
  min: 4009.1824288461175
  num_samples: 1
  rmse: 4009.1824288461175
  std: 0.0
trans:
  max: 278.0810389515949
  mean: 278.0810389515949
  median: 278.0810389515949
  min: 278.0810389515949
  num_samples: 1
  rmse: 278.0810389515949
  std: 0.0
