rot:
  max: 12.696323031618597
  mean: 3.210753079344816
  median: 2.9971373001307056
  min: 0.0006741862031264913
  num_samples: 1330
  rmse: 3.7506350370317327
  std: 1.9386407208371048
scale:
  max: 11067323.458916644
  mean: 16324.11837550344
  median: 2.0298250848865274
  min: 6.97138899496963e-05
  num_samples: 1330
  rmse: 378768.61433569045
  std: 378416.6835183692
trans:
  max: 75.8851156279715
  mean: 38.839334273463486
  median: 38.710182832393016
  min: 0.0
  num_samples: 1330
  rmse: 46.924708190917364
  std: 26.333141703885456
