rot:
  max: 3.7506350370317327
  mean: 3.7506350370317327
  median: 3.7506350370317327
  min: 3.7506350370317327
  num_samples: 1
  rmse: 3.7506350370317327
  std: 0.0
scale:
  max: 378768.61433569045
  mean: 378768.61433569045
  median: 378768.61433569045
  min: 378768.61433569045
  num_samples: 1
  rmse: 378768.61433569045
  std: 0.0
trans:
  max: 46.924708190917364
  mean: 46.924708190917364
  median: 46.924708190917364
  min: 46.924708190917364
  num_samples: 1
  rmse: 46.924708190917364
  std: 0.0
