rot:
  max: 177.4058102963208
  mean: 8.771353046773289
  median: 6.113175218351231
  min: 0.03371887288229111
  num_samples: 2592
  rmse: 20.101361421569433
  std: 18.08668285588656
scale:
  max: 1227981.1363360449
  mean: 646.4075426650985
  median: 4.110281655500325
  min: 0.05496310671846416
  num_samples: 2592
  rmse: 24129.419790083055
  std: 24120.759869764424
trans:
  max: 419.20332018206784
  mean: 243.06465397951072
  median: 257.18716448600105
  min: 0.001228081136336045
  num_samples: 2592
  rmse: 266.0519170157598
  std: 108.18131323653567
