rot:
  max: 20.101361421569433
  mean: 20.101361421569433
  median: 20.101361421569433
  min: 20.101361421569433
  num_samples: 1
  rmse: 20.101361421569433
  std: 0.0
scale:
  max: 24129.419790083055
  mean: 24129.419790083055
  median: 24129.419790083055
  min: 24129.419790083055
  num_samples: 1
  rmse: 24129.419790083055
  std: 0.0
trans:
  max: 266.0519170157598
  mean: 266.0519170157598
  median: 266.0519170157598
  min: 266.0519170157598
  num_samples: 1
  rmse: 266.0519170157598
  std: 0.0
