rot:
  max: 13.387296002322424
  mean: 6.788307964604569
  median: 6.041264608529362
  min: 0.00016122290739021877
  num_samples: 2095
  rmse: 7.250063532409463
  std: 2.5460353889252523
scale:
  max: 28243.647987189688
  mean: 188.95413417715878
  median: 1.1812081393260732
  min: 0.0015647599593160422
  num_samples: 2095
  rmse: 1791.4109503204163
  std: 1781.4178420868186
trans:
  max: 156.00745432577997
  mean: 92.03038010149767
  median: 88.6464519919033
  min: 0.0
  num_samples: 2095
  rmse: 102.94350359008054
  std: 46.12780148429781
