rot:
  max: 7.250063532409463
  mean: 7.250063532409463
  median: 7.250063532409463
  min: 7.250063532409463
  num_samples: 1
  rmse: 7.250063532409463
  std: 0.0
scale:
  max: 1791.4109503204163
  mean: 1791.4109503204163
  median: 1791.4109503204163
  min: 1791.4109503204163
  num_samples: 1
  rmse: 1791.4109503204163
  std: 0.0
trans:
  max: 102.94350359008054
  mean: 102.94350359008054
  median: 102.94350359008054
  min: 102.94350359008054
  num_samples: 1
  rmse: 102.94350359008054
  std: 0.0
