rot:
  max: 19.1468323078468
  mean: 10.893630442513944
  median: 10.248577266009997
  min: 0.00212969360678017
  num_samples: 1330
  rmse: 12.478848210052188
  std: 6.086909596129726
scale:
  max: 24519810.477114342
  mean: 30686.52762115288
  median: 5.945960521707693
  min: 0.04151612297085272
  num_samples: 1330
  rmse: 762003.4965257671
  std: 761385.359551949
trans:
  max: 266.1217703402984
  mean: 106.630134603695
  median: 111.59634642192665
  min: 9.938361130639345e-08
  num_samples: 1330
  rmse: 135.23536868711744
  std: 83.17823837001157
