rot:
  max: 12.478848210052188
  mean: 12.478848210052188
  median: 12.478848210052188
  min: 12.478848210052188
  num_samples: 1
  rmse: 12.478848210052188
  std: 0.0
scale:
  max: 762003.4965257671
  mean: 762003.4965257671
  median: 762003.4965257671
  min: 762003.4965257671
  num_samples: 1
  rmse: 762003.4965257671
  std: 0.0
trans:
  max: 135.23536868711744
  mean: 135.23536868711744
  median: 135.23536868711744
  min: 135.23536868711744
  num_samples: 1
  rmse: 135.23536868711744
  std: 0.0
