rot:
  max: 23.96207830891598
  mean: 14.870639424122189
  median: 16.156448347321795
  min: 1.1459155902616465e-14
  num_samples: 2095
  rmse: 15.905608262766496
  std: 5.643798129480598
scale:
  max: 107277.69561497291
  mean: 717.8159037314432
  median: 10.928003869163883
  min: 0.017645722360071225
  num_samples: 2095
  rmse: 6806.934498027692
  std: 6768.980542798872
trans:
  max: 534.655766617404
  mean: 293.2274639911989
  median: 355.8799175696042
  min: 0.0
  num_samples: 2095
  rmse: 339.4274674630168
  std: 170.96391440782915
