rot:
  max: 9.379132128223667
  mean: 5.054883824082269
  median: 4.4017844512344455
  min: 0.0
  num_samples: 792
  rmse: 5.815194663213559
  std: 2.8748284289847374
scale:
  max: 80473.5457920929
  mean: 237.4032598868895
  median: 6.008409768007217
  min: 0.0061948674384249
  num_samples: 792
  rmse: 3214.908725694703
  std: 3206.131283454097
trans:
  max: 25.088590631043534
  mean: 12.950472920860065
  median: 14.57395645504388
  min: 0.0
  num_samples: 792
  rmse: 14.599911390547113
  std: 6.741117395350532
