rot:
  max: 178.2000252437695
  mean: 13.619207664442206
  median: 10.397417091934447
  min: 0.006610887093053061
  num_samples: 2592
  rmse: 25.85117798154726
  std: 21.972723673373597
scale:
  max: 1227967.965611622
  mean: 566.8947220744801
  median: 10.403602326130379
  min: 0.26347515522463505
  num_samples: 2592
  rmse: 24121.746626884902
  std: 24115.084298125883
trans:
  max: 304.7598517742371
  mean: 177.42721809355038
  median: 213.80939698280147
  min: 0.001228067965611622
  num_samples: 2592
  rmse: 199.03085527052306
  std: 90.1823909047637
