rot:
  max: 25.85117798154726
  mean: 25.85117798154726
  median: 25.85117798154726
  min: 25.85117798154726
  num_samples: 1
  rmse: 25.85117798154726
  std: 0.0
scale:
  max: 24121.746626884902
  mean: 24121.746626884902
  median: 24121.746626884902
  min: 24121.746626884902
  num_samples: 1
  rmse: 24121.746626884902
  std: 0.0
trans:
  max: 199.03085527052306
  mean: 199.03085527052306
  median: 199.03085527052306
  min: 199.03085527052306
  num_samples: 1
  rmse: 199.03085527052306
  std: 0.0
