rot:
  max: 11.029070363160196
  mean: 4.837914173433603
  median: 5.493974993783433
  min: 0.00260916829651933
  num_samples: 535
  rmse: 5.413094076721582
  std: 2.428203849335661
scale:
  max: 2560772.933327428
  mean: 8266.591900168301
  median: 17.225716314701067
  min: 0.004070407327194658
  num_samples: 535
  rmse: 126938.30543509193
  std: 126668.84717675755
trans:
  max: 27.66551557484897
  mean: 15.738640649590698
  median: 20.558195638275397
  min: 0.0
  num_samples: 535
  rmse: 19.227561842395655
  std: 11.045104114774137
