rot:
  max: 5.413094076721582
  mean: 5.413094076721582
  median: 5.413094076721582
  min: 5.413094076721582
  num_samples: 1
  rmse: 5.413094076721582
  std: 0.0
scale:
  max: 126938.30543509193
  mean: 126938.30543509193
  median: 126938.30543509193
  min: 126938.30543509193
  num_samples: 1
  rmse: 126938.30543509193
  std: 0.0
trans:
  max: 19.227561842395655
  mean: 19.227561842395655
  median: 19.227561842395655
  min: 19.227561842395655
  num_samples: 1
  rmse: 19.227561842395655
  std: 0.0
