rot:
  max: 0.9089170547674886
  mean: 0.9089170547674886
  median: 0.9089170547674886
  min: 0.9089170547674886
  num_samples: 1
  rmse: 0.9089170547674886
  std: 0.0
scale:
  max: 604.377589402196
  mean: 604.377589402196
  median: 604.377589402196
  min: 604.377589402196
  num_samples: 1
  rmse: 604.377589402196
  std: 0.0
trans:
  max: 25.69861471798859
  mean: 25.69861471798859
  median: 25.69861471798859
  min: 25.69861471798859
  num_samples: 1
  rmse: 25.69861471798859
  std: 0.0
