rot:
  max: 20.822536449359102
  mean: 12.188199592187953
  median: 12.05663684798418
  min: 0.00212969360678017
  num_samples: 1330
  rmse: 13.911822931838767
  std: 6.707205676570864
scale:
  max: 24519810.477114342
  mean: 30685.63620799646
  median: 6.5441866547956025
  min: 0.03456187812105327
  num_samples: 1330
  rmse: 762003.4939182964
  std: 761385.3928689477
trans:
  max: 298.479999804789
  mean: 112.63993212932753
  median: 104.0263327803723
  min: 9.938361130639345e-08
  num_samples: 1330
  rmse: 144.42272532937506
  std: 90.38898871801031
