rot:
  max: 13.911822931838767
  mean: 13.911822931838767
  median: 13.911822931838767
  min: 13.911822931838767
  num_samples: 1
  rmse: 13.911822931838767
  std: 0.0
scale:
  max: 762003.4939182964
  mean: 762003.4939182964
  median: 762003.4939182964
  min: 762003.4939182964
  num_samples: 1
  rmse: 762003.4939182964
  std: 0.0
trans:
  max: 144.42272532937506
  mean: 144.42272532937506
  median: 144.42272532937506
  min: 144.42272532937506
  num_samples: 1
  rmse: 144.42272532937506
  std: 0.0
