rot:
  max: 23.853730341639682
  mean: 12.87271297651825
  median: 18.071919347285125
  min: 0.0
  num_samples: 772
  rmse: 15.427818459831693
  std: 8.503578249989953
scale:
  max: 117761.13775816196
  mean: 1902.526434458308
  median: 108.31356304840001
  min: 0.0427899477453475
  num_samples: 772
  rmse: 8316.820579969874
  std: 8096.2891330286475
trans:
  max: 140.74625287312384
  mean: 78.12356763325958
  median: 123.2161168286969
  min: 0.0
  num_samples: 772
  rmse: 97.37827124072112
  std: 58.13119549848401
