rot:
  max: 15.427818459831693
  mean: 15.427818459831693
  median: 15.427818459831693
  min: 15.427818459831693
  num_samples: 1
  rmse: 15.427818459831693
  std: 0.0
scale:
  max: 8316.820579969874
  mean: 8316.820579969874
  median: 8316.820579969874
  min: 8316.820579969874
  num_samples: 1
  rmse: 8316.820579969874
  std: 0.0
trans:
  max: 97.37827124072112
  mean: 97.37827124072112
  median: 97.37827124072112
  min: 97.37827124072112
  num_samples: 1
  rmse: 97.37827124072112
  std: 0.0
