rot:
  max: 178.89673884276152
  mean: 13.469431250016228
  median: 10.60237281326958
  min: 0.03371887288120403
  num_samples: 2592
  rmse: 24.968362587440737
  std: 21.023642693382055
scale:
  max: 1227982.7479240014
  mean: 564.5365816556629
  median: 7.258807168540438
  min: 0.03978206630318448
  num_samples: 2592
  rmse: 24122.049765972268
  std: 24115.44283980735
trans:
  max: 254.25665483123473
  mean: 184.74521280362782
  median: 213.88967094775123
  min: 0.0012280827479240013
  num_samples: 2592
  rmse: 197.08549963340465
  std: 68.6432845360055
