rot:
  max: 24.968362587440737
  mean: 24.968362587440737
  median: 24.968362587440737
  min: 24.968362587440737
  num_samples: 1
  rmse: 24.968362587440737
  std: 0.0
scale:
  max: 24122.049765972268
  mean: 24122.049765972268
  median: 24122.049765972268
  min: 24122.049765972268
  num_samples: 1
  rmse: 24122.049765972268
  std: 0.0
trans:
  max: 197.08549963340465
  mean: 197.08549963340465
  median: 197.08549963340465
  min: 197.08549963340465
  num_samples: 1
  rmse: 197.08549963340465
  std: 0.0
