rot:
  max: 18.4349825510616
  mean: 10.22387986365598
  median: 8.535429674983517
  min: 0.0016653275185080497
  num_samples: 1101
  rmse: 11.364906928580984
  std: 4.963203605418367
scale:
  max: 288.19372804930293
  mean: 7.206759953296215
  median: 3.683174104566711
  min: 0.01745658194068911
  num_samples: 1101
  rmse: 24.453352209129587
  std: 23.367264393576516
trans:
  max: 218.0519684052598
  mean: 99.19882874891121
  median: 104.59956380090097
  min: 9.29184417226616e-08
  num_samples: 1101
  rmse: 119.11058645162791
  std: 65.93120793444416
