rot:
  max: 11.364906928580984
  mean: 11.364906928580984
  median: 11.364906928580984
  min: 11.364906928580984
  num_samples: 1
  rmse: 11.364906928580984
  std: 0.0
scale:
  max: 24.453352209129587
  mean: 24.453352209129587
  median: 24.453352209129587
  min: 24.453352209129587
  num_samples: 1
  rmse: 24.453352209129587
  std: 0.0
trans:
  max: 119.11058645162791
  mean: 119.11058645162791
  median: 119.11058645162791
  min: 119.11058645162791
  num_samples: 1
  rmse: 119.11058645162791
  std: 0.0
