rot:
  max: 9.763218269522088
  mean: 9.763218269522088
  median: 9.763218269522088
  min: 9.763218269522088
  num_samples: 1
  rmse: 9.763218269522088
  std: 0.0
scale:
  max: 3235.3432208554746
  mean: 3235.3432208554746
  median: 3235.3432208554746
  min: 3235.3432208554746
  num_samples: 1
  rmse: 3235.3432208554746
  std: 0.0
trans:
  max: 25.383325903175134
  mean: 25.383325903175134
  median: 25.383325903175134
  min: 25.383325903175134
  num_samples: 1
  rmse: 25.383325903175134
  std: 0.0
