rot:
  max: 13.977285009554123
  mean: 3.6288693116601465
  median: 3.347300167910027
  min: 0.0005860310670338717
  num_samples: 1101
  rmse: 4.057531104043375
  std: 1.8151766247863217
scale:
  max: 331.15703572743234
  mean: 7.706846615984552
  median: 4.220905725634605
  min: 0.05173635456172665
  num_samples: 1101
  rmse: 26.628720901940085
  std: 25.48908182165666
trans:
  max: 135.3331749435807
  mean: 69.44879878626153
  median: 80.5568920841653
  min: 0.0
  num_samples: 1101
  rmse: 81.81508507872087
  std: 43.250115532605136
