rot:
  max: 4.057531104043375
  mean: 4.057531104043375
  median: 4.057531104043375
  min: 4.057531104043375
  num_samples: 1
  rmse: 4.057531104043375
  std: 0.0
scale:
  max: 26.628720901940085
  mean: 26.628720901940085
  median: 26.628720901940085
  min: 26.628720901940085
  num_samples: 1
  rmse: 26.628720901940085
  std: 0.0
trans:
  max: 81.81508507872087
  mean: 81.81508507872087
  median: 81.81508507872087
  min: 81.81508507872087
  num_samples: 1
  rmse: 81.81508507872087
  std: 0.0
