rot:
  max: 1.4305467243304189
  mean: 1.4305467243304189
  median: 1.4305467243304189
  min: 1.4305467243304189
  num_samples: 1
  rmse: 1.4305467243304189
  std: 0.0
scale:
  max: 604.3740141086482
  mean: 604.3740141086482
  median: 604.3740141086482
  min: 604.3740141086482
  num_samples: 1
  rmse: 604.3740141086482
  std: 0.0
trans:
  max: 19.790866839702762
  mean: 19.790866839702762
  median: 19.790866839702762
  min: 19.790866839702762
  num_samples: 1
  rmse: 19.790866839702762
  std: 0.0
