rot:
  max: 14.810497978832695
  mean: 14.810497978832695
  median: 14.810497978832695
  min: 14.810497978832695
  num_samples: 1
  rmse: 14.810497978832695
  std: 0.0
scale:
  max: 24120.847522056298
  mean: 24120.847522056298
  median: 24120.847522056298
  min: 24120.847522056298
  num_samples: 1
  rmse: 24120.847522056298
  std: 0.0
trans:
  max: 162.8312833171805
  mean: 162.8312833171805
  median: 162.8312833171805
  min: 162.8312833171805
  num_samples: 1
  rmse: 162.8312833171805
  std: 0.0
