rot:
  max: 31.18279143764053
  mean: 17.795043332900832
  median: 26.06845203343972
  min: 0.002037169356248867
  num_samples: 772
  rmse: 21.569377861949214
  std: 12.189113754975237
scale:
  max: 118315.49771442178
  mean: 3045.3757071521495
  median: 486.5255563307286
  min: 0.04816631663093762
  num_samples: 772
  rmse: 12055.125661772297
  std: 11664.121978246307
trans:
  max: 226.7994195786264
  mean: 127.8953930727937
  median: 199.40641612702882
  min: 0.0
  num_samples: 772
  rmse: 159.99164344628306
  std: 96.12540976972821
