rot:
  max: 21.569377861949214
  mean: 21.569377861949214
  median: 21.569377861949214
  min: 21.569377861949214
  num_samples: 1
  rmse: 21.569377861949214
  std: 0.0
scale:
  max: 12055.125661772297
  mean: 12055.125661772297
  median: 12055.125661772297
  min: 12055.125661772297
  num_samples: 1
  rmse: 12055.125661772297
  std: 0.0
trans:
  max: 159.99164344628306
  mean: 159.99164344628306
  median: 159.99164344628306
  min: 159.99164344628306
  num_samples: 1
  rmse: 159.99164344628306
  std: 0.0
