rot:
  max: 176.93686428350847
  mean: 10.480136718725145
  median: 7.616014142183908
  min: 0.03371887288229111
  num_samples: 2592
  rmse: 20.934756304110902
  std: 18.122658631374705
scale:
  max: 1227981.1363360449
  mean: 514.8608478569672
  median: 5.680492516089187
  min: 0.03030183207252124
  num_samples: 2592
  rmse: 24120.263932170234
  std: 24114.768306266113
trans:
  max: 211.17320815955662
  mean: 127.46784012665314
  median: 145.2319184324075
  min: 0.001228081136336045
  num_samples: 2592
  rmse: 139.55164282733844
  std: 56.803263544052
