rot:
  max: 20.934756304110902
  mean: 20.934756304110902
  median: 20.934756304110902
  min: 20.934756304110902
  num_samples: 1
  rmse: 20.934756304110902
  std: 0.0
scale:
  max: 24120.263932170234
  mean: 24120.263932170234
  median: 24120.263932170234
  min: 24120.263932170234
  num_samples: 1
  rmse: 24120.263932170234
  std: 0.0
trans:
  max: 139.55164282733844
  mean: 139.55164282733844
  median: 139.55164282733844
  min: 139.55164282733844
  num_samples: 1
  rmse: 139.55164282733844
  std: 0.0
