rot:
  max: 14.683659990171545
  mean: 4.1373197732948235
  median: 3.7990956183484053
  min: 0.0005860310670338717
  num_samples: 1101
  rmse: 4.608198696790964
  std: 2.029305379337871
scale:
  max: 331.15703572743234
  mean: 5.652723299522394
  median: 2.1404110257728037
  min: 0.15452909903233003
  num_samples: 1101
  rmse: 26.362925888663504
  std: 25.749768556439513
trans:
  max: 115.6366912001123
  mean: 64.30791800550313
  median: 81.55943102668043
  min: 0.0
  num_samples: 1101
  rmse: 75.95864622449675
  std: 40.42533386449322
