rot:
  max: 4.608198696790964
  mean: 4.608198696790964
  median: 4.608198696790964
  min: 4.608198696790964
  num_samples: 1
  rmse: 4.608198696790964
  std: 0.0
scale:
  max: 26.362925888663504
  mean: 26.362925888663504
  median: 26.362925888663504
  min: 26.362925888663504
  num_samples: 1
  rmse: 26.362925888663504
  std: 0.0
trans:
  max: 75.95864622449675
  mean: 75.95864622449675
  median: 75.95864622449675
  min: 75.95864622449675
  num_samples: 1
  rmse: 75.95864622449675
  std: 0.0
