rot:
  max: 30.771108476893982
  mean: 14.877903523714107
  median: 10.793918495827178
  min: 0.0016653275185080497
  num_samples: 1101
  rmse: 17.864668508355173
  std: 9.88910348072425
scale:
  max: 288.19372804930293
  mean: 9.507355985893275
  median: 3.830083294355502
  min: 0.006000088872659681
  num_samples: 1101
  rmse: 26.5814307570323
  std: 24.82302647237847
trans:
  max: 354.9199497097988
  mean: 130.2559549968779
  median: 125.38752551831928
  min: 9.29184417226616e-08
  num_samples: 1101
  rmse: 164.38030489076513
  std: 100.27098694952704
