rot:
  max: 17.864668508355173
  mean: 17.864668508355173
  median: 17.864668508355173
  min: 17.864668508355173
  num_samples: 1
  rmse: 17.864668508355173
  std: 0.0
scale:
  max: 26.5814307570323
  mean: 26.5814307570323
  median: 26.5814307570323
  min: 26.5814307570323
  num_samples: 1
  rmse: 26.5814307570323
  std: 0.0
trans:
  max: 164.38030489076513
  mean: 164.38030489076513
  median: 164.38030489076513
  min: 164.38030489076513
  num_samples: 1
  rmse: 164.38030489076513
  std: 0.0
