rot:
  max: 27.725120359572717
  mean: 16.601858585815375
  median: 16.292813457491125
  min: 0.0
  num_samples: 2686
  rmse: 18.156397365882764
  std: 7.350718114879857
scale:
  max: 157653.58154831923
  mean: 539.3194483089788
  median: 9.154980216464947
  min: 0.09715788948414517
  num_samples: 2686
  rmse: 4473.465584439873
  std: 4440.836505416933
trans:
  max: 445.31656954077107
  mean: 269.15668259413536
  median: 334.14044180553503
  min: 0.0
  num_samples: 2686
  rmse: 301.2748836429826
  std: 135.35595934059407
