rot:
  max: 18.156397365882764
  mean: 18.156397365882764
  median: 18.156397365882764
  min: 18.156397365882764
  num_samples: 1
  rmse: 18.156397365882764
  std: 0.0
scale:
  max: 4473.465584439873
  mean: 4473.465584439873
  median: 4473.465584439873
  min: 4473.465584439873
  num_samples: 1
  rmse: 4473.465584439873
  std: 0.0
trans:
  max: 301.2748836429826
  mean: 301.2748836429826
  median: 301.2748836429826
  min: 301.2748836429826
  num_samples: 1
  rmse: 301.2748836429826
  std: 0.0
