rot:
  max: 49.893066683862266
  mean: 32.304856944284815
  median: 35.272865681239296
  min: 0.0
  num_samples: 2686
  rmse: 35.246318757861054
  std: 14.096070508834766
scale:
  max: 234461.6035615144
  mean: 750.9600957950735
  median: 24.278795672871425
  min: 0.09794576559972734
  num_samples: 2686
  rmse: 6382.763329539814
  std: 6338.4325077610165
trans:
  max: 950.549942936754
  mean: 558.8518558540342
  median: 647.2585965612927
  min: 0.0
  num_samples: 2686
  rmse: 632.6435710779768
  std: 296.5172697075114
