rot:
  max: 35.246318757861054
  mean: 35.246318757861054
  median: 35.246318757861054
  min: 35.246318757861054
  num_samples: 1
  rmse: 35.246318757861054
  std: 0.0
scale:
  max: 6382.763329539814
  mean: 6382.763329539814
  median: 6382.763329539814
  min: 6382.763329539814
  num_samples: 1
  rmse: 6382.763329539814
  std: 0.0
trans:
  max: 632.6435710779768
  mean: 632.6435710779768
  median: 632.6435710779768
  min: 632.6435710779768
  num_samples: 1
  rmse: 632.6435710779768
  std: 0.0
