rot:
  max: 17.49280772188789
  mean: 8.963282585256707
  median: 7.1868964741989645
  min: 0.0007801794054116189
  num_samples: 1101
  rmse: 10.504845148340259
  std: 5.478260388795128
scale:
  max: 1075.418366396347
  mean: 6.756817045978534
  median: 3.4281496009127554
  min: 0.003330208146046232
  num_samples: 1101
  rmse: 42.96450576929382
  std: 42.42987366710932
trans:
  max: 208.01940128270616
  mean: 81.23993153218171
  median: 75.45743210367519
  min: 1.2476799491734092e-08
  num_samples: 1101
  rmse: 101.9425276226038
  std: 61.58207907120194
