rot:
  max: 10.504845148340259
  mean: 10.504845148340259
  median: 10.504845148340259
  min: 10.504845148340259
  num_samples: 1
  rmse: 10.504845148340259
  std: 0.0
scale:
  max: 42.96450576929382
  mean: 42.96450576929382
  median: 42.96450576929382
  min: 42.96450576929382
  num_samples: 1
  rmse: 42.96450576929382
  std: 0.0
trans:
  max: 101.9425276226038
  mean: 101.9425276226038
  median: 101.9425276226038
  min: 101.9425276226038
  num_samples: 1
  rmse: 101.9425276226038
  std: 0.0
