rot:
  max: 176.20260555860554
  mean: 13.484160279828645
  median: 9.835755085428584
  min: 0.03371887288229111
  num_samples: 2592
  rmse: 25.245117094933118
  std: 21.342290380481092
scale:
  max: 1227981.1363360449
  mean: 586.2633538567943
  median: 8.417099584929367
  min: 0.044246569625383536
  num_samples: 2592
  rmse: 24123.272445733284
  std: 24116.147469506795
trans:
  max: 297.91599430138587
  mean: 209.21996640584777
  median: 248.70496522699423
  min: 0.001228081136336045
  num_samples: 2592
  rmse: 225.51600830628357
  std: 84.1693273083235
