rot:
  max: 25.245117094933118
  mean: 25.245117094933118
  median: 25.245117094933118
  min: 25.245117094933118
  num_samples: 1
  rmse: 25.245117094933118
  std: 0.0
scale:
  max: 24123.272445733284
  mean: 24123.272445733284
  median: 24123.272445733284
  min: 24123.272445733284
  num_samples: 1
  rmse: 24123.272445733284
  std: 0.0
trans:
  max: 225.51600830628357
  mean: 225.51600830628357
  median: 225.51600830628357
  min: 225.51600830628357
  num_samples: 1
  rmse: 225.51600830628357
  std: 0.0
