rot:
  max: 13.416785070343488
  mean: 7.989598177971369
  median: 10.749633622997745
  min: 0.002037169356248867
  num_samples: 772
  rmse: 8.998385563763044
  std: 4.139717829598504
scale:
  max: 55355.02832814802
  mean: 1443.6260475298545
  median: 238.81927395583529
  min: 0.01703879594135982
  num_samples: 772
  rmse: 5630.214978185403
  std: 5441.9908613922335
trans:
  max: 107.5833790856586
  mean: 63.709417474084546
  median: 99.15266137481046
  min: 0.0
  num_samples: 772
  rmse: 78.23760200942607
  std: 45.411810064102916
