rot:
  max: 8.998385563763044
  mean: 8.998385563763044
  median: 8.998385563763044
  min: 8.998385563763044
  num_samples: 1
  rmse: 8.998385563763044
  std: 0.0
scale:
  max: 5630.214978185403
  mean: 5630.214978185403
  median: 5630.214978185403
  min: 5630.214978185403
  num_samples: 1
  rmse: 5630.214978185403
  std: 0.0
trans:
  max: 78.23760200942607
  mean: 78.23760200942607
  median: 78.23760200942607
  min: 78.23760200942607
  num_samples: 1
  rmse: 78.23760200942607
  std: 0.0
