rot:
  max: 176.31140407779154
  mean: 12.348136560038837
  median: 9.494074795326139
  min: 0.03371887288229111
  num_samples: 2592
  rmse: 20.254950619461443
  std: 16.055732561657027
scale:
  max: 1227981.1363360449
  mean: 582.6107863386449
  median: 7.813712182728438
  min: 0.04424654630270641
  num_samples: 2592
  rmse: 24123.05854632111
  std: 24116.022024804963
trans:
  max: 286.6310832422179
  mean: 203.68408717817735
  median: 240.6560345093555
  min: 0.001228081136336045
  num_samples: 2592
  rmse: 219.31797423111547
  std: 81.32137757830284
