rot:
  max: 20.254950619461443
  mean: 20.254950619461443
  median: 20.254950619461443
  min: 20.254950619461443
  num_samples: 1
  rmse: 20.254950619461443
  std: 0.0
scale:
  max: 24123.05854632111
  mean: 24123.05854632111
  median: 24123.05854632111
  min: 24123.05854632111
  num_samples: 1
  rmse: 24123.05854632111
  std: 0.0
trans:
  max: 219.31797423111547
  mean: 219.31797423111547
  median: 219.31797423111547
  min: 219.31797423111547
  num_samples: 1
  rmse: 219.31797423111547
  std: 0.0
