rot:
  max: 15.342320221193066
  mean: 8.011720015118145
  median: 10.062286041832994
  min: 0.0011563767715691445
  num_samples: 535
  rmse: 9.391607049770323
  std: 4.900471954480599
scale:
  max: 3508991.2189298463
  mean: 14924.837959440252
  median: 7.999583180744985
  min: 0.029406882592009076
  num_samples: 535
  rmse: 210037.8560771564
  std: 209506.92159776657
trans:
  max: 52.82061488318319
  mean: 22.612893622017015
  median: 20.702025015925017
  min: 4.0797911805097564e-08
  num_samples: 535
  rmse: 29.431413743403876
  std: 18.837864979205172
