rot:
  max: 9.391607049770323
  mean: 9.391607049770323
  median: 9.391607049770323
  min: 9.391607049770323
  num_samples: 1
  rmse: 9.391607049770323
  std: 0.0
scale:
  max: 210037.8560771564
  mean: 210037.8560771564
  median: 210037.8560771564
  min: 210037.8560771564
  num_samples: 1
  rmse: 210037.8560771564
  std: 0.0
trans:
  max: 29.431413743403876
  mean: 29.431413743403876
  median: 29.431413743403876
  min: 29.431413743403876
  num_samples: 1
  rmse: 29.431413743403876
  std: 0.0
