rot:
  max: 14.025947487227043
  mean: 7.680800744541416
  median: 7.606018471075627
  min: 0.0
  num_samples: 772
  rmse: 8.714012792714847
  std: 4.115740379840551
scale:
  max: 24772.794465213254
  mean: 594.3634145576311
  median: 12.363951519467413
  min: 0.01834672342907462
  num_samples: 772
  rmse: 2518.05416491281
  std: 2446.901900132112
trans:
  max: 45.759266000112284
  mean: 28.347544465422377
  median: 40.99150739691626
  min: 0.0
  num_samples: 772
  rmse: 33.16334305073837
  std: 17.211160480393463
