rot:
  max: 8.714012792714847
  mean: 8.714012792714847
  median: 8.714012792714847
  min: 8.714012792714847
  num_samples: 1
  rmse: 8.714012792714847
  std: 0.0
scale:
  max: 2518.05416491281
  mean: 2518.05416491281
  median: 2518.05416491281
  min: 2518.05416491281
  num_samples: 1
  rmse: 2518.05416491281
  std: 0.0
trans:
  max: 33.16334305073837
  mean: 33.16334305073837
  median: 33.16334305073837
  min: 33.16334305073837
  num_samples: 1
  rmse: 33.16334305073837
  std: 0.0
