rot:
  max: 16.48630269441644
  mean: 9.050241867830165
  median: 11.216749915312331
  min: 0.0
  num_samples: 772
  rmse: 10.59746411418712
  std: 5.513562168440452
scale:
  max: 110111.06897647846
  mean: 1782.591042255835
  median: 94.86378315320586
  min: 0.13072017643395162
  num_samples: 772
  rmse: 7798.06040214297
  std: 7591.581864904009
trans:
  max: 128.69607232892494
  mean: 73.76524431877857
  median: 116.90600481948064
  min: 0.0
  num_samples: 772
  rmse: 91.82525175646876
  std: 54.686063953531836
