rot:
  max: 10.59746411418712
  mean: 10.59746411418712
  median: 10.59746411418712
  min: 10.59746411418712
  num_samples: 1
  rmse: 10.59746411418712
  std: 0.0
scale:
  max: 7798.06040214297
  mean: 7798.06040214297
  median: 7798.06040214297
  min: 7798.06040214297
  num_samples: 1
  rmse: 7798.06040214297
  std: 0.0
trans:
  max: 91.82525175646876
  mean: 91.82525175646876
  median: 91.82525175646876
  min: 91.82525175646876
  num_samples: 1
  rmse: 91.82525175646876
  std: 0.0
