rot:
  max: 9.777227588626689
  mean: 2.621502326601777
  median: 2.430728782035011
  min: 0.0
  num_samples: 792
  rmse: 3.0366403906117196
  std: 1.5326155465464808
scale:
  max: 2314.9598777608003
  mean: 53.25740262465896
  median: 2.141427720430822
  min: 0.01231553390081963
  num_samples: 792
  rmse: 202.72165039190753
  std: 195.60091156048776
trans:
  max: 16.37111598971577
  mean: 10.187694574658291
  median: 10.414958463863806
  min: 0.0
  num_samples: 792
  rmse: 11.397727368885093
  std: 5.110681796875081
