rot:
  max: 3.0366403906117196
  mean: 3.0366403906117196
  median: 3.0366403906117196
  min: 3.0366403906117196
  num_samples: 1
  rmse: 3.0366403906117196
  std: 0.0
scale:
  max: 202.72165039190753
  mean: 202.72165039190753
  median: 202.72165039190753
  min: 202.72165039190753
  num_samples: 1
  rmse: 202.72165039190753
  std: 0.0
trans:
  max: 11.397727368885093
  mean: 11.397727368885093
  median: 11.397727368885093
  min: 11.397727368885093
  num_samples: 1
  rmse: 11.397727368885093
  std: 0.0
