rot:
  max: 119.77476865536332
  mean: 39.91436370509156
  median: 18.630947005268148
  min: 0.0
  num_samples: 772
  rmse: 57.453490843785886
  std: 41.32489782388648
scale:
  max: 213904.5217240681
  mean: 3525.411139922618
  median: 563.6200696523822
  min: 0.13072017643395162
  num_samples: 772
  rmse: 14931.55814165888
  std: 14509.407459722433
trans:
  max: 308.04904762652444
  mean: 168.5321611839159
  median: 227.59279255213485
  min: 0.0
  num_samples: 772
  rmse: 215.35597186026303
  std: 134.07126934044072
