rot:
  max: 57.453490843785886
  mean: 57.453490843785886
  median: 57.453490843785886
  min: 57.453490843785886
  num_samples: 1
  rmse: 57.453490843785886
  std: 0.0
scale:
  max: 14931.55814165888
  mean: 14931.55814165888
  median: 14931.55814165888
  min: 14931.55814165888
  num_samples: 1
  rmse: 14931.55814165888
  std: 0.0
trans:
  max: 215.35597186026303
  mean: 215.35597186026303
  median: 215.35597186026303
  min: 215.35597186026303
  num_samples: 1
  rmse: 215.35597186026303
  std: 0.0
