rot:
  max: 19.244889748853133
  mean: 9.393011905240117
  median: 7.129293300126476
  min: 0.0007801794054116189
  num_samples: 1101
  rmse: 11.171583912065794
  std: 6.047777645742666
scale:
  max: 1075.418366396347
  mean: 6.956821583349096
  median: 3.4168446900356697
  min: 0.00327799993243838
  num_samples: 1101
  rmse: 43.0127135348107
  std: 42.44639159086596
trans:
  max: 208.35909698300486
  mean: 84.22671535568723
  median: 79.40887270623008
  min: 1.2476799491734092e-08
  num_samples: 1101
  rmse: 104.67807833078496
  std: 62.15593699251901
