rot:
  max: 11.171583912065794
  mean: 11.171583912065794
  median: 11.171583912065794
  min: 11.171583912065794
  num_samples: 1
  rmse: 11.171583912065794
  std: 0.0
scale:
  max: 43.0127135348107
  mean: 43.0127135348107
  median: 43.0127135348107
  min: 43.0127135348107
  num_samples: 1
  rmse: 43.0127135348107
  std: 0.0
trans:
  max: 104.67807833078496
  mean: 104.67807833078496
  median: 104.67807833078496
  min: 104.67807833078496
  num_samples: 1
  rmse: 104.67807833078496
  std: 0.0
