rot:
  max: 8.806899784510545
  mean: 5.493306890120951
  median: 5.6180159141577475
  min: 0.0007801794054116189
  num_samples: 1101
  rmse: 5.990814301274242
  std: 2.3902793567492657
scale:
  max: 1074.9600677022745
  mean: 6.652820311144988
  median: 3.4772477839477567
  min: 0.08133202996739586
  num_samples: 1101
  rmse: 42.90215117802639
  std: 42.38318720447824
trans:
  max: 165.8915824046697
  mean: 62.73247431866039
  median: 43.00592624776788
  min: 1.2476799491734092e-08
  num_samples: 1101
  rmse: 81.47204651596256
  std: 51.98394972833231
