rot:
  max: 5.990814301274242
  mean: 5.990814301274242
  median: 5.990814301274242
  min: 5.990814301274242
  num_samples: 1
  rmse: 5.990814301274242
  std: 0.0
scale:
  max: 42.90215117802639
  mean: 42.90215117802639
  median: 42.90215117802639
  min: 42.90215117802639
  num_samples: 1
  rmse: 42.90215117802639
  std: 0.0
trans:
  max: 81.47204651596256
  mean: 81.47204651596256
  median: 81.47204651596256
  min: 81.47204651596256
  num_samples: 1
  rmse: 81.47204651596256
  std: 0.0
