rot:
  max: 154.99865175000753
  mean: 75.14364939608117
  median: 140.9218490359472
  min: 0.0006785081735415092
  num_samples: 535
  rmse: 103.35318395311187
  std: 70.95993650423182
scale:
  max: 3152900.0099882293
  mean: 18090.4172727771
  median: 132.56405169483335
  min: 0.0008069034147517584
  num_samples: 535
  rmse: 193715.12935378816
  std: 192868.57738743155
trans:
  max: 806.8893020859035
  mean: 347.0584358672473
  median: 324.4218135819271
  min: 3.8474106316268337e-08
  num_samples: 535
  rmse: 491.2991783777191
  std: 347.74318795341145
