rot:
  max: 103.35318395311187
  mean: 103.35318395311187
  median: 103.35318395311187
  min: 103.35318395311187
  num_samples: 1
  rmse: 103.35318395311187
  std: 0.0
scale:
  max: 193715.12935378816
  mean: 193715.12935378816
  median: 193715.12935378816
  min: 193715.12935378816
  num_samples: 1
  rmse: 193715.12935378816
  std: 0.0
trans:
  max: 491.2991783777191
  mean: 491.2991783777191
  median: 491.2991783777191
  min: 491.2991783777191
  num_samples: 1
  rmse: 491.2991783777191
  std: 0.0
