rot:
  max: 16.238206485725954
  mean: 8.955642128477807
  median: 7.485773942005883
  min: 0.0016653275185080497
  num_samples: 1101
  rmse: 9.878107715552945
  std: 4.1681514016048045
scale:
  max: 291.7190052563285
  mean: 6.324889886483132
  median: 3.05757596122076
  min: 0.006687584652731449
  num_samples: 1101
  rmse: 24.575445405240345
  std: 23.74759534752544
trans:
  max: 195.90436617252448
  mean: 85.58811175952775
  median: 84.24970080292792
  min: 9.29184417226616e-08
  num_samples: 1101
  rmse: 103.38234672767442
  std: 57.987798202377725
