rot:
  max: 9.878107715552945
  mean: 9.878107715552945
  median: 9.878107715552945
  min: 9.878107715552945
  num_samples: 1
  rmse: 9.878107715552945
  std: 0.0
scale:
  max: 24.575445405240345
  mean: 24.575445405240345
  median: 24.575445405240345
  min: 24.575445405240345
  num_samples: 1
  rmse: 24.575445405240345
  std: 0.0
trans:
  max: 103.38234672767442
  mean: 103.38234672767442
  median: 103.38234672767442
  min: 103.38234672767442
  num_samples: 1
  rmse: 103.38234672767442
  std: 0.0
