rot:
  max: 2.7896680828580385
  mean: 0.5127045748840923
  median: 0.35188052325452757
  min: 0.0
  num_samples: 792
  rmse: 0.817842450769698
  std: 0.6371815229382504
scale:
  max: 95045.45683651343
  mean: 224.11317051568093
  median: 2.6964852430209243
  min: 0.0011276933850501436
  num_samples: 792
  rmse: 3823.610639699169
  std: 3817.037019839092
trans:
  max: 4.047880472856962
  mean: 2.0149042770431342
  median: 1.763267910748205
  min: 0.0
  num_samples: 792
  rmse: 2.2311432215631415
  std: 0.9582070911240625
