rot:
  max: 11.389556350540893
  mean: 4.99077347782646
  median: 5.849543997004864
  min: 0.00260916829651933
  num_samples: 535
  rmse: 5.632553607767846
  std: 2.6110994307767292
scale:
  max: 2560772.933327428
  mean: 8214.315930840201
  median: 4.578033984899577
  min: 0.001984816155298219
  num_samples: 535
  rmse: 126937.53330032976
  std: 126671.47419273478
trans:
  max: 31.413227653628617
  mean: 13.021947724716858
  median: 16.629472681527478
  min: 0.0
  num_samples: 535
  rmse: 15.996511311438901
  std: 9.290707808974197
