rot:
  max: 5.632553607767846
  mean: 5.632553607767846
  median: 5.632553607767846
  min: 5.632553607767846
  num_samples: 1
  rmse: 5.632553607767846
  std: 0.0
scale:
  max: 126937.53330032976
  mean: 126937.53330032976
  median: 126937.53330032976
  min: 126937.53330032976
  num_samples: 1
  rmse: 126937.53330032976
  std: 0.0
trans:
  max: 15.996511311438901
  mean: 15.996511311438901
  median: 15.996511311438901
  min: 15.996511311438901
  num_samples: 1
  rmse: 15.996511311438901
  std: 0.0
