rot:
  max: 7.095286229409925
  mean: 4.59647096279591
  median: 5.440807331326554
  min: 0.0006785081735415092
  num_samples: 535
  rmse: 5.052071052846443
  std: 2.0966345917166884
scale:
  max: 3152900.0099882293
  mean: 13651.00315926084
  median: 15.844481937614985
  min: 0.18354280530741285
  num_samples: 535
  rmse: 192945.848460379
  std: 192462.33540836343
trans:
  max: 41.24086455376114
  mean: 17.977546981973063
  median: 21.37761316593736
  min: 3.8474106316268337e-08
  num_samples: 535
  rmse: 22.34249361769214
  std: 13.266304141228073
