rot:
  max: 5.052071052846443
  mean: 5.052071052846443
  median: 5.052071052846443
  min: 5.052071052846443
  num_samples: 1
  rmse: 5.052071052846443
  std: 0.0
scale:
  max: 192945.848460379
  mean: 192945.848460379
  median: 192945.848460379
  min: 192945.848460379
  num_samples: 1
  rmse: 192945.848460379
  std: 0.0
trans:
  max: 22.34249361769214
  mean: 22.34249361769214
  median: 22.34249361769214
  min: 22.34249361769214
  num_samples: 1
  rmse: 22.34249361769214
  std: 0.0
