rot:
  max: 8.436484423007965
  mean: 3.2635592926125514
  median: 3.181720505881252
  min: 0.0023198233863703107
  num_samples: 2095
  rmse: 3.5364810385319467
  std: 1.3623064557940916
scale:
  max: 10130.04427496061
  mean: 57.583085652320165
  median: 0.45766557772846106
  min: 0.001045485334794094
  num_samples: 2095
  rmse: 623.7687936350407
  std: 621.1052214880112
trans:
  max: 55.841061748580834
  mean: 27.868585253728714
  median: 21.52032378358978
  min: 0.0
  num_samples: 2095
  rmse: 33.028191338978466
  std: 17.72578289046287
