rot:
  max: 3.5364810385319467
  mean: 3.5364810385319467
  median: 3.5364810385319467
  min: 3.5364810385319467
  num_samples: 1
  rmse: 3.5364810385319467
  std: 0.0
scale:
  max: 623.7687936350407
  mean: 623.7687936350407
  median: 623.7687936350407
  min: 623.7687936350407
  num_samples: 1
  rmse: 623.7687936350407
  std: 0.0
trans:
  max: 33.028191338978466
  mean: 33.028191338978466
  median: 33.028191338978466
  min: 33.028191338978466
  num_samples: 1
  rmse: 33.028191338978466
  std: 0.0
