rot:
  max: 4.7617130218993955
  mean: 2.5544398290985364
  median: 2.786498349771061
  min: 0.00016122290739021877
  num_samples: 2095
  rmse: 2.8367277655735865
  std: 1.233637538133123
scale:
  max: 10959.102430127547
  mean: 68.04337462268879
  median: 2.3999373098583465
  min: 0.0003126461061375707
  num_samples: 2095
  rmse: 634.3896583463765
  std: 630.7300038739147
trans:
  max: 73.96674360174191
  mean: 46.86068834023342
  median: 50.8397932152065
  min: 0.0
  num_samples: 2095
  rmse: 51.790234419919344
  std: 22.052307578793414
