rot:
  max: 15.457559765845817
  mean: 7.729056548640104
  median: 6.961064141871109
  min: 0.00220490345408711
  num_samples: 1082
  rmse: 8.409567521984865
  std: 3.313987141608455
scale:
  max: 5627666.859167118
  mean: 5204.191489513377
  median: 2.8643531227689367
  min: 0.02887476937315503
  num_samples: 1082
  rmse: 171086.10945194247
  std: 171006.93915260432
trans:
  max: 168.14226601809764
  mean: 76.23618836407249
  median: 74.79966459426785
  min: 1.4310100525831956e-07
  num_samples: 1082
  rmse: 91.39276620328502
  std: 50.405171341896825
