rot:
  max: 8.409567521984865
  mean: 8.409567521984865
  median: 8.409567521984865
  min: 8.409567521984865
  num_samples: 1
  rmse: 8.409567521984865
  std: 0.0
scale:
  max: 171086.10945194247
  mean: 171086.10945194247
  median: 171086.10945194247
  min: 171086.10945194247
  num_samples: 1
  rmse: 171086.10945194247
  std: 0.0
trans:
  max: 91.39276620328502
  mean: 91.39276620328502
  median: 91.39276620328502
  min: 91.39276620328502
  num_samples: 1
  rmse: 91.39276620328502
  std: 0.0
