rot:
  max: 8.71502306565251
  mean: 4.2637065088104436
  median: 4.229832087369045
  min: 0.0
  num_samples: 772
  rmse: 4.694961046820093
  std: 1.9655701559307124
scale:
  max: 73766.54254458282
  mean: 1201.8774869397118
  median: 4.530876491951203
  min: 0.03164390344214674
  num_samples: 772
  rmse: 5342.61039353737
  std: 5205.667711592915
trans:
  max: 82.21808959554889
  mean: 50.00645943137458
  median: 77.95485947464672
  min: 0.0
  num_samples: 772
  rmse: 61.20895254164341
  std: 35.297165415702196
