rot:
  max: 4.694961046820093
  mean: 4.694961046820093
  median: 4.694961046820093
  min: 4.694961046820093
  num_samples: 1
  rmse: 4.694961046820093
  std: 0.0
scale:
  max: 5342.61039353737
  mean: 5342.61039353737
  median: 5342.61039353737
  min: 5342.61039353737
  num_samples: 1
  rmse: 5342.61039353737
  std: 0.0
trans:
  max: 61.20895254164341
  mean: 61.20895254164341
  median: 61.20895254164341
  min: 61.20895254164341
  num_samples: 1
  rmse: 61.20895254164341
  std: 0.0
