rot:
  max: 3.1912818483574483
  mean: 1.3831730384867673
  median: 1.1262420132087994
  min: 5.109599479759417e-05
  num_samples: 1330
  rmse: 1.6874303296724014
  std: 0.966567878165622
scale:
  max: 2176276.0445006993
  mean: 2830.415303287138
  median: 2.1702654110090425
  min: 0.008366927158198756
  num_samples: 1330
  rmse: 68765.50225975238
  std: 68707.22705980009
trans:
  max: 54.37865811476194
  mean: 16.43942229009883
  median: 10.939771103468491
  min: 0.0
  num_samples: 1330
  rmse: 21.441828765774527
  std: 13.765806027566924
