rot:
  max: 1.6874303296724014
  mean: 1.6874303296724014
  median: 1.6874303296724014
  min: 1.6874303296724014
  num_samples: 1
  rmse: 1.6874303296724014
  std: 0.0
scale:
  max: 68765.50225975238
  mean: 68765.50225975238
  median: 68765.50225975238
  min: 68765.50225975238
  num_samples: 1
  rmse: 68765.50225975238
  std: 0.0
trans:
  max: 21.441828765774527
  mean: 21.441828765774527
  median: 21.441828765774527
  min: 21.441828765774527
  num_samples: 1
  rmse: 21.441828765774527
  std: 0.0
