rot:
  max: 29.038991174206487
  mean: 16.703293199279532
  median: 16.66427620330985
  min: 0.0
  num_samples: 2686
  rmse: 18.21564149541046
  std: 7.267020805544842
scale:
  max: 155624.6987605281
  mean: 532.5843375757614
  median: 9.333129093498215
  min: 0.09715788948414517
  num_samples: 2686
  rmse: 4415.6459818885705
  std: 4383.410015129506
trans:
  max: 451.25578510549843
  mean: 272.4686820017991
  median: 332.4621604085455
  min: 0.0
  num_samples: 2686
  rmse: 304.7586495666381
  std: 136.52344785377858
