rot:
  max: 6.144818084417004
  mean: 3.3045352444002556
  median: 2.733118526172805
  min: 0.0
  num_samples: 773
  rmse: 3.745744676640962
  std: 1.7637034901311082
scale:
  max: 19597.34390787335
  mean: 119.42307057184587
  median: 3.8618407762189166
  min: 0.0004067789345585382
  num_samples: 773
  rmse: 1116.6750082005453
  std: 1110.2707796546208
trans:
  max: 14.66284297062069
  mean: 8.754323544224157
  median: 9.500579507219136
  min: 0.0
  num_samples: 773
  rmse: 9.671916410719005
  std: 4.1119078709253944
