rot:
  max: 3.745744676640962
  mean: 3.745744676640962
  median: 3.745744676640962
  min: 3.745744676640962
  num_samples: 1
  rmse: 3.745744676640962
  std: 0.0
scale:
  max: 1116.6750082005453
  mean: 1116.6750082005453
  median: 1116.6750082005453
  min: 1116.6750082005453
  num_samples: 1
  rmse: 1116.6750082005453
  std: 0.0
trans:
  max: 9.671916410719005
  mean: 9.671916410719005
  median: 9.671916410719005
  min: 9.671916410719005
  num_samples: 1
  rmse: 9.671916410719005
  std: 0.0
