rot:
  max: 12.126276421480258
  mean: 6.498708124949722
  median: 5.479069924645707
  min: 0.0
  num_samples: 792
  rmse: 7.398337105894106
  std: 3.5358428470680145
scale:
  max: 5418.92683035587
  mean: 117.67708142461511
  median: 6.3627751750810475
  min: 0.35972313614642815
  num_samples: 792
  rmse: 431.04609320591766
  std: 414.67196550462535
trans:
  max: 43.413406427884915
  mean: 20.754686587728713
  median: 16.020657058054987
  min: 0.0
  num_samples: 792
  rmse: 24.569064814294894
  std: 13.148457342752318
