rot:
  max: 7.398337105894106
  mean: 7.398337105894106
  median: 7.398337105894106
  min: 7.398337105894106
  num_samples: 1
  rmse: 7.398337105894106
  std: 0.0
scale:
  max: 431.04609320591766
  mean: 431.04609320591766
  median: 431.04609320591766
  min: 431.04609320591766
  num_samples: 1
  rmse: 431.04609320591766
  std: 0.0
trans:
  max: 24.569064814294894
  mean: 24.569064814294894
  median: 24.569064814294894
  min: 24.569064814294894
  num_samples: 1
  rmse: 24.569064814294894
  std: 0.0
