rot:
  max: 21.178332282048043
  mean: 10.463392353816882
  median: 8.566904681294144
  min: 0.00042243057245074247
  num_samples: 1330
  rmse: 12.69525329332211
  std: 7.1893585688635895
scale:
  max: 23085729.13413827
  mean: 28526.490764771515
  median: 5.6188773460426225
  min: 0.03179322986197608
  num_samples: 1330
  rmse: 711844.8552738285
  std: 711273.039911162
trans:
  max: 260.4863882529435
  mean: 86.49589881180626
  median: 62.46080296327456
  min: 9.678172040897828e-08
  num_samples: 1330
  rmse: 118.9538793037062
  std: 81.66079163306266
