rot:
  max: 12.69525329332211
  mean: 12.69525329332211
  median: 12.69525329332211
  min: 12.69525329332211
  num_samples: 1
  rmse: 12.69525329332211
  std: 0.0
scale:
  max: 711844.8552738285
  mean: 711844.8552738285
  median: 711844.8552738285
  min: 711844.8552738285
  num_samples: 1
  rmse: 711844.8552738285
  std: 0.0
trans:
  max: 118.9538793037062
  mean: 118.9538793037062
  median: 118.9538793037062
  min: 118.9538793037062
  num_samples: 1
  rmse: 118.9538793037062
  std: 0.0
