rot:
  max: 27.25269572005864
  mean: 16.345613208898016
  median: 16.354780663996685
  min: 0.0
  num_samples: 2686
  rmse: 18.106551218519137
  std: 7.788974634311988
scale:
  max: 149973.98483235665
  mean: 475.19003953657324
  median: 8.93211450237712
  min: 0.10017199660338205
  num_samples: 2686
  rmse: 4077.652097698906
  std: 4049.8692640866225
trans:
  max: 418.35918679252467
  mean: 245.98163662978098
  median: 291.75945404071416
  min: 0.0
  num_samples: 2686
  rmse: 274.2950825190535
  std: 121.37061726410029
