rot:
  max: 21.358411427240355
  mean: 12.006355569784164
  median: 13.085499401866791
  min: 1.1459155902616465e-14
  num_samples: 2095
  rmse: 12.910722657965458
  std: 4.747018588842419
scale:
  max: 81058.43255294257
  mean: 541.2097742045814
  median: 7.628889236889735
  min: 0.06488287167137896
  num_samples: 2095
  rmse: 5141.2808226026045
  std: 5112.715567794354
trans:
  max: 392.15619295277446
  mean: 218.6424075364153
  median: 266.26859525589845
  min: 0.0
  num_samples: 2095
  rmse: 250.7252041030425
  std: 122.71359174595295
