rot:
  max: 12.910722657965458
  mean: 12.910722657965458
  median: 12.910722657965458
  min: 12.910722657965458
  num_samples: 1
  rmse: 12.910722657965458
  std: 0.0
scale:
  max: 5141.2808226026045
  mean: 5141.2808226026045
  median: 5141.2808226026045
  min: 5141.2808226026045
  num_samples: 1
  rmse: 5141.2808226026045
  std: 0.0
trans:
  max: 250.7252041030425
  mean: 250.7252041030425
  median: 250.7252041030425
  min: 250.7252041030425
  num_samples: 1
  rmse: 250.7252041030425
  std: 0.0
