rot:
  max: 26.966793999058662
  mean: 26.966793999058662
  median: 26.966793999058662
  min: 26.966793999058662
  num_samples: 1
  rmse: 26.966793999058662
  std: 0.0
scale:
  max: 6545.439156886633
  mean: 6545.439156886633
  median: 6545.439156886633
  min: 6545.439156886633
  num_samples: 1
  rmse: 6545.439156886633
  std: 0.0
trans:
  max: 401.7558103965214
  mean: 401.7558103965214
  median: 401.7558103965214
  min: 401.7558103965214
  num_samples: 1
  rmse: 401.7558103965214
  std: 0.0
