rot:
  max: 16.35890676872013
  mean: 11.755901896544808
  median: 13.230853014703047
  min: 0.0023198233863703107
  num_samples: 2095
  rmse: 12.409912917777563
  std: 3.9755137058796084
scale:
  max: 78040.45268040911
  mean: 524.1843929933419
  median: 12.90426469564865
  min: 0.11488695529691118
  num_samples: 2095
  rmse: 4950.692236737255
  std: 4922.863429451677
trans:
  max: 511.6664160229641
  mean: 267.7575165742746
  median: 275.6471584897274
  min: 0.0
  num_samples: 2095
  rmse: 317.3002505433576
  std: 170.25087756852997
