rot:
  max: 12.409912917777563
  mean: 12.409912917777563
  median: 12.409912917777563
  min: 12.409912917777563
  num_samples: 1
  rmse: 12.409912917777563
  std: 0.0
scale:
  max: 4950.692236737255
  mean: 4950.692236737255
  median: 4950.692236737255
  min: 4950.692236737255
  num_samples: 1
  rmse: 4950.692236737255
  std: 0.0
trans:
  max: 317.3002505433576
  mean: 317.3002505433576
  median: 317.3002505433576
  min: 317.3002505433576
  num_samples: 1
  rmse: 317.3002505433576
  std: 0.0
