rot:
  max: 16.12804854983347
  mean: 7.032888410763373
  median: 4.669862377424886
  min: 0.0
  num_samples: 792
  rmse: 8.568948517738278
  std: 4.895442707396264
scale:
  max: 80473.5457920929
  mean: 241.44198625278608
  median: 6.112263554222885
  min: 0.0013634424105846144
  num_samples: 792
  rmse: 3215.7763732813373
  std: 3206.6997755057737
trans:
  max: 31.44991849954091
  mean: 14.94148124489747
  median: 16.610833312130445
  min: 0.0
  num_samples: 792
  rmse: 16.90708639182944
  std: 7.912124143942728
