rot:
  max: 8.568948517738278
  mean: 8.568948517738278
  median: 8.568948517738278
  min: 8.568948517738278
  num_samples: 1
  rmse: 8.568948517738278
  std: 0.0
scale:
  max: 3215.7763732813373
  mean: 3215.7763732813373
  median: 3215.7763732813373
  min: 3215.7763732813373
  num_samples: 1
  rmse: 3215.7763732813373
  std: 0.0
trans:
  max: 16.90708639182944
  mean: 16.90708639182944
  median: 16.90708639182944
  min: 16.90708639182944
  num_samples: 1
  rmse: 16.90708639182944
  std: 0.0
