rot:
  max: 13.237844845259485
  mean: 2.9862396588329436
  median: 2.5993570041174534
  min: 0.0005860310670338717
  num_samples: 1101
  rmse: 3.5248153333957
  std: 1.8726173753745698
scale:
  max: 207.1064938989565
  mean: 3.368023249383921
  median: 1.2361520143789662
  min: 0.039538627547708316
  num_samples: 1101
  rmse: 14.396666930730099
  std: 13.997158215365966
trans:
  max: 81.90993299074172
  mean: 46.744678874997824
  median: 56.60463081313215
  min: 0.0
  num_samples: 1101
  rmse: 54.68758261174066
  std: 28.38426833281583
