rot:
  max: 3.5248153333957
  mean: 3.5248153333957
  median: 3.5248153333957
  min: 3.5248153333957
  num_samples: 1
  rmse: 3.5248153333957
  std: 0.0
scale:
  max: 14.396666930730099
  mean: 14.396666930730099
  median: 14.396666930730099
  min: 14.396666930730099
  num_samples: 1
  rmse: 14.396666930730099
  std: 0.0
trans:
  max: 54.68758261174066
  mean: 54.68758261174066
  median: 54.68758261174066
  min: 54.68758261174066
  num_samples: 1
  rmse: 54.68758261174066
  std: 0.0
