rot:
  max: 179.5839560050411
  mean: 12.840734507421159
  median: 9.156941871327968
  min: 0.0014652215739311117
  num_samples: 2592
  rmse: 25.16583419838946
  std: 21.64335344189417
scale:
  max: 1227967.965611622
  mean: 573.8564775642293
  median: 7.2939456462304815
  min: 0.14369631126556204
  num_samples: 2592
  rmse: 24122.2054870904
  std: 24115.37862660614
trans:
  max: 257.05448316254444
  mean: 153.21201241085018
  median: 173.22397614641534
  min: 0.001228067965611622
  num_samples: 2592
  rmse: 172.19816540681887
  std: 78.60208281268153
