rot:
  max: 25.16583419838946
  mean: 25.16583419838946
  median: 25.16583419838946
  min: 25.16583419838946
  num_samples: 1
  rmse: 25.16583419838946
  std: 0.0
scale:
  max: 24122.2054870904
  mean: 24122.2054870904
  median: 24122.2054870904
  min: 24122.2054870904
  num_samples: 1
  rmse: 24122.2054870904
  std: 0.0
trans:
  max: 172.19816540681887
  mean: 172.19816540681887
  median: 172.19816540681887
  min: 172.19816540681887
  num_samples: 1
  rmse: 172.19816540681887
  std: 0.0
