rot:
  max: 6.365727206997118
  mean: 3.0738781034761975
  median: 3.4954374379142603
  min: 0.00028484216398121505
  num_samples: 535
  rmse: 3.7674999331335464
  std: 2.1783776419920517
scale:
  max: 2557282.951710896
  mean: 8003.9468233927855
  median: 5.406683092080544
  min: 0.010761606641929156
  num_samples: 535
  rmse: 126337.5191882872
  std: 126083.72452421898
trans:
  max: 24.151040263688433
  mean: 5.90501731146108
  median: 4.686403526394758
  min: 0.0
  num_samples: 535
  rmse: 8.496270696184894
  std: 6.1087958137586424
