rot:
  max: 3.7674999331335464
  mean: 3.7674999331335464
  median: 3.7674999331335464
  min: 3.7674999331335464
  num_samples: 1
  rmse: 3.7674999331335464
  std: 0.0
scale:
  max: 126337.5191882872
  mean: 126337.5191882872
  median: 126337.5191882872
  min: 126337.5191882872
  num_samples: 1
  rmse: 126337.5191882872
  std: 0.0
trans:
  max: 8.496270696184894
  mean: 8.496270696184894
  median: 8.496270696184894
  min: 8.496270696184894
  num_samples: 1
  rmse: 8.496270696184894
  std: 0.0
