rot:
  max: 13.080623727453958
  mean: 7.181400825897667
  median: 8.624205721564564
  min: 0.0006785081735415092
  num_samples: 535
  rmse: 8.606146705760192
  std: 4.742704217939729
scale:
  max: 3152899.5866021384
  mean: 13703.329117475647
  median: 10.910919371842521
  min: 0.0007236769495211348
  num_samples: 535
  rmse: 192946.6830973138
  std: 192459.45362427228
trans:
  max: 47.482442303357395
  mean: 19.80338699652145
  median: 17.565707730838486
  min: 3.8474106316268337e-08
  num_samples: 535
  rmse: 26.11786847216883
  std: 17.028473713034757
