rot:
  max: 8.606146705760192
  mean: 8.606146705760192
  median: 8.606146705760192
  min: 8.606146705760192
  num_samples: 1
  rmse: 8.606146705760192
  std: 0.0
scale:
  max: 192946.6830973138
  mean: 192946.6830973138
  median: 192946.6830973138
  min: 192946.6830973138
  num_samples: 1
  rmse: 192946.6830973138
  std: 0.0
trans:
  max: 26.11786847216883
  mean: 26.11786847216883
  median: 26.11786847216883
  min: 26.11786847216883
  num_samples: 1
  rmse: 26.11786847216883
  std: 0.0
