rot:
  max: 24.484866922568873
  mean: 15.041515732518313
  median: 16.16767101313474
  min: 1.1459155902616465e-14
  num_samples: 2095
  rmse: 16.127840929081433
  std: 5.818939551340804
scale:
  max: 101435.19395432294
  mean: 678.9930332221894
  median: 10.836240802355457
  min: 0.0061550330795689945
  num_samples: 2095
  rmse: 6435.7301491554545
  std: 6399.811795168997
trans:
  max: 531.6240794052106
  mean: 289.7739215056923
  median: 338.54884049920923
  min: 0.0
  num_samples: 2095
  rmse: 335.88535972980003
  std: 169.85302262847736
