rot:
  max: 16.127840929081433
  mean: 16.127840929081433
  median: 16.127840929081433
  min: 16.127840929081433
  num_samples: 1
  rmse: 16.127840929081433
  std: 0.0
scale:
  max: 6435.7301491554545
  mean: 6435.7301491554545
  median: 6435.7301491554545
  min: 6435.7301491554545
  num_samples: 1
  rmse: 6435.7301491554545
  std: 0.0
trans:
  max: 335.88535972980003
  mean: 335.88535972980003
  median: 335.88535972980003
  min: 335.88535972980003
  num_samples: 1
  rmse: 335.88535972980003
  std: 0.0
