rot:
  max: 13.839870426562182
  mean: 3.457807536372104
  median: 3.059634577822113
  min: 0.0
  num_samples: 792
  rmse: 4.217014154400787
  std: 2.4138714588446653
scale:
  max: 2665.706086491053
  mean: 60.07456877717094
  median: 4.1653115766703275
  min: 0.017957279084279687
  num_samples: 792
  rmse: 227.36043099235155
  std: 219.2802128949733
trans:
  max: 19.278952380614818
  mean: 12.47234241063389
  median: 13.916813132897772
  min: 0.0
  num_samples: 792
  rmse: 13.81624790909998
  std: 5.943852376835476
