rot:
  max: 4.217014154400787
  mean: 4.217014154400787
  median: 4.217014154400787
  min: 4.217014154400787
  num_samples: 1
  rmse: 4.217014154400787
  std: 0.0
scale:
  max: 227.36043099235155
  mean: 227.36043099235155
  median: 227.36043099235155
  min: 227.36043099235155
  num_samples: 1
  rmse: 227.36043099235155
  std: 0.0
trans:
  max: 13.81624790909998
  mean: 13.81624790909998
  median: 13.81624790909998
  min: 13.81624790909998
  num_samples: 1
  rmse: 13.81624790909998
  std: 0.0
