rot:
  max: 12.612026055361579
  mean: 7.607818673221374
  median: 10.048218041126175
  min: 0.002037169356248867
  num_samples: 772
  rmse: 8.473952737858985
  std: 3.7321535390243503
scale:
  max: 62084.82777896312
  mean: 1607.6565060794715
  median: 252.9160663829202
  min: 0.07819242322191222
  num_samples: 772
  rmse: 6316.941313157887
  std: 6108.943289337463
trans:
  max: 114.89619539683264
  mean: 69.12172194532172
  median: 105.01008079729004
  min: 0.0
  num_samples: 772
  rmse: 84.12924319975103
  std: 47.95745110696026
