rot:
  max: 8.473952737858985
  mean: 8.473952737858985
  median: 8.473952737858985
  min: 8.473952737858985
  num_samples: 1
  rmse: 8.473952737858985
  std: 0.0
scale:
  max: 6316.941313157887
  mean: 6316.941313157887
  median: 6316.941313157887
  min: 6316.941313157887
  num_samples: 1
  rmse: 6316.941313157887
  std: 0.0
trans:
  max: 84.12924319975103
  mean: 84.12924319975103
  median: 84.12924319975103
  min: 84.12924319975103
  num_samples: 1
  rmse: 84.12924319975103
  std: 0.0
