rot:
  max: 23.87471221905186
  mean: 14.829571468540145
  median: 16.16767101313474
  min: 1.1459155902616465e-14
  num_samples: 2095
  rmse: 15.863342717722462
  std: 5.632890220781719
scale:
  max: 101188.31554532348
  mean: 677.444246496154
  median: 10.836240802355457
  min: 0.0061550330795689945
  num_samples: 2095
  rmse: 6420.04101167084
  std: 6384.198922685977
trans:
  max: 531.6240794052106
  mean: 289.74304399230454
  median: 337.862092074788
  min: 0.0
  num_samples: 2095
  rmse: 335.8542684918638
  std: 169.8442172176563
