rot:
  max: 13.863769681141257
  mean: 3.4522483422369183
  median: 3.2759357274404106
  min: 0.0005860310670338717
  num_samples: 1101
  rmse: 3.894254188567414
  std: 1.8019980767740276
scale:
  max: 331.15703572743234
  mean: 5.990287839208244
  median: 2.374367719592474
  min: 0.062414201680005554
  num_samples: 1101
  rmse: 26.39018490989695
  std: 25.701328976961214
trans:
  max: 106.98784442411015
  mean: 54.78480463381684
  median: 60.07271592220058
  min: 0.0
  num_samples: 1101
  rmse: 64.60801775000307
  std: 34.24647629785044
