rot:
  max: 3.894254188567414
  mean: 3.894254188567414
  median: 3.894254188567414
  min: 3.894254188567414
  num_samples: 1
  rmse: 3.894254188567414
  std: 0.0
scale:
  max: 26.39018490989695
  mean: 26.39018490989695
  median: 26.39018490989695
  min: 26.39018490989695
  num_samples: 1
  rmse: 26.39018490989695
  std: 0.0
trans:
  max: 64.60801775000307
  mean: 64.60801775000307
  median: 64.60801775000307
  min: 64.60801775000307
  num_samples: 1
  rmse: 64.60801775000307
  std: 0.0
