rot:
  max: 19.50431717430491
  mean: 12.953015411413542
  median: 13.267685462767124
  min: 0.0
  num_samples: 2686
  rmse: 14.091074462470823
  std: 5.547771738146823
scale:
  max: 107544.65053032807
  mean: 340.02715368221686
  median: 6.490325663341712
  min: 0.10105224750915909
  num_samples: 2686
  rmse: 2919.5881787091566
  std: 2899.720101667922
trans:
  max: 334.8964617625815
  mean: 197.7931832288699
  median: 227.53217140740358
  min: 0.0
  num_samples: 2686
  rmse: 218.6908368666667
  std: 93.29275854874108
