rot:
  max: 14.091074462470823
  mean: 14.091074462470823
  median: 14.091074462470823
  min: 14.091074462470823
  num_samples: 1
  rmse: 14.091074462470823
  std: 0.0
scale:
  max: 2919.5881787091566
  mean: 2919.5881787091566
  median: 2919.5881787091566
  min: 2919.5881787091566
  num_samples: 1
  rmse: 2919.5881787091566
  std: 0.0
trans:
  max: 218.6908368666667
  mean: 218.6908368666667
  median: 218.6908368666667
  min: 218.6908368666667
  num_samples: 1
  rmse: 218.6908368666667
  std: 0.0
