rot:
  max: 11.247679069878215
  mean: 4.351224910770111
  median: 5.381610563460831
  min: 0.00260916829651933
  num_samples: 535
  rmse: 4.9216111311191915
  std: 2.2998038833452674
scale:
  max: 2560772.933327428
  mean: 8222.831879050793
  median: 4.637378513856194
  min: 0.005365927845635277
  num_samples: 535
  rmse: 126937.64567087432
  std: 126671.03427521739
trans:
  max: 29.254207757624282
  mean: 13.617455297310922
  median: 18.159583690059126
  min: 0.0
  num_samples: 535
  rmse: 16.588686446464866
  std: 9.473617537396462
