rot:
  max: 4.9216111311191915
  mean: 4.9216111311191915
  median: 4.9216111311191915
  min: 4.9216111311191915
  num_samples: 1
  rmse: 4.9216111311191915
  std: 0.0
scale:
  max: 126937.64567087432
  mean: 126937.64567087432
  median: 126937.64567087432
  min: 126937.64567087432
  num_samples: 1
  rmse: 126937.64567087432
  std: 0.0
trans:
  max: 16.588686446464866
  mean: 16.588686446464866
  median: 16.588686446464866
  min: 16.588686446464866
  num_samples: 1
  rmse: 16.588686446464866
  std: 0.0
