rot:
  max: 174.94595181136748
  mean: 8.405394702670813
  median: 5.38437120853143
  min: 0.006610887093053061
  num_samples: 2592
  rmse: 19.86648729533468
  std: 18.000740466658797
scale:
  max: 1227967.965611622
  mean: 492.06743298772165
  median: 6.00727090475297
  min: 0.16944043853545088
  num_samples: 2592
  rmse: 24119.62597447133
  std: 24114.60608821519
trans:
  max: 165.12468694162462
  mean: 94.45825042791861
  median: 99.68066736250123
  min: 0.001228067965611622
  num_samples: 2592
  rmse: 108.3301942341473
  std: 53.03838146950467
