rot:
  max: 19.86648729533468
  mean: 19.86648729533468
  median: 19.86648729533468
  min: 19.86648729533468
  num_samples: 1
  rmse: 19.86648729533468
  std: 0.0
scale:
  max: 24119.62597447133
  mean: 24119.62597447133
  median: 24119.62597447133
  min: 24119.62597447133
  num_samples: 1
  rmse: 24119.62597447133
  std: 0.0
trans:
  max: 108.3301942341473
  mean: 108.3301942341473
  median: 108.3301942341473
  min: 108.3301942341473
  num_samples: 1
  rmse: 108.3301942341473
  std: 0.0
