rot:
  max: 18.064313146091916
  mean: 11.028263193397208
  median: 11.166886999512345
  min: 1.1459155902616465e-14
  num_samples: 2095
  rmse: 11.922266795224385
  std: 4.529664057484876
scale:
  max: 46207.61051551941
  mean: 315.1530957416502
  median: 8.41899277305853
  min: 0.012025276604332724
  num_samples: 2095
  rmse: 2901.3234678761955
  std: 2884.156096936088
trans:
  max: 363.62586192282447
  mean: 189.90961290964904
  median: 190.0398367859704
  min: 0.0
  num_samples: 2095
  rmse: 219.44552746573947
  std: 109.95762115116841
