rot:
  max: 11.922266795224385
  mean: 11.922266795224385
  median: 11.922266795224385
  min: 11.922266795224385
  num_samples: 1
  rmse: 11.922266795224385
  std: 0.0
scale:
  max: 2901.3234678761955
  mean: 2901.3234678761955
  median: 2901.3234678761955
  min: 2901.3234678761955
  num_samples: 1
  rmse: 2901.3234678761955
  std: 0.0
trans:
  max: 219.44552746573947
  mean: 219.44552746573947
  median: 219.44552746573947
  min: 219.44552746573947
  num_samples: 1
  rmse: 219.44552746573947
  std: 0.0
