rot:
  max: 16.380224400394344
  mean: 8.483933323125463
  median: 6.093963412746029
  min: 0.0
  num_samples: 792
  rmse: 9.98056649022758
  std: 5.256860549283668
scale:
  max: 5492.287134370773
  mean: 121.31391938892467
  median: 5.707810575045613
  min: 0.0062836401753196824
  num_samples: 792
  rmse: 438.69129750211357
  std: 421.5839032346769
trans:
  max: 47.41305784884411
  mean: 21.483764744797462
  median: 16.95052086909617
  min: 0.0
  num_samples: 792
  rmse: 25.602509280695216
  std: 13.92610260834963
