rot:
  max: 20.65075931264268
  mean: 10.305676839324681
  median: 8.552705247692572
  min: 0.00042243057245074247
  num_samples: 1330
  rmse: 12.462816900098673
  std: 7.00819734088531
scale:
  max: 23085730.07557089
  mean: 28525.003862411606
  median: 5.580262611563402
  min: 0.031793699123205954
  num_samples: 1330
  rmse: 711844.8777275317
  std: 711273.1220154279
trans:
  max: 259.4694950024239
  mean: 84.93399981901126
  median: 60.091195985778064
  min: 9.678172040897828e-08
  num_samples: 1330
  rmse: 116.8610205510127
  std: 80.26651729686802
