rot:
  max: 12.462816900098673
  mean: 12.462816900098673
  median: 12.462816900098673
  min: 12.462816900098673
  num_samples: 1
  rmse: 12.462816900098673
  std: 0.0
scale:
  max: 711844.8777275317
  mean: 711844.8777275317
  median: 711844.8777275317
  min: 711844.8777275317
  num_samples: 1
  rmse: 711844.8777275317
  std: 0.0
trans:
  max: 116.8610205510127
  mean: 116.8610205510127
  median: 116.8610205510127
  min: 116.8610205510127
  num_samples: 1
  rmse: 116.8610205510127
  std: 0.0
