rot:
  max: 17.180221248812238
  mean: 9.727538233110872
  median: 8.537420939968678
  min: 0.0016653275185080497
  num_samples: 1101
  rmse: 10.679326051037258
  std: 4.407153823924147
scale:
  max: 288.19372804930293
  mean: 6.8279299270385145
  median: 3.654129529062744
  min: 0.01998454229528157
  num_samples: 1101
  rmse: 24.31364681021822
  std: 23.335226463942586
trans:
  max: 218.576662059467
  mean: 95.26762626683572
  median: 91.68166687153426
  min: 9.29184417226616e-08
  num_samples: 1101
  rmse: 115.40968786478182
  std: 65.14196372944926
