rot:
  max: 10.679326051037258
  mean: 10.679326051037258
  median: 10.679326051037258
  min: 10.679326051037258
  num_samples: 1
  rmse: 10.679326051037258
  std: 0.0
scale:
  max: 24.31364681021822
  mean: 24.31364681021822
  median: 24.31364681021822
  min: 24.31364681021822
  num_samples: 1
  rmse: 24.31364681021822
  std: 0.0
trans:
  max: 115.40968786478182
  mean: 115.40968786478182
  median: 115.40968786478182
  min: 115.40968786478182
  num_samples: 1
  rmse: 115.40968786478182
  std: 0.0
