rot:
  max: 13.3667499807069
  mean: 2.98415917072876
  median: 2.952965956509911
  min: 0.0006741862031264913
  num_samples: 1330
  rmse: 3.508597390414955
  std: 1.8452776733549001
scale:
  max: 11823396.453366015
  mean: 17077.21665985008
  median: 1.4095544687790618
  min: 0.012044309516578977
  num_samples: 1330
  rmse: 399061.35829430236
  std: 398695.7942527688
trans:
  max: 81.73984944182445
  mean: 39.883690813403454
  median: 41.53279231008722
  min: 0.0
  num_samples: 1330
  rmse: 48.83562982192531
  std: 28.18173073473234
