rot:
  max: 3.508597390414955
  mean: 3.508597390414955
  median: 3.508597390414955
  min: 3.508597390414955
  num_samples: 1
  rmse: 3.508597390414955
  std: 0.0
scale:
  max: 399061.35829430236
  mean: 399061.35829430236
  median: 399061.35829430236
  min: 399061.35829430236
  num_samples: 1
  rmse: 399061.35829430236
  std: 0.0
trans:
  max: 48.83562982192531
  mean: 48.83562982192531
  median: 48.83562982192531
  min: 48.83562982192531
  num_samples: 1
  rmse: 48.83562982192531
  std: 0.0
