rot:
  max: 13.085745282400058
  mean: 3.132950037763029
  median: 2.9822294241867944
  min: 0.0022778259535207917
  num_samples: 1311
  rmse: 3.6145581016957298
  std: 1.8026797639666536
scale:
  max: 1668.19762570919
  mean: 12.900300612802809
  median: 2.09807513278355
  min: 0.0639450156739052
  num_samples: 1311
  rmse: 84.67024298753556
  std: 83.6817321263586
trans:
  max: 75.89838629536233
  mean: 39.370886664344226
  median: 39.435135841040726
  min: 0.0
  num_samples: 1311
  rmse: 46.34598779248441
  std: 24.45166390502854
