rot:
  max: 3.6145581016957298
  mean: 3.6145581016957298
  median: 3.6145581016957298
  min: 3.6145581016957298
  num_samples: 1
  rmse: 3.6145581016957298
  std: 0.0
scale:
  max: 84.67024298753556
  mean: 84.67024298753556
  median: 84.67024298753556
  min: 84.67024298753556
  num_samples: 1
  rmse: 84.67024298753556
  std: 0.0
trans:
  max: 46.34598779248441
  mean: 46.34598779248441
  median: 46.34598779248441
  min: 46.34598779248441
  num_samples: 1
  rmse: 46.34598779248441
  std: 0.0
