rot:
  max: 49.37382469340393
  mean: 28.364399249752402
  median: 28.36354484762159
  min: 0.0
  num_samples: 2111
  rmse: 31.349293897811936
  std: 13.35062107514232
scale:
  max: 20993992.132364765
  mean: 18119.016322244548
  median: 21.678518638709264
  min: 0.40427460744146826
  num_samples: 2111
  rmse: 538375.4367843303
  std: 538070.4528035641
trans:
  max: 956.3614111515192
  mean: 489.66536830730195
  median: 500.0190100218436
  min: 0.0
  num_samples: 2111
  rmse: 574.8754740347782
  std: 301.1804072764121
