rot:
  max: 31.349293897811936
  mean: 31.349293897811936
  median: 31.349293897811936
  min: 31.349293897811936
  num_samples: 1
  rmse: 31.349293897811936
  std: 0.0
scale:
  max: 538375.4367843303
  mean: 538375.4367843303
  median: 538375.4367843303
  min: 538375.4367843303
  num_samples: 1
  rmse: 538375.4367843303
  std: 0.0
trans:
  max: 574.8754740347782
  mean: 574.8754740347782
  median: 574.8754740347782
  min: 574.8754740347782
  num_samples: 1
  rmse: 574.8754740347782
  std: 0.0
