rot:
  max: 8.106328640885668
  mean: 1.3971611765868206
  median: 1.031114015353502
  min: 0.0
  num_samples: 792
  rmse: 2.0359165335585647
  std: 1.4808432659318318
scale:
  max: 95045.45683651343
  mean: 223.66677377539338
  median: 3.055316980588935
  min: 0.006927981193682875
  num_samples: 792
  rmse: 3823.5511453634326
  std: 3817.0036069564994
trans:
  max: 9.19371053256953
  mean: 3.8828074537718886
  median: 3.3941106631209195
  min: 0.0
  num_samples: 792
  rmse: 4.653610151532386
  std: 2.5651303513425483
