rot:
  max: 2.0359165335585647
  mean: 2.0359165335585647
  median: 2.0359165335585647
  min: 2.0359165335585647
  num_samples: 1
  rmse: 2.0359165335585647
  std: 0.0
scale:
  max: 3823.5511453634326
  mean: 3823.5511453634326
  median: 3823.5511453634326
  min: 3823.5511453634326
  num_samples: 1
  rmse: 3823.5511453634326
  std: 0.0
trans:
  max: 4.653610151532386
  mean: 4.653610151532386
  median: 4.653610151532386
  min: 4.653610151532386
  num_samples: 1
  rmse: 4.653610151532386
  std: 0.0
