rot:
  max: 28.79361849993514
  mean: 16.881924380776745
  median: 24.769138567698608
  min: 0.002037169356248867
  num_samples: 772
  rmse: 20.273615214127005
  std: 11.225867585724398
scale:
  max: 113359.54348713074
  mean: 2928.6667221601942
  median: 480.1207528457718
  min: 0.056875695172919905
  num_samples: 772
  rmse: 11551.947083929037
  std: 11174.542167820926
trans:
  max: 221.34783558790826
  mean: 124.96196492587218
  median: 196.67531394841478
  min: 0.0
  num_samples: 772
  rmse: 156.54819526184988
  std: 94.29657873755215
