rot:
  max: 20.273615214127005
  mean: 20.273615214127005
  median: 20.273615214127005
  min: 20.273615214127005
  num_samples: 1
  rmse: 20.273615214127005
  std: 0.0
scale:
  max: 11551.947083929037
  mean: 11551.947083929037
  median: 11551.947083929037
  min: 11551.947083929037
  num_samples: 1
  rmse: 11551.947083929037
  std: 0.0
trans:
  max: 156.54819526184988
  mean: 156.54819526184988
  median: 156.54819526184988
  min: 156.54819526184988
  num_samples: 1
  rmse: 156.54819526184988
  std: 0.0
