rot:
  max: 13.313169563787886
  mean: 3.169740009452943
  median: 3.1507577498802593
  min: 0.0006741862031264913
  num_samples: 1330
  rmse: 3.679154454166819
  std: 1.8678666360553686
scale:
  max: 11823396.453366015
  mean: 17076.85374188688
  median: 1.3061709547800282
  min: 0.0026186937724492765
  num_samples: 1330
  rmse: 399061.3578847413
  std: 398695.80938742234
trans:
  max: 80.55512775536435
  mean: 39.50496532747789
  median: 41.554281227991865
  min: 0.0
  num_samples: 1330
  rmse: 48.263743348130674
  std: 27.726280609721133
