rot:
  max: 3.679154454166819
  mean: 3.679154454166819
  median: 3.679154454166819
  min: 3.679154454166819
  num_samples: 1
  rmse: 3.679154454166819
  std: 0.0
scale:
  max: 399061.3578847413
  mean: 399061.3578847413
  median: 399061.3578847413
  min: 399061.3578847413
  num_samples: 1
  rmse: 399061.3578847413
  std: 0.0
trans:
  max: 48.263743348130674
  mean: 48.263743348130674
  median: 48.263743348130674
  min: 48.263743348130674
  num_samples: 1
  rmse: 48.263743348130674
  std: 0.0
