rot:
  max: 20.667299817065185
  mean: 13.014462556427965
  median: 14.583881261154342
  min: 1.1459155902616465e-14
  num_samples: 2095
  rmse: 13.79954383741053
  std: 4.588155891853436
scale:
  max: 69615.43192726733
  mean: 466.24789404271525
  median: 10.340960007886245
  min: 0.00462296106860105
  num_samples: 2095
  rmse: 4415.621526043342
  std: 4390.936843380699
trans:
  max: 487.65084358719105
  mean: 262.2041996501485
  median: 259.5663732634528
  min: 0.0
  num_samples: 2095
  rmse: 302.04280423441264
  std: 149.92936095245926
