rot:
  max: 13.79954383741053
  mean: 13.79954383741053
  median: 13.79954383741053
  min: 13.79954383741053
  num_samples: 1
  rmse: 13.79954383741053
  std: 0.0
scale:
  max: 4415.621526043342
  mean: 4415.621526043342
  median: 4415.621526043342
  min: 4415.621526043342
  num_samples: 1
  rmse: 4415.621526043342
  std: 0.0
trans:
  max: 302.04280423441264
  mean: 302.04280423441264
  median: 302.04280423441264
  min: 302.04280423441264
  num_samples: 1
  rmse: 302.04280423441264
  std: 0.0
