rot:
  max: 9.589383824556748
  mean: 5.616600222403214
  median: 5.668586273000336
  min: 0.00028484216398121505
  num_samples: 535
  rmse: 6.3764789092469405
  std: 3.018821826768054
scale:
  max: 2557282.951710896
  mean: 8110.292061924026
  median: 15.435802287168299
  min: 0.009507704457578647
  num_samples: 535
  rmse: 126338.55186930446
  std: 126077.96338418234
trans:
  max: 29.27999040986886
  mean: 13.819378211035259
  median: 15.462823859287695
  min: 0.0
  num_samples: 535
  rmse: 17.528171728935902
  std: 10.782466787309469
