rot:
  max: 6.3764789092469405
  mean: 6.3764789092469405
  median: 6.3764789092469405
  min: 6.3764789092469405
  num_samples: 1
  rmse: 6.3764789092469405
  std: 0.0
scale:
  max: 126338.55186930446
  mean: 126338.55186930446
  median: 126338.55186930446
  min: 126338.55186930446
  num_samples: 1
  rmse: 126338.55186930446
  std: 0.0
trans:
  max: 17.528171728935902
  mean: 17.528171728935902
  median: 17.528171728935902
  min: 17.528171728935902
  num_samples: 1
  rmse: 17.528171728935902
  std: 0.0
