rot:
  max: 15.12278489651377
  mean: 9.463096841391579
  median: 9.449642273424892
  min: 1.1459155902616465e-14
  num_samples: 2095
  rmse: 10.003315904669499
  std: 3.2428578844991787
scale:
  max: 21657.037897794104
  mean: 164.25440256985755
  median: 6.463213015431446
  min: 0.008543882901668187
  num_samples: 2095
  rmse: 1419.8171099455858
  std: 1410.2840554053832
trans:
  max: 291.14400842426056
  mean: 155.43181209283648
  median: 153.28624643889714
  min: 0.0
  num_samples: 2095
  rmse: 178.00409039171092
  std: 86.75487297966362
