rot:
  max: 10.003315904669499
  mean: 10.003315904669499
  median: 10.003315904669499
  min: 10.003315904669499
  num_samples: 1
  rmse: 10.003315904669499
  std: 0.0
scale:
  max: 1419.8171099455858
  mean: 1419.8171099455858
  median: 1419.8171099455858
  min: 1419.8171099455858
  num_samples: 1
  rmse: 1419.8171099455858
  std: 0.0
trans:
  max: 178.00409039171092
  mean: 178.00409039171092
  median: 178.00409039171092
  min: 178.00409039171092
  num_samples: 1
  rmse: 178.00409039171092
  std: 0.0
