rot:
  max: 15.355718853699601
  mean: 7.447271475539161
  median: 7.209504066326263
  min: 0.00212969360678017
  num_samples: 1330
  rmse: 8.282396282005557
  std: 3.6243945345119695
scale:
  max: 24519810.477114342
  mean: 30664.294283448464
  median: 3.8369648493545627
  min: 0.04249422343984843
  num_samples: 1330
  rmse: 762003.4620367115
  std: 761386.2207920707
trans:
  max: 218.08715588147018
  mean: 77.85646579142262
  median: 77.91331104611143
  min: 9.938361130639345e-08
  num_samples: 1330
  rmse: 97.81581322400052
  std: 59.21405281807347
