rot:
  max: 8.282396282005557
  mean: 8.282396282005557
  median: 8.282396282005557
  min: 8.282396282005557
  num_samples: 1
  rmse: 8.282396282005557
  std: 0.0
scale:
  max: 762003.4620367115
  mean: 762003.4620367115
  median: 762003.4620367115
  min: 762003.4620367115
  num_samples: 1
  rmse: 762003.4620367115
  std: 0.0
trans:
  max: 97.81581322400052
  mean: 97.81581322400052
  median: 97.81581322400052
  min: 97.81581322400052
  num_samples: 1
  rmse: 97.81581322400052
  std: 0.0
