rot:
  max: 17.85394380334026
  mean: 10.401805335827206
  median: 10.72572391611704
  min: 1.1459155902616465e-14
  num_samples: 2095
  rmse: 11.21520685414983
  std: 4.193245823574624
scale:
  max: 47484.73575881657
  mean: 323.28872930123487
  median: 7.586199107870173
  min: 0.001813325966992796
  num_samples: 2095
  rmse: 2980.3850079828394
  std: 2962.7992158287852
trans:
  max: 366.53543630810316
  mean: 188.37962458150687
  median: 176.30409392780913
  min: 0.0
  num_samples: 2095
  rmse: 217.8121506080485
  std: 109.3400658269133
