rot:
  max: 11.21520685414983
  mean: 11.21520685414983
  median: 11.21520685414983
  min: 11.21520685414983
  num_samples: 1
  rmse: 11.21520685414983
  std: 0.0
scale:
  max: 2980.3850079828394
  mean: 2980.3850079828394
  median: 2980.3850079828394
  min: 2980.3850079828394
  num_samples: 1
  rmse: 2980.3850079828394
  std: 0.0
trans:
  max: 217.8121506080485
  mean: 217.8121506080485
  median: 217.8121506080485
  min: 217.8121506080485
  num_samples: 1
  rmse: 217.8121506080485
  std: 0.0
