rot:
  max: 9.704658758057542
  mean: 2.351557884782671
  median: 2.0335407452682093
  min: 0.0
  num_samples: 792
  rmse: 2.6578139018327023
  std: 1.2386081911934972
scale:
  max: 2935.079964843961
  mean: 66.56255442060811
  median: 7.451766227644486
  min: 0.013329380127657942
  num_samples: 792
  rmse: 247.04966198824044
  std: 237.91376975178935
trans:
  max: 20.459282444011258
  mean: 11.645470312166463
  median: 9.388241792766433
  min: 0.0
  num_samples: 792
  rmse: 13.583246096804102
  std: 6.991966514135594
