rot:
  max: 2.6578139018327023
  mean: 2.6578139018327023
  median: 2.6578139018327023
  min: 2.6578139018327023
  num_samples: 1
  rmse: 2.6578139018327023
  std: 0.0
scale:
  max: 247.04966198824044
  mean: 247.04966198824044
  median: 247.04966198824044
  min: 247.04966198824044
  num_samples: 1
  rmse: 247.04966198824044
  std: 0.0
trans:
  max: 13.583246096804102
  mean: 13.583246096804102
  median: 13.583246096804102
  min: 13.583246096804102
  num_samples: 1
  rmse: 13.583246096804102
  std: 0.0
