rot:
  max: 19.63526491385529
  mean: 10.95021457790983
  median: 10.395963228035395
  min: 0.00212969360678017
  num_samples: 1330
  rmse: 12.538356618301165
  std: 6.107633533982508
scale:
  max: 24538392.18286648
  mean: 30688.261331282803
  median: 4.980522424620515
  min: 0.04891466405938516
  num_samples: 1330
  rmse: 762505.2739145213
  std: 761887.4742138251
trans:
  max: 285.3629923897659
  mean: 95.4797286058837
  median: 72.68296033324388
  min: 9.938361130639345e-08
  num_samples: 1330
  rmse: 123.54519140805093
  std: 78.40303403184558
