rot:
  max: 12.538356618301165
  mean: 12.538356618301165
  median: 12.538356618301165
  min: 12.538356618301165
  num_samples: 1
  rmse: 12.538356618301165
  std: 0.0
scale:
  max: 762505.2739145213
  mean: 762505.2739145213
  median: 762505.2739145213
  min: 762505.2739145213
  num_samples: 1
  rmse: 762505.2739145213
  std: 0.0
trans:
  max: 123.54519140805093
  mean: 123.54519140805093
  median: 123.54519140805093
  min: 123.54519140805093
  num_samples: 1
  rmse: 123.54519140805093
  std: 0.0
