rot:
  max: 43.16710074206917
  mean: 23.804940247760964
  median: 22.862416117011797
  min: 0.0
  num_samples: 2686
  rmse: 26.966793999058662
  std: 12.670153842325531
scale:
  max: 240193.235764105
  mean: 767.357078134119
  median: 13.157905763681176
  min: 0.09104658821308398
  num_samples: 2686
  rmse: 6545.439156886633
  std: 6500.302829187443
trans:
  max: 611.6887218237204
  mean: 355.99042544591754
  median: 432.70323735303305
  min: 0.0
  num_samples: 2686
  rmse: 401.7558103965214
  std: 186.22177149356156
