rot:
  max: 1.7787974345018083
  mean: 0.5316202806264526
  median: 0.25819400118257607
  min: 0.0004746431245258161
  num_samples: 1101
  rmse: 0.7342907318011639
  std: 0.5065202424738231
scale:
  max: 13823.080277924504
  mean: 35.79633195526873
  median: 1.2848444831909278
  min: 0.0723342007349248
  num_samples: 1101
  rmse: 604.3733254458288
  std: 603.3123064624142
trans:
  max: 23.317879093212966
  mean: 12.75906323605722
  median: 13.44652249464501
  min: 0.0
  num_samples: 1101
  rmse: 14.960814108767972
  std: 7.8123149024731395
