rot:
  max: 17.687476612041934
  mean: 10.77724898044245
  median: 10.874711963935475
  min: 1.1459155902616465e-14
  num_samples: 2095
  rmse: 11.62393583119381
  std: 4.355087670904401
scale:
  max: 55927.195218133485
  mean: 379.6245731006966
  median: 8.66338821078707
  min: 0.03452358063815719
  num_samples: 2095
  rmse: 3507.6527002128273
  std: 3487.0492753628323
trans:
  max: 331.9980663659616
  mean: 173.45990797778887
  median: 184.50314451222602
  min: 0.0
  num_samples: 2095
  rmse: 201.16277960429227
  std: 101.87307898783698
