rot:
  max: 11.62393583119381
  mean: 11.62393583119381
  median: 11.62393583119381
  min: 11.62393583119381
  num_samples: 1
  rmse: 11.62393583119381
  std: 0.0
scale:
  max: 3507.6527002128273
  mean: 3507.6527002128273
  median: 3507.6527002128273
  min: 3507.6527002128273
  num_samples: 1
  rmse: 3507.6527002128273
  std: 0.0
trans:
  max: 201.16277960429227
  mean: 201.16277960429227
  median: 201.16277960429227
  min: 201.16277960429227
  num_samples: 1
  rmse: 201.16277960429227
  std: 0.0
