rot:
  max: 11.053799320071963
  mean: 5.49770148234281
  median: 5.74387598941325
  min: 0.00260916829651933
  num_samples: 535
  rmse: 6.200780990036988
  std: 2.8679196811364402
scale:
  max: 2560772.933327428
  mean: 8321.21278445765
  median: 25.71134354786404
  min: 0.006959150005769743
  num_samples: 535
  rmse: 126939.40872132187
  std: 126666.37637634776
trans:
  max: 39.39493345192179
  mean: 19.237262578200763
  median: 21.421660419186185
  min: 0.0
  num_samples: 535
  rmse: 24.317666611675516
  std: 14.875370178047827
