rot:
  max: 6.200780990036988
  mean: 6.200780990036988
  median: 6.200780990036988
  min: 6.200780990036988
  num_samples: 1
  rmse: 6.200780990036988
  std: 0.0
scale:
  max: 126939.40872132187
  mean: 126939.40872132187
  median: 126939.40872132187
  min: 126939.40872132187
  num_samples: 1
  rmse: 126939.40872132187
  std: 0.0
trans:
  max: 24.317666611675516
  mean: 24.317666611675516
  median: 24.317666611675516
  min: 24.317666611675516
  num_samples: 1
  rmse: 24.317666611675516
  std: 0.0
