rot:
  max: 4.957454751509058
  mean: 3.4092946713539627
  median: 3.8923074081980102
  min: 0.00014039785329892146
  num_samples: 772
  rmse: 3.6149142780720913
  std: 1.2017966057894103
scale:
  max: 82179.4422051431
  mean: 801.2385543365205
  median: 63.219064125087485
  min: 0.15489515387805408
  num_samples: 772
  rmse: 5500.98833157274
  std: 5442.323897301976
trans:
  max: 31.360416804517477
  mean: 20.99019271847883
  median: 28.36743088735568
  min: 0.0
  num_samples: 772
  rmse: 23.745899750876582
  std: 11.103133099256208
