rot:
  max: 3.6149142780720913
  mean: 3.6149142780720913
  median: 3.6149142780720913
  min: 3.6149142780720913
  num_samples: 1
  rmse: 3.6149142780720913
  std: 0.0
scale:
  max: 5500.98833157274
  mean: 5500.98833157274
  median: 5500.98833157274
  min: 5500.98833157274
  num_samples: 1
  rmse: 5500.98833157274
  std: 0.0
trans:
  max: 23.745899750876582
  mean: 23.745899750876582
  median: 23.745899750876582
  min: 23.745899750876582
  num_samples: 1
  rmse: 23.745899750876582
  std: 0.0
