rot:
  max: 14.13118754895784
  mean: 4.729731500490918
  median: 4.159946938336947
  min: 0.0005860310670338717
  num_samples: 1101
  rmse: 5.183592820803276
  std: 2.1211493264612913
scale:
  max: 331.1596322770945
  mean: 6.437587521726863
  median: 3.122734403813543
  min: 0.0020834936931835024
  num_samples: 1101
  rmse: 26.445548776886888
  std: 25.65003931791938
trans:
  max: 131.01223983115386
  mean: 59.83836275363754
  median: 56.30696079945147
  min: 0.0
  num_samples: 1101
  rmse: 72.09451158128196
  std: 40.211801042824284
