rot:
  max: 5.183592820803276
  mean: 5.183592820803276
  median: 5.183592820803276
  min: 5.183592820803276
  num_samples: 1
  rmse: 5.183592820803276
  std: 0.0
scale:
  max: 26.445548776886888
  mean: 26.445548776886888
  median: 26.445548776886888
  min: 26.445548776886888
  num_samples: 1
  rmse: 26.445548776886888
  std: 0.0
trans:
  max: 72.09451158128196
  mean: 72.09451158128196
  median: 72.09451158128196
  min: 72.09451158128196
  num_samples: 1
  rmse: 72.09451158128196
  std: 0.0
