rot:
  max: 17.30991011399979
  mean: 8.874373173434497
  median: 7.139662867087728
  min: 0.0007801794054116189
  num_samples: 1101
  rmse: 10.40662468355002
  std: 5.435378375320221
scale:
  max: 1075.418366396347
  mean: 7.220851602981561
  median: 3.7366724292148934
  min: 0.03294112026883678
  num_samples: 1101
  rmse: 43.03189007716776
  std: 42.42172634088772
trans:
  max: 202.70800794404863
  mean: 82.69154967096516
  median: 78.69552989793306
  min: 1.2476799491734092e-08
  num_samples: 1101
  rmse: 101.91138158030064
  std: 59.56540362173287
