rot:
  max: 10.40662468355002
  mean: 10.40662468355002
  median: 10.40662468355002
  min: 10.40662468355002
  num_samples: 1
  rmse: 10.40662468355002
  std: 0.0
scale:
  max: 43.03189007716776
  mean: 43.03189007716776
  median: 43.03189007716776
  min: 43.03189007716776
  num_samples: 1
  rmse: 43.03189007716776
  std: 0.0
trans:
  max: 101.91138158030064
  mean: 101.91138158030064
  median: 101.91138158030064
  min: 101.91138158030064
  num_samples: 1
  rmse: 101.91138158030064
  std: 0.0
