rot:
  max: 3.709731994061338
  mean: 3.709731994061338
  median: 3.709731994061338
  min: 3.709731994061338
  num_samples: 1
  rmse: 3.709731994061338
  std: 0.0
scale:
  max: 26.410785374844536
  mean: 26.410785374844536
  median: 26.410785374844536
  min: 26.410785374844536
  num_samples: 1
  rmse: 26.410785374844536
  std: 0.0
trans:
  max: 64.37150193815268
  mean: 64.37150193815268
  median: 64.37150193815268
  min: 64.37150193815268
  num_samples: 1
  rmse: 64.37150193815268
  std: 0.0
