rot:
  max: 178.61569265626804
  mean: 14.986447392681756
  median: 11.308834112211322
  min: 0.03371887288229111
  num_samples: 2592
  rmse: 27.021852615827065
  std: 22.48525991261524
scale:
  max: 1227981.1363360449
  mean: 672.4557512859004
  median: 8.945677119688856
  min: 0.01496924733515037
  num_samples: 2592
  rmse: 24131.472240969713
  std: 24122.1009818642
trans:
  max: 455.0909233751765
  mean: 264.6152928333684
  median: 281.8485308261132
  min: 0.001228081136336045
  num_samples: 2592
  rmse: 297.63494669142585
  std: 136.2545716323625
