rot:
  max: 27.021852615827065
  mean: 27.021852615827065
  median: 27.021852615827065
  min: 27.021852615827065
  num_samples: 1
  rmse: 27.021852615827065
  std: 0.0
scale:
  max: 24131.472240969713
  mean: 24131.472240969713
  median: 24131.472240969713
  min: 24131.472240969713
  num_samples: 1
  rmse: 24131.472240969713
  std: 0.0
trans:
  max: 297.63494669142585
  mean: 297.63494669142585
  median: 297.63494669142585
  min: 297.63494669142585
  num_samples: 1
  rmse: 297.63494669142585
  std: 0.0
