rot:
  max: 16.13103301532657
  mean: 7.064888142048224
  median: 4.711575185342804
  min: 0.0
  num_samples: 792
  rmse: 8.591574375950799
  std: 4.8890188993131085
scale:
  max: 80473.5457920929
  mean: 228.1698135374666
  median: 6.247438557377938
  min: 0.036128944872537705
  num_samples: 792
  rmse: 3212.4597765864332
  std: 3204.346478203634
trans:
  max: 27.074249200349914
  mean: 14.470004492127215
  median: 14.852828552733476
  min: 0.0
  num_samples: 792
  rmse: 16.356237408896547
  std: 7.625317840851294
