rot:
  max: 8.591574375950799
  mean: 8.591574375950799
  median: 8.591574375950799
  min: 8.591574375950799
  num_samples: 1
  rmse: 8.591574375950799
  std: 0.0
scale:
  max: 3212.4597765864332
  mean: 3212.4597765864332
  median: 3212.4597765864332
  min: 3212.4597765864332
  num_samples: 1
  rmse: 3212.4597765864332
  std: 0.0
trans:
  max: 16.356237408896547
  mean: 16.356237408896547
  median: 16.356237408896547
  min: 16.356237408896547
  num_samples: 1
  rmse: 16.356237408896547
  std: 0.0
