rot:
  max: 8.449753041250084
  mean: 3.1178104566810676
  median: 2.866471223204753
  min: 0.0023198233863703107
  num_samples: 2095
  rmse: 3.4440155774134316
  std: 1.4630451987811481
scale:
  max: 13262.144437524003
  mean: 83.03257888163942
  median: 0.5779364536989018
  min: 0.00011127070196348399
  num_samples: 2095
  rmse: 837.192678770562
  std: 833.0649267801963
trans:
  max: 71.00695793000779
  mean: 39.41336588376546
  median: 42.70867415616228
  min: 0.0
  num_samples: 2095
  rmse: 45.56269660462961
  std: 22.85926314643498
