rot:
  max: 3.4440155774134316
  mean: 3.4440155774134316
  median: 3.4440155774134316
  min: 3.4440155774134316
  num_samples: 1
  rmse: 3.4440155774134316
  std: 0.0
scale:
  max: 837.192678770562
  mean: 837.192678770562
  median: 837.192678770562
  min: 837.192678770562
  num_samples: 1
  rmse: 837.192678770562
  std: 0.0
trans:
  max: 45.56269660462961
  mean: 45.56269660462961
  median: 45.56269660462961
  min: 45.56269660462961
  num_samples: 1
  rmse: 45.56269660462961
  std: 0.0
