rot:
  max: 3.229059255144968
  mean: 2.2002027282796512
  median: 2.5293855450493483
  min: 0.0
  num_samples: 792
  rmse: 2.3767810724849694
  std: 0.8989973420392198
scale:
  max: 80473.26291938446
  mean: 197.51517321501095
  median: 3.542180753778146
  min: 0.002346094133076626
  num_samples: 792
  rmse: 3208.2660935679555
  std: 3202.1803639844575
trans:
  max: 16.182965045035203
  mean: 7.740442445257596
  median: 7.306438745968183
  min: 0.0
  num_samples: 792
  rmse: 9.092750432898498
  std: 4.771127873640615
