rot:
  max: 2.3767810724849694
  mean: 2.3767810724849694
  median: 2.3767810724849694
  min: 2.3767810724849694
  num_samples: 1
  rmse: 2.3767810724849694
  std: 0.0
scale:
  max: 3208.2660935679555
  mean: 3208.2660935679555
  median: 3208.2660935679555
  min: 3208.2660935679555
  num_samples: 1
  rmse: 3208.2660935679555
  std: 0.0
trans:
  max: 9.092750432898498
  mean: 9.092750432898498
  median: 9.092750432898498
  min: 9.092750432898498
  num_samples: 1
  rmse: 9.092750432898498
  std: 0.0
