rot:
  max: 18.21201117875691
  mean: 9.504877346076615
  median: 8.256320892327466
  min: 0.00042243057245074247
  num_samples: 1330
  rmse: 11.358372732008691
  std: 6.2185157196294165
scale:
  max: 21544745.301147882
  mean: 27059.353913221446
  median: 4.8331405887590435
  min: 0.01862390795834834
  num_samples: 1330
  rmse: 670031.5336348494
  std: 669484.9120263035
trans:
  max: 252.53558205562487
  mean: 78.60770910170666
  median: 51.95230955869064
  min: 9.678172040897828e-08
  num_samples: 1330
  rmse: 107.77053197234926
  std: 73.72459312457829
