rot:
  max: 11.358372732008691
  mean: 11.358372732008691
  median: 11.358372732008691
  min: 11.358372732008691
  num_samples: 1
  rmse: 11.358372732008691
  std: 0.0
scale:
  max: 670031.5336348494
  mean: 670031.5336348494
  median: 670031.5336348494
  min: 670031.5336348494
  num_samples: 1
  rmse: 670031.5336348494
  std: 0.0
trans:
  max: 107.77053197234926
  mean: 107.77053197234926
  median: 107.77053197234926
  min: 107.77053197234926
  num_samples: 1
  rmse: 107.77053197234926
  std: 0.0
