rot:
  max: 2.9189337124113948
  mean: 0.6815573630243357
  median: 0.5620703499226248
  min: 5.109599479759417e-05
  num_samples: 1330
  rmse: 0.8594435987186297
  std: 0.52356743623505
scale:
  max: 2176276.0445006993
  mean: 2825.228488071999
  median: 1.764708133853532
  min: 0.004519438204331205
  num_samples: 1330
  rmse: 68765.48427707468
  std: 68707.42253825848
trans:
  max: 18.6568646120126
  mean: 8.374589206189121
  median: 8.035091822059458
  min: 0.0
  num_samples: 1330
  rmse: 9.303556399160403
  std: 4.052458179912428
