rot:
  max: 0.8594435987186297
  mean: 0.8594435987186297
  median: 0.8594435987186297
  min: 0.8594435987186297
  num_samples: 1
  rmse: 0.8594435987186297
  std: 0.0
scale:
  max: 68765.48427707468
  mean: 68765.48427707468
  median: 68765.48427707468
  min: 68765.48427707468
  num_samples: 1
  rmse: 68765.48427707468
  std: 0.0
trans:
  max: 9.303556399160403
  mean: 9.303556399160403
  median: 9.303556399160403
  min: 9.303556399160403
  num_samples: 1
  rmse: 9.303556399160403
  std: 0.0
