rot:
  max: 12.64535737536996
  mean: 6.7535064534144285
  median: 5.755535898127571
  min: 0.0
  num_samples: 792
  rmse: 7.5727064388653575
  std: 3.4257894554281227
scale:
  max: 3803.616377712308
  mean: 87.31270109162696
  median: 6.087339417907906
  min: 0.018364431753825627
  num_samples: 792
  rmse: 307.05657326478513
  std: 294.38109894012655
trans:
  max: 32.48502131242155
  mean: 17.200193573854964
  median: 18.639432178775404
  min: 0.0
  num_samples: 792
  rmse: 19.402412639194903
  std: 8.978137738056175
