rot:
  max: 11.401582073627587
  mean: 6.485306244971335
  median: 7.293392841502375
  min: 0.0
  num_samples: 772
  rmse: 7.242169566271363
  std: 3.223324826256722
scale:
  max: 18509.42283153957
  mean: 444.931552557116
  median: 11.20260721658262
  min: 0.03118867042852802
  num_samples: 772
  rmse: 1875.5449570111593
  std: 1822.0057078146347
trans:
  max: 34.39283846796943
  mean: 20.990385726009084
  median: 28.945565486749953
  min: 0.0
  num_samples: 772
  rmse: 24.235198323534167
  std: 12.113981379149779
