rot:
  max: 26.77530950183551
  mean: 16.004265306493338
  median: 16.368999034827368
  min: 0.0
  num_samples: 2686
  rmse: 17.699273104439936
  std: 7.558290840191619
scale:
  max: 142400.98736170502
  mean: 451.34986218820615
  median: 9.55791357208533
  min: 0.006261921736239184
  num_samples: 2686
  rmse: 3870.9907238708533
  std: 3844.5874273056766
trans:
  max: 417.0777174462761
  mean: 243.0743830674376
  median: 284.5033532177183
  min: 0.0
  num_samples: 2686
  rmse: 271.9433684882098
  std: 121.93457246039306
