rot:
  max: 17.699273104439936
  mean: 17.699273104439936
  median: 17.699273104439936
  min: 17.699273104439936
  num_samples: 1
  rmse: 17.699273104439936
  std: 0.0
scale:
  max: 3870.9907238708533
  mean: 3870.9907238708533
  median: 3870.9907238708533
  min: 3870.9907238708533
  num_samples: 1
  rmse: 3870.9907238708533
  std: 0.0
trans:
  max: 271.9433684882098
  mean: 271.9433684882098
  median: 271.9433684882098
  min: 271.9433684882098
  num_samples: 1
  rmse: 271.9433684882098
  std: 0.0
