rot:
  max: 18.124361869208013
  mean: 9.615315771098075
  median: 8.502587652281088
  min: 0.00042243057245074247
  num_samples: 1330
  rmse: 11.44479232532158
  std: 6.207171174682747
scale:
  max: 23085730.07557089
  mean: 28518.509926438426
  median: 4.390435212243215
  min: 0.031793699123106034
  num_samples: 1330
  rmse: 711844.8691270218
  std: 711273.3738120963
trans:
  max: 255.80603252255565
  mean: 78.34349373562438
  median: 50.5317446943304
  min: 9.678172040897828e-08
  num_samples: 1330
  rmse: 108.35652561222535
  std: 74.85608613899763
