rot:
  max: 179.23936864892673
  mean: 83.77259767074253
  median: 111.61654149993214
  min: 0.002037169356248867
  num_samples: 772
  rmse: 108.04079124931044
  std: 68.22729991193394
scale:
  max: 354484.59567487467
  mean: 9073.332653151649
  median: 1396.6152917139993
  min: 0.07819242322191222
  num_samples: 772
  rmse: 36206.68575740323
  std: 35051.37269923387
trans:
  max: 706.0026863069734
  mean: 381.23550113359653
  median: 607.4489775774782
  min: 0.0
  num_samples: 772
  rmse: 486.4900499529164
  std: 302.211947776071
