rot:
  max: 108.04079124931044
  mean: 108.04079124931044
  median: 108.04079124931044
  min: 108.04079124931044
  num_samples: 1
  rmse: 108.04079124931044
  std: 0.0
scale:
  max: 36206.68575740323
  mean: 36206.68575740323
  median: 36206.68575740323
  min: 36206.68575740323
  num_samples: 1
  rmse: 36206.68575740323
  std: 0.0
trans:
  max: 486.4900499529164
  mean: 486.4900499529164
  median: 486.4900499529164
  min: 486.4900499529164
  num_samples: 1
  rmse: 486.4900499529164
  std: 0.0
