rot:
  max: 7.596233560984498
  mean: 7.596233560984498
  median: 7.596233560984498
  min: 7.596233560984498
  num_samples: 1
  rmse: 7.596233560984498
  std: 0.0
scale:
  max: 271.22298292638095
  mean: 271.22298292638095
  median: 271.22298292638095
  min: 271.22298292638095
  num_samples: 1
  rmse: 271.22298292638095
  std: 0.0
trans:
  max: 20.164891424127237
  mean: 20.164891424127237
  median: 20.164891424127237
  min: 20.164891424127237
  num_samples: 1
  rmse: 20.164891424127237
  std: 0.0
