rot:
  max: 19.766383368721115
  mean: 13.172312236347166
  median: 13.471316796399869
  min: 0.0
  num_samples: 2686
  rmse: 14.326400346017143
  std: 5.633465826872365
scale:
  max: 111195.71126146644
  mean: 349.5617403255816
  median: 7.098171722715341
  min: 0.4667534430736975
  num_samples: 2686
  rmse: 3018.6542780649024
  std: 2998.346250882324
trans:
  max: 349.19988968254677
  mean: 206.29709310232914
  median: 239.21472174917207
  min: 0.0
  num_samples: 2686
  rmse: 228.1247523613616
  std: 97.3776772030505
