rot:
  max: 14.326400346017143
  mean: 14.326400346017143
  median: 14.326400346017143
  min: 14.326400346017143
  num_samples: 1
  rmse: 14.326400346017143
  std: 0.0
scale:
  max: 3018.6542780649024
  mean: 3018.6542780649024
  median: 3018.6542780649024
  min: 3018.6542780649024
  num_samples: 1
  rmse: 3018.6542780649024
  std: 0.0
trans:
  max: 228.1247523613616
  mean: 228.1247523613616
  median: 228.1247523613616
  min: 228.1247523613616
  num_samples: 1
  rmse: 228.1247523613616
  std: 0.0
