rot:
  max: 9.425742294140502
  mean: 2.6029815431140535
  median: 2.4703253260267743
  min: 0.0025383285775078036
  num_samples: 808
  rmse: 3.0084881513075103
  std: 1.5084720888253993
scale:
  max: 15206190.569495978
  mean: 20326.499479644808
  median: 3.697206931922292
  min: 0.002780788483291996
  num_samples: 808
  rmse: 536568.9416173587
  std: 536183.795472482
trans:
  max: 15.567456334318074
  mean: 10.03982507275072
  median: 10.511280049211567
  min: 1.7378711145748334e-07
  num_samples: 808
  rmse: 11.315681818058302
  std: 5.219824471771177
