rot:
  max: 3.0084881513075103
  mean: 3.0084881513075103
  median: 3.0084881513075103
  min: 3.0084881513075103
  num_samples: 1
  rmse: 3.0084881513075103
  std: 0.0
scale:
  max: 536568.9416173587
  mean: 536568.9416173587
  median: 536568.9416173587
  min: 536568.9416173587
  num_samples: 1
  rmse: 536568.9416173587
  std: 0.0
trans:
  max: 11.315681818058302
  mean: 11.315681818058302
  median: 11.315681818058302
  min: 11.315681818058302
  num_samples: 1
  rmse: 11.315681818058302
  std: 0.0
