rot:
  max: 11.096974217073637
  mean: 6.333303525170396
  median: 5.554342094978626
  min: 0.0
  num_samples: 792
  rmse: 7.2248963639337465
  std: 3.47683677034849
scale:
  max: 80473.5457920929
  mean: 248.39399825658327
  median: 6.061300585329632
  min: 0.02083675358983683
  num_samples: 792
  rmse: 3218.0957417231516
  std: 3208.49507160706
trans:
  max: 30.20549828842121
  mean: 15.812263606589465
  median: 18.117387938423228
  min: 0.0
  num_samples: 792
  rmse: 17.80292276159364
  std: 8.18024318043145
