rot:
  max: 13.033597442826052
  mean: 6.852450121747726
  median: 8.666336150452734
  min: 0.0011563767715691445
  num_samples: 535
  rmse: 7.832208406792722
  std: 3.7930747232811215
scale:
  max: 3375844.9481039
  mean: 14600.199203542305
  median: 7.94306830002145
  min: 0.0001655343097373141
  num_samples: 535
  rmse: 206148.0742721212
  std: 205630.40317356007
trans:
  max: 32.38877055951733
  mean: 14.964856123842356
  median: 17.521412889738595
  min: 4.0797911805097564e-08
  num_samples: 535
  rmse: 18.662237575950197
  std: 11.150434634304865
