rot:
  max: 7.832208406792722
  mean: 7.832208406792722
  median: 7.832208406792722
  min: 7.832208406792722
  num_samples: 1
  rmse: 7.832208406792722
  std: 0.0
scale:
  max: 206148.0742721212
  mean: 206148.0742721212
  median: 206148.0742721212
  min: 206148.0742721212
  num_samples: 1
  rmse: 206148.0742721212
  std: 0.0
trans:
  max: 18.662237575950197
  mean: 18.662237575950197
  median: 18.662237575950197
  min: 18.662237575950197
  num_samples: 1
  rmse: 18.662237575950197
  std: 0.0
