rot:
  max: 18.12417088013902
  mean: 9.461185909446094
  median: 8.220758929979334
  min: 0.00042243057245074247
  num_samples: 1330
  rmse: 11.305366598084852
  std: 6.188479223847436
scale:
  max: 21544745.301147882
  mean: 27059.034306850597
  median: 4.707080625176641
  min: 0.04295099027322724
  num_samples: 1330
  rmse: 670031.5335959941
  std: 669484.9249052441
trans:
  max: 247.52806444070612
  mean: 76.96069103742187
  median: 50.42790092566629
  min: 9.678172040897828e-08
  num_samples: 1330
  rmse: 106.25254298415847
  std: 73.25745645081419
