rot:
  max: 11.305366598084852
  mean: 11.305366598084852
  median: 11.305366598084852
  min: 11.305366598084852
  num_samples: 1
  rmse: 11.305366598084852
  std: 0.0
scale:
  max: 670031.5335959941
  mean: 670031.5335959941
  median: 670031.5335959941
  min: 670031.5335959941
  num_samples: 1
  rmse: 670031.5335959941
  std: 0.0
trans:
  max: 106.25254298415847
  mean: 106.25254298415847
  median: 106.25254298415847
  min: 106.25254298415847
  num_samples: 1
  rmse: 106.25254298415847
  std: 0.0
