rot:
  max: 14.299995852149745
  mean: 8.189283723089504
  median: 10.78979622315642
  min: 0.002037169356248867
  num_samples: 772
  rmse: 9.209048733025577
  std: 4.212150361748888
scale:
  max: 63464.93564405203
  mean: 1641.612458379696
  median: 257.3072693060045
  min: 0.0029734406737258468
  num_samples: 772
  rmse: 6454.445973901527
  std: 6242.193634172702
trans:
  max: 117.38687515393718
  mean: 70.38258907960949
  median: 107.38480318799179
  min: 0.0
  num_samples: 772
  rmse: 85.90357145455201
  std: 49.25154559095741
