rot:
  max: 9.209048733025577
  mean: 9.209048733025577
  median: 9.209048733025577
  min: 9.209048733025577
  num_samples: 1
  rmse: 9.209048733025577
  std: 0.0
scale:
  max: 6454.445973901527
  mean: 6454.445973901527
  median: 6454.445973901527
  min: 6454.445973901527
  num_samples: 1
  rmse: 6454.445973901527
  std: 0.0
trans:
  max: 85.90357145455201
  mean: 85.90357145455201
  median: 85.90357145455201
  min: 85.90357145455201
  num_samples: 1
  rmse: 85.90357145455201
  std: 0.0
