rot:
  max: 19.086473115673744
  mean: 10.548847345956395
  median: 8.725102130476639
  min: 0.0016653275185080497
  num_samples: 1101
  rmse: 11.752520785975154
  std: 5.181077542026057
scale:
  max: 288.19372804930293
  mean: 6.871543713273608
  median: 3.449173252057003
  min: 0.03486319465968446
  num_samples: 1101
  rmse: 24.370566166301025
  std: 23.381753190525
trans:
  max: 226.17640228799962
  mean: 100.08833759561082
  median: 101.50829185057871
  min: 9.29184417226616e-08
  num_samples: 1101
  rmse: 121.18554586444789
  std: 68.32467492649518
