rot:
  max: 11.752520785975154
  mean: 11.752520785975154
  median: 11.752520785975154
  min: 11.752520785975154
  num_samples: 1
  rmse: 11.752520785975154
  std: 0.0
scale:
  max: 24.370566166301025
  mean: 24.370566166301025
  median: 24.370566166301025
  min: 24.370566166301025
  num_samples: 1
  rmse: 24.370566166301025
  std: 0.0
trans:
  max: 121.18554586444789
  mean: 121.18554586444789
  median: 121.18554586444789
  min: 121.18554586444789
  num_samples: 1
  rmse: 121.18554586444789
  std: 0.0
