rot:
  max: 4.867155087768473
  mean: 3.4819296109121267
  median: 3.8553783655587894
  min: 0.00014039785329892146
  num_samples: 772
  rmse: 3.6681488838994345
  std: 1.1538987906683982
scale:
  max: 82179.4422051431
  mean: 778.0206055033306
  median: 57.237437964988885
  min: 0.08044142793572906
  num_samples: 772
  rmse: 5466.18835987201
  std: 5410.535936763796
trans:
  max: 29.752458945600555
  mean: 20.16316799555634
  median: 25.68126164832425
  min: 0.0
  num_samples: 772
  rmse: 22.61719155675656
  std: 10.246170518686132
