rot:
  max: 3.6681488838994345
  mean: 3.6681488838994345
  median: 3.6681488838994345
  min: 3.6681488838994345
  num_samples: 1
  rmse: 3.6681488838994345
  std: 0.0
scale:
  max: 5466.18835987201
  mean: 5466.18835987201
  median: 5466.18835987201
  min: 5466.18835987201
  num_samples: 1
  rmse: 5466.18835987201
  std: 0.0
trans:
  max: 22.61719155675656
  mean: 22.61719155675656
  median: 22.61719155675656
  min: 22.61719155675656
  num_samples: 1
  rmse: 22.61719155675656
  std: 0.0
