rot:
  max: 3.9079226575352735
  mean: 1.7134959889996795
  median: 1.661419445472902
  min: 3.292150005133531e-05
  num_samples: 2095
  rmse: 1.9421272225620578
  std: 0.9142153161584111
scale:
  max: 10959.102430127547
  mean: 64.14261219163204
  median: 0.5852138499005788
  min: 0.0004219431563035059
  num_samples: 2095
  rmse: 628.8453837706198
  std: 625.5655377263456
trans:
  max: 40.76665567180938
  mean: 20.30812444317197
  median: 22.169577031945266
  min: 0.0
  num_samples: 2095
  rmse: 23.767298893717555
  std: 12.347654769386327
