rot:
  max: 9.388598319849365
  mean: 4.19064071308309
  median: 5.161530497832439
  min: 0.00260916829651933
  num_samples: 535
  rmse: 5.147900359375568
  std: 2.9898843663107715
scale:
  max: 2560772.933327428
  mean: 8238.113007029344
  median: 5.926141447709643
  min: 0.0643201164784335
  num_samples: 535
  rmse: 126937.84042045222
  std: 126670.23653838973
trans:
  max: 24.85290374119313
  mean: 11.442265252230467
  median: 14.027814816337763
  min: 0.0
  num_samples: 535
  rmse: 14.861875580813148
  std: 9.484192726698955
