rot:
  max: 5.147900359375568
  mean: 5.147900359375568
  median: 5.147900359375568
  min: 5.147900359375568
  num_samples: 1
  rmse: 5.147900359375568
  std: 0.0
scale:
  max: 126937.84042045222
  mean: 126937.84042045222
  median: 126937.84042045222
  min: 126937.84042045222
  num_samples: 1
  rmse: 126937.84042045222
  std: 0.0
trans:
  max: 14.861875580813148
  mean: 14.861875580813148
  median: 14.861875580813148
  min: 14.861875580813148
  num_samples: 1
  rmse: 14.861875580813148
  std: 0.0
