rot:
  max: 7.948609847815552
  mean: 1.5407237279936237
  median: 1.2378249753216695
  min: 0.0
  num_samples: 792
  rmse: 2.1009052083314104
  std: 1.4282762647301386
scale:
  max: 95045.45683651343
  mean: 225.5311666749885
  median: 3.015347543994978
  min: 9.903612049333432e-05
  num_samples: 792
  rmse: 3823.599387227247
  std: 3816.9422273415144
trans:
  max: 8.270397472776194
  mean: 4.098340415954355
  median: 2.877141713188351
  min: 0.0
  num_samples: 792
  rmse: 4.8997420252481465
  std: 2.685344996259866
