rot:
  max: 15.976779407035695
  mean: 8.632070712190892
  median: 12.891105407423986
  min: 0.0011563767715691445
  num_samples: 535
  rmse: 10.250575814926055
  std: 5.52826010217349
scale:
  max: 3375844.9481039
  mean: 14702.04186583387
  median: 13.099500319121526
  min: 0.018815793662096958
  num_samples: 535
  rmse: 206149.52039169322
  std: 205624.59658975722
trans:
  max: 55.85931119119014
  mean: 23.97603235498311
  median: 23.80890887746339
  min: 4.0797911805097564e-08
  num_samples: 535
  rmse: 30.930308559203834
  std: 19.540569594573252
