rot:
  max: 10.250575814926055
  mean: 10.250575814926055
  median: 10.250575814926055
  min: 10.250575814926055
  num_samples: 1
  rmse: 10.250575814926055
  std: 0.0
scale:
  max: 206149.52039169322
  mean: 206149.52039169322
  median: 206149.52039169322
  min: 206149.52039169322
  num_samples: 1
  rmse: 206149.52039169322
  std: 0.0
trans:
  max: 30.930308559203834
  mean: 30.930308559203834
  median: 30.930308559203834
  min: 30.930308559203834
  num_samples: 1
  rmse: 30.930308559203834
  std: 0.0
