rot:
  max: 7.450805760025829
  mean: 1.790696855635
  median: 1.5894028670477847
  min: 0.0
  num_samples: 792
  rmse: 2.229485801493942
  std: 1.328161025735211
scale:
  max: 95045.45683651343
  mean: 231.76619239855077
  median: 3.0557707790538013
  min: 0.18128454704924302
  num_samples: 792
  rmse: 3823.9277468173677
  std: 3816.8976728412345
trans:
  max: 10.541439162861131
  mean: 5.55465423922926
  median: 5.643764230635494
  min: 0.0
  num_samples: 792
  rmse: 6.245609672992468
  std: 2.8554257948665893
