rot:
  max: 2.229485801493942
  mean: 2.229485801493942
  median: 2.229485801493942
  min: 2.229485801493942
  num_samples: 1
  rmse: 2.229485801493942
  std: 0.0
scale:
  max: 3823.9277468173677
  mean: 3823.9277468173677
  median: 3823.9277468173677
  min: 3823.9277468173677
  num_samples: 1
  rmse: 3823.9277468173677
  std: 0.0
trans:
  max: 6.245609672992468
  mean: 6.245609672992468
  median: 6.245609672992468
  min: 6.245609672992468
  num_samples: 1
  rmse: 6.245609672992468
  std: 0.0
