rot:
  max: 2.5597152155489447
  mean: 0.6607750683948896
  median: 0.474453420029043
  min: 5.109599479759417e-05
  num_samples: 1330
  rmse: 0.8616284911397613
  std: 0.5529737477778767
scale:
  max: 2176275.658387041
  mean: 2825.046714425149
  median: 1.9108445926257267
  min: 0.006167015095304151
  num_samples: 1330
  rmse: 68765.47446002973
  std: 68707.42018715531
trans:
  max: 25.44770134184353
  mean: 9.886097991277582
  median: 11.029105516158761
  min: 0.0
  num_samples: 1330
  rmse: 11.36737088535518
  std: 5.610898978958537
