rot:
  max: 0.8616284911397613
  mean: 0.8616284911397613
  median: 0.8616284911397613
  min: 0.8616284911397613
  num_samples: 1
  rmse: 0.8616284911397613
  std: 0.0
scale:
  max: 68765.47446002973
  mean: 68765.47446002973
  median: 68765.47446002973
  min: 68765.47446002973
  num_samples: 1
  rmse: 68765.47446002973
  std: 0.0
trans:
  max: 11.36737088535518
  mean: 11.36737088535518
  median: 11.36737088535518
  min: 11.36737088535518
  num_samples: 1
  rmse: 11.36737088535518
  std: 0.0
