rot:
  max: 11.214113445262557
  mean: 4.134676144853567
  median: 4.641881004409638
  min: 0.00260916829651933
  num_samples: 535
  rmse: 4.640899797173177
  std: 2.107701142140623
scale:
  max: 2560772.933327428
  mean: 8280.802309937011
  median: 7.852328070001446
  min: 0.004070407327194658
  num_samples: 535
  rmse: 126938.6087046956
  std: 126668.22290135584
trans:
  max: 29.949368369895755
  mean: 17.96474917332174
  median: 27.374057675497596
  min: 0.0
  num_samples: 535
  rmse: 21.94043470913115
  std: 12.595652518439952
