rot:
  max: 4.640899797173177
  mean: 4.640899797173177
  median: 4.640899797173177
  min: 4.640899797173177
  num_samples: 1
  rmse: 4.640899797173177
  std: 0.0
scale:
  max: 126938.6087046956
  mean: 126938.6087046956
  median: 126938.6087046956
  min: 126938.6087046956
  num_samples: 1
  rmse: 126938.6087046956
  std: 0.0
trans:
  max: 21.94043470913115
  mean: 21.94043470913115
  median: 21.94043470913115
  min: 21.94043470913115
  num_samples: 1
  rmse: 21.94043470913115
  std: 0.0
