rot:
  max: 12.284956403033606
  mean: 6.9760920994479765
  median: 7.359323220169746
  min: 0.0
  num_samples: 772
  rmse: 7.810343657551133
  std: 3.5122082895336293
scale:
  max: 17808.76579136918
  mean: 426.8232593515524
  median: 7.439775312262359
  min: 0.029886844416782132
  num_samples: 772
  rmse: 1802.9771342216588
  std: 1751.727276662284
trans:
  max: 33.65682404122801
  mean: 21.088962469350466
  median: 29.692058590393053
  min: 0.0
  num_samples: 772
  rmse: 24.384613871527822
  std: 12.241938393483057
