rot:
  max: 7.810343657551133
  mean: 7.810343657551133
  median: 7.810343657551133
  min: 7.810343657551133
  num_samples: 1
  rmse: 7.810343657551133
  std: 0.0
scale:
  max: 1802.9771342216588
  mean: 1802.9771342216588
  median: 1802.9771342216588
  min: 1802.9771342216588
  num_samples: 1
  rmse: 1802.9771342216588
  std: 0.0
trans:
  max: 24.384613871527822
  mean: 24.384613871527822
  median: 24.384613871527822
  min: 24.384613871527822
  num_samples: 1
  rmse: 24.384613871527822
  std: 0.0
