rot:
  max: 16.537984417427626
  mean: 9.049153042630413
  median: 9.234146707506895
  min: 0.0
  num_samples: 772
  rmse: 10.507728324542617
  std: 5.340897279806827
scale:
  max: 25417.232969379285
  mean: 617.174325848586
  median: 31.35454116527585
  min: 0.13054216702617083
  num_samples: 772
  rmse: 2572.1230138105775
  std: 2496.9807067110773
trans:
  max: 47.74035963529235
  mean: 27.082011185872105
  median: 37.24302695348988
  min: 0.0
  num_samples: 772
  rmse: 32.00233115176931
  std: 17.050333406587765
