rot:
  max: 10.507728324542617
  mean: 10.507728324542617
  median: 10.507728324542617
  min: 10.507728324542617
  num_samples: 1
  rmse: 10.507728324542617
  std: 0.0
scale:
  max: 2572.1230138105775
  mean: 2572.1230138105775
  median: 2572.1230138105775
  min: 2572.1230138105775
  num_samples: 1
  rmse: 2572.1230138105775
  std: 0.0
trans:
  max: 32.00233115176931
  mean: 32.00233115176931
  median: 32.00233115176931
  min: 32.00233115176931
  num_samples: 1
  rmse: 32.00233115176931
  std: 0.0
