rot:
  max: 63.71798400955022
  mean: 36.6723174218285
  median: 55.809943406133584
  min: 0.00014039785329892146
  num_samples: 772
  rmse: 45.76001320614928
  std: 27.37005559986333
scale:
  max: 346090.74678906036
  mean: 5877.102387239113
  median: 853.9854407328697
  min: 0.13747537035345703
  num_samples: 772
  rmse: 24562.12104264711
  std: 23848.636389604253
trans:
  max: 402.227461110246
  mean: 219.45204895657065
  median: 349.6336307489855
  min: 0.0
  num_samples: 772
  rmse: 278.6767858939789
  std: 171.76015022397206
