rot:
  max: 45.76001320614928
  mean: 45.76001320614928
  median: 45.76001320614928
  min: 45.76001320614928
  num_samples: 1
  rmse: 45.76001320614928
  std: 0.0
scale:
  max: 24562.12104264711
  mean: 24562.12104264711
  median: 24562.12104264711
  min: 24562.12104264711
  num_samples: 1
  rmse: 24562.12104264711
  std: 0.0
trans:
  max: 278.6767858939789
  mean: 278.6767858939789
  median: 278.6767858939789
  min: 278.6767858939789
  num_samples: 1
  rmse: 278.6767858939789
  std: 0.0
