rot:
  max: 37.1534365617739
  mean: 21.538325144697687
  median: 31.531199974481993
  min: 0.002037169356248867
  num_samples: 772
  rmse: 26.164302114199305
  std: 14.8550077443392
scale:
  max: 138904.36503895264
  mean: 3572.6020236374834
  median: 572.470927663602
  min: 0.4631659789899878
  num_samples: 772
  rmse: 14156.873746578685
  std: 13698.671069022357
trans:
  max: 267.06682464005075
  mean: 149.9632258196683
  median: 234.46308509075482
  min: 0.0
  num_samples: 772
  rmse: 188.07037201858284
  std: 113.49667718910237
