rot:
  max: 26.164302114199305
  mean: 26.164302114199305
  median: 26.164302114199305
  min: 26.164302114199305
  num_samples: 1
  rmse: 26.164302114199305
  std: 0.0
scale:
  max: 14156.873746578685
  mean: 14156.873746578685
  median: 14156.873746578685
  min: 14156.873746578685
  num_samples: 1
  rmse: 14156.873746578685
  std: 0.0
trans:
  max: 188.07037201858284
  mean: 188.07037201858284
  median: 188.07037201858284
  min: 188.07037201858284
  num_samples: 1
  rmse: 188.07037201858284
  std: 0.0
