rot:
  max: 10.734896347417815
  mean: 5.8446454465133035
  median: 6.086819536262605
  min: 0.0014041919303462956
  num_samples: 753
  rmse: 6.31292559064012
  std: 2.3860320864376936
scale:
  max: 43954.08707127175
  mean: 1094.7221319043088
  median: 13.020017350693358
  min: 0.049109649127210275
  num_samples: 753
  rmse: 4598.2661928377365
  std: 4466.0536756865495
trans:
  max: 88.03496642231022
  mean: 53.97853974164532
  median: 82.44205937390136
  min: 0.0
  num_samples: 753
  rmse: 65.42117604815718
  std: 36.96278564831922
