rot:
  max: 6.31292559064012
  mean: 6.31292559064012
  median: 6.31292559064012
  min: 6.31292559064012
  num_samples: 1
  rmse: 6.31292559064012
  std: 0.0
scale:
  max: 4598.2661928377365
  mean: 4598.2661928377365
  median: 4598.2661928377365
  min: 4598.2661928377365
  num_samples: 1
  rmse: 4598.2661928377365
  std: 0.0
trans:
  max: 65.42117604815718
  mean: 65.42117604815718
  median: 65.42117604815718
  min: 65.42117604815718
  num_samples: 1
  rmse: 65.42117604815718
  std: 0.0
