rot:
  max: 46.24573132200376
  mean: 28.02903527223977
  median: 43.862022503440144
  min: 0.0
  num_samples: 772
  rmse: 35.0891656118212
  std: 21.109777948651057
scale:
  max: 120622.85265070648
  mean: 3080.815562365047
  median: 504.617120642204
  min: 0.007068994148395902
  num_samples: 772
  rmse: 12291.994299537106
  std: 11899.651227264689
trans:
  max: 246.90214835886633
  mean: 130.55396623159072
  median: 206.5492604879754
  min: 0.0
  num_samples: 772
  rmse: 166.18424979343095
  std: 102.82444641526703
