rot:
  max: 35.0891656118212
  mean: 35.0891656118212
  median: 35.0891656118212
  min: 35.0891656118212
  num_samples: 1
  rmse: 35.0891656118212
  std: 0.0
scale:
  max: 12291.994299537106
  mean: 12291.994299537106
  median: 12291.994299537106
  min: 12291.994299537106
  num_samples: 1
  rmse: 12291.994299537106
  std: 0.0
trans:
  max: 166.18424979343095
  mean: 166.18424979343095
  median: 166.18424979343095
  min: 166.18424979343095
  num_samples: 1
  rmse: 166.18424979343095
  std: 0.0
