rot:
  max: 41.56610869758902
  mean: 26.60153374853641
  median: 27.039615095799803
  min: 0.0
  num_samples: 2686
  rmse: 29.148504740714273
  std: 11.91611223700586
scale:
  max: 197122.36203713628
  mean: 631.2972059233252
  median: 20.457371229511512
  min: 0.08877311147300615
  num_samples: 2686
  rmse: 5363.7417564599245
  std: 5326.461251880576
trans:
  max: 786.1860638313832
  mean: 452.7878827379694
  median: 536.9832040810254
  min: 0.0
  num_samples: 2686
  rmse: 513.3368101957868
  std: 241.86321329969152
