rot:
  max: 29.148504740714273
  mean: 29.148504740714273
  median: 29.148504740714273
  min: 29.148504740714273
  num_samples: 1
  rmse: 29.148504740714273
  std: 0.0
scale:
  max: 5363.7417564599245
  mean: 5363.7417564599245
  median: 5363.7417564599245
  min: 5363.7417564599245
  num_samples: 1
  rmse: 5363.7417564599245
  std: 0.0
trans:
  max: 513.3368101957868
  mean: 513.3368101957868
  median: 513.3368101957868
  min: 513.3368101957868
  num_samples: 1
  rmse: 513.3368101957868
  std: 0.0
