rot:
  max: 10.787466985386292
  mean: 6.448003867499146
  median: 6.201902199753418
  min: 0.0
  num_samples: 792
  rmse: 7.193299600200503
  std: 3.188542811843799
scale:
  max: 80473.5457920929
  mean: 260.67463805600755
  median: 7.303083115173314
  min: 0.003930399531471007
  num_samples: 792
  rmse: 3222.80646363713
  std: 3212.246913787237
trans:
  max: 33.32260358372281
  mean: 18.778968657848637
  median: 22.17093679413349
  min: 0.0
  num_samples: 792
  rmse: 21.007897239321423
  std: 9.41711646765756
