rot:
  max: 7.193299600200503
  mean: 7.193299600200503
  median: 7.193299600200503
  min: 7.193299600200503
  num_samples: 1
  rmse: 7.193299600200503
  std: 0.0
scale:
  max: 3222.80646363713
  mean: 3222.80646363713
  median: 3222.80646363713
  min: 3222.80646363713
  num_samples: 1
  rmse: 3222.80646363713
  std: 0.0
trans:
  max: 21.007897239321423
  mean: 21.007897239321423
  median: 21.007897239321423
  min: 21.007897239321423
  num_samples: 1
  rmse: 21.007897239321423
  std: 0.0
