rot:
  max: 23.037260689866606
  mean: 13.476465741429044
  median: 13.77145651899067
  min: 1.1459155902616465e-14
  num_samples: 2095
  rmse: 14.614945563887366
  std: 5.655219266790664
scale:
  max: 56212.14486976547
  mean: 381.7828646660708
  median: 10.436705850107565
  min: 0.0028297739620875006
  num_samples: 2095
  rmse: 3524.7262629124007
  std: 3503.98873752639
trans:
  max: 456.03778004017136
  mean: 234.14353540920735
  median: 234.92098146114674
  min: 0.0
  num_samples: 2095
  rmse: 272.6155239339914
  std: 139.62818023551662
