rot:
  max: 14.614945563887366
  mean: 14.614945563887366
  median: 14.614945563887366
  min: 14.614945563887366
  num_samples: 1
  rmse: 14.614945563887366
  std: 0.0
scale:
  max: 3524.7262629124007
  mean: 3524.7262629124007
  median: 3524.7262629124007
  min: 3524.7262629124007
  num_samples: 1
  rmse: 3524.7262629124007
  std: 0.0
trans:
  max: 272.6155239339914
  mean: 272.6155239339914
  median: 272.6155239339914
  min: 272.6155239339914
  num_samples: 1
  rmse: 272.6155239339914
  std: 0.0
