rot:
  max: 42.391990453362574
  mean: 24.6211646757313
  median: 36.381674934910535
  min: 0.002037169356248867
  num_samples: 772
  rmse: 30.012799068602664
  std: 17.162935586397744
scale:
  max: 142504.81862800484
  mean: 3677.251896441829
  median: 607.890975225012
  min: 0.11425682635272105
  num_samples: 772
  rmse: 14528.673127342867
  std: 14055.60960368812
trans:
  max: 283.23209332466996
  mean: 157.3031951643949
  median: 248.69696445941963
  min: 0.0
  num_samples: 772
  rmse: 197.97329373420789
  std: 120.20453328823852
