rot:
  max: 30.012799068602664
  mean: 30.012799068602664
  median: 30.012799068602664
  min: 30.012799068602664
  num_samples: 1
  rmse: 30.012799068602664
  std: 0.0
scale:
  max: 14528.673127342867
  mean: 14528.673127342867
  median: 14528.673127342867
  min: 14528.673127342867
  num_samples: 1
  rmse: 14528.673127342867
  std: 0.0
trans:
  max: 197.97329373420789
  mean: 197.97329373420789
  median: 197.97329373420789
  min: 197.97329373420789
  num_samples: 1
  rmse: 197.97329373420789
  std: 0.0
