rot:
  max: 18.62389066891724
  mean: 1.652509950744986
  median: 1.631162848655701
  min: 5.109599479759417e-05
  num_samples: 1330
  rmse: 2.167897005602257
  std: 1.4032064315659456
scale:
  max: 2176314.6139691826
  mean: 2825.95917549011
  median: 1.9283453202197098
  min: 0.04507289496209488
  num_samples: 1330
  rmse: 68766.43627012041
  std: 68708.34528666074
trans:
  max: 219.31221194654785
  mean: 16.907613583021107
  median: 10.282960895225129
  min: 0.0
  num_samples: 1330
  rmse: 25.586806510203804
  std: 19.204615859679365
