rot:
  max: 2.167897005602257
  mean: 2.167897005602257
  median: 2.167897005602257
  min: 2.167897005602257
  num_samples: 1
  rmse: 2.167897005602257
  std: 0.0
scale:
  max: 68766.43627012041
  mean: 68766.43627012041
  median: 68766.43627012041
  min: 68766.43627012041
  num_samples: 1
  rmse: 68766.43627012041
  std: 0.0
trans:
  max: 25.586806510203804
  mean: 25.586806510203804
  median: 25.586806510203804
  min: 25.586806510203804
  num_samples: 1
  rmse: 25.586806510203804
  std: 0.0
