rot:
  max: 31.498438271878584
  mean: 17.940788113047418
  median: 16.794410620552135
  min: 0.0
  num_samples: 2686
  rmse: 19.84318466739709
  std: 8.478213233173568
scale:
  max: 180298.0679972704
  mean: 617.1065559342405
  median: 9.30515911493277
  min: 0.4719761885866536
  num_samples: 2686
  rmse: 5118.693549199998
  std: 5081.358396063464
trans:
  max: 436.2377440176895
  mean: 271.88351170360954
  median: 330.7996684524728
  min: 0.0
  num_samples: 2686
  rmse: 303.59161797125756
  std: 135.08229553172092
