rot:
  max: 19.84318466739709
  mean: 19.84318466739709
  median: 19.84318466739709
  min: 19.84318466739709
  num_samples: 1
  rmse: 19.84318466739709
  std: 0.0
scale:
  max: 5118.693549199998
  mean: 5118.693549199998
  median: 5118.693549199998
  min: 5118.693549199998
  num_samples: 1
  rmse: 5118.693549199998
  std: 0.0
trans:
  max: 303.59161797125756
  mean: 303.59161797125756
  median: 303.59161797125756
  min: 303.59161797125756
  num_samples: 1
  rmse: 303.59161797125756
  std: 0.0
