rot:
  max: 8.284625281281425
  mean: 1.6033484808383283
  median: 1.274961311574339
  min: 0.0
  num_samples: 792
  rmse: 2.193018317513166
  std: 1.4961961736155127
scale:
  max: 95045.45546288365
  mean: 225.1870653164565
  median: 2.913134832860681
  min: 0.00892247937070989
  num_samples: 792
  rmse: 3823.5898480000187
  std: 3816.952987835057
trans:
  max: 8.37834391683908
  mean: 4.078612943645977
  median: 2.806189552328112
  min: 0.0
  num_samples: 792
  rmse: 4.915520559556148
  std: 2.7435850319140265
