rot:
  max: 2.193018317513166
  mean: 2.193018317513166
  median: 2.193018317513166
  min: 2.193018317513166
  num_samples: 1
  rmse: 2.193018317513166
  std: 0.0
scale:
  max: 3823.5898480000187
  mean: 3823.5898480000187
  median: 3823.5898480000187
  min: 3823.5898480000187
  num_samples: 1
  rmse: 3823.5898480000187
  std: 0.0
trans:
  max: 4.915520559556148
  mean: 4.915520559556148
  median: 4.915520559556148
  min: 4.915520559556148
  num_samples: 1
  rmse: 4.915520559556148
  std: 0.0
