rot:
  max: 13.302935221411643
  mean: 3.201849501326794
  median: 3.1371557713930343
  min: 0.0006741862031264913
  num_samples: 1330
  rmse: 3.717065708843552
  std: 1.8880511790504984
scale:
  max: 11823396.453366015
  mean: 17077.980647558914
  median: 2.055728750069341
  min: 0.014220156570454723
  num_samples: 1330
  rmse: 399061.35882486624
  std: 398695.7620594308
trans:
  max: 84.33976486178291
  mean: 41.677706273209296
  median: 42.694342609137536
  min: 0.0
  num_samples: 1330
  rmse: 50.29487653331944
  std: 28.152147436846416
