rot:
  max: 3.717065708843552
  mean: 3.717065708843552
  median: 3.717065708843552
  min: 3.717065708843552
  num_samples: 1
  rmse: 3.717065708843552
  std: 0.0
scale:
  max: 399061.35882486624
  mean: 399061.35882486624
  median: 399061.35882486624
  min: 399061.35882486624
  num_samples: 1
  rmse: 399061.35882486624
  std: 0.0
trans:
  max: 50.29487653331944
  mean: 50.29487653331944
  median: 50.29487653331944
  min: 50.29487653331944
  num_samples: 1
  rmse: 50.29487653331944
  std: 0.0
