rot:
  max: 178.38163930494045
  mean: 10.830268759293002
  median: 8.59365518750779
  min: 0.004739625836492908
  num_samples: 2592
  rmse: 24.817722627817755
  std: 22.329904501201508
scale:
  max: 1227967.965611622
  mean: 544.1697090714355
  median: 7.248108015765431
  min: 0.04579025512877477
  num_samples: 2592
  rmse: 24120.843342457643
  std: 24114.7042876149
trans:
  max: 211.09892303896905
  mean: 119.8412237653044
  median: 140.31074367150512
  min: 0.001228067965611622
  num_samples: 2592
  rmse: 136.51473648468308
  std: 65.37854666415197
