rot:
  max: 24.817722627817755
  mean: 24.817722627817755
  median: 24.817722627817755
  min: 24.817722627817755
  num_samples: 1
  rmse: 24.817722627817755
  std: 0.0
scale:
  max: 24120.843342457643
  mean: 24120.843342457643
  median: 24120.843342457643
  min: 24120.843342457643
  num_samples: 1
  rmse: 24120.843342457643
  std: 0.0
trans:
  max: 136.51473648468308
  mean: 136.51473648468308
  median: 136.51473648468308
  min: 136.51473648468308
  num_samples: 1
  rmse: 136.51473648468308
  std: 0.0
