rot:
  max: 22.12298921767418
  mean: 13.038557438561428
  median: 17.74054438641312
  min: 0.002037169356248867
  num_samples: 772
  rmse: 15.311017619737608
  std: 8.026411431844869
scale:
  max: 30053.69405394805
  mean: 768.8213649941673
  median: 58.412996357308195
  min: 0.042339741614538795
  num_samples: 772
  rmse: 3073.175230497752
  std: 2975.452857309862
trans:
  max: 70.51548925342577
  mean: 36.48988426615267
  median: 52.97236275386861
  min: 0.0
  num_samples: 772
  rmse: 43.59022320185922
  std: 23.84524910817014
