rot:
  max: 15.311017619737608
  mean: 15.311017619737608
  median: 15.311017619737608
  min: 15.311017619737608
  num_samples: 1
  rmse: 15.311017619737608
  std: 0.0
scale:
  max: 3073.175230497752
  mean: 3073.175230497752
  median: 3073.175230497752
  min: 3073.175230497752
  num_samples: 1
  rmse: 3073.175230497752
  std: 0.0
trans:
  max: 43.59022320185922
  mean: 43.59022320185922
  median: 43.59022320185922
  min: 43.59022320185922
  num_samples: 1
  rmse: 43.59022320185922
  std: 0.0
