rot:
  max: 11.00758101249845
  mean: 3.99838907728992
  median: 4.681946162050375
  min: 0.00260916829651933
  num_samples: 535
  rmse: 4.494096513001492
  std: 2.0517768530668326
scale:
  max: 2560772.933327428
  mean: 8285.963594987654
  median: 10.79215890801326
  min: 0.2225132816172426
  num_samples: 535
  rmse: 126938.67460173435
  std: 126667.95142003182
trans:
  max: 29.660435864351996
  mean: 17.07765806176328
  median: 23.62661564832552
  min: 0.0
  num_samples: 535
  rmse: 21.04321855152412
  std: 12.295147096830538
