rot:
  max: 4.494096513001492
  mean: 4.494096513001492
  median: 4.494096513001492
  min: 4.494096513001492
  num_samples: 1
  rmse: 4.494096513001492
  std: 0.0
scale:
  max: 126938.67460173435
  mean: 126938.67460173435
  median: 126938.67460173435
  min: 126938.67460173435
  num_samples: 1
  rmse: 126938.67460173435
  std: 0.0
trans:
  max: 21.04321855152412
  mean: 21.04321855152412
  median: 21.04321855152412
  min: 21.04321855152412
  num_samples: 1
  rmse: 21.04321855152412
  std: 0.0
