rot:
  max: 21.167310605609686
  mean: 12.806397389934476
  median: 12.815542840008417
  min: 0.0
  num_samples: 2667
  rmse: 14.158302812903763
  std: 6.037691978973268
scale:
  max: 2452859.4955019113
  mean: 1509.8978644333047
  median: 6.874930740752894
  min: 0.30577621540435196
  num_samples: 2667
  rmse: 48590.87754187675
  std: 48567.41282720999
trans:
  max: 318.7777238965603
  mean: 192.51730652581253
  median: 233.9431944773986
  min: 0.0
  num_samples: 2667
  rmse: 212.75067703983174
  std: 90.55350500644991
