rot:
  max: 14.158302812903763
  mean: 14.158302812903763
  median: 14.158302812903763
  min: 14.158302812903763
  num_samples: 1
  rmse: 14.158302812903763
  std: 0.0
scale:
  max: 48590.87754187675
  mean: 48590.87754187675
  median: 48590.87754187675
  min: 48590.87754187675
  num_samples: 1
  rmse: 48590.87754187675
  std: 0.0
trans:
  max: 212.75067703983174
  mean: 212.75067703983174
  median: 212.75067703983174
  min: 212.75067703983174
  num_samples: 1
  rmse: 212.75067703983174
  std: 0.0
