rot:
  max: 2.002932015167064
  mean: 0.5130862918199935
  median: 0.31927864923289084
  min: 0.0004746431245258161
  num_samples: 1101
  rmse: 0.6816027159676079
  std: 0.44869223256128254
scale:
  max: 13823.167543472948
  mean: 35.363925018681215
  median: 1.104987299572091
  min: 0.07237202109657837
  num_samples: 1101
  rmse: 604.3768262803571
  std: 603.3413138116683
trans:
  max: 20.359527783863733
  mean: 8.477295578744084
  median: 8.135263638723227
  min: 0.0
  num_samples: 1101
  rmse: 10.027357746363199
  std: 5.355685114358019
