rot:
  max: 0.6816027159676079
  mean: 0.6816027159676079
  median: 0.6816027159676079
  min: 0.6816027159676079
  num_samples: 1
  rmse: 0.6816027159676079
  std: 0.0
scale:
  max: 604.3768262803571
  mean: 604.3768262803571
  median: 604.3768262803571
  min: 604.3768262803571
  num_samples: 1
  rmse: 604.3768262803571
  std: 0.0
trans:
  max: 10.027357746363199
  mean: 10.027357746363199
  median: 10.027357746363199
  min: 10.027357746363199
  num_samples: 1
  rmse: 10.027357746363199
  std: 0.0
