rot:
  max: 9.199684876106847
  mean: 1.6598280188115
  median: 1.2355472363733602
  min: 0.0
  num_samples: 792
  rmse: 2.3609882593544858
  std: 1.6790582207827154
scale:
  max: 95045.45683651343
  mean: 229.97498667325712
  median: 3.955679710019205
  min: 0.002677710467857697
  num_samples: 792
  rmse: 3823.7612808610515
  std: 3816.839247141119
trans:
  max: 8.805468808904617
  mean: 5.049128514720656
  median: 4.407947731678593
  min: 0.0
  num_samples: 792
  rmse: 5.681626246140651
  std: 2.605221303971908
