rot:
  max: 2.3609882593544858
  mean: 2.3609882593544858
  median: 2.3609882593544858
  min: 2.3609882593544858
  num_samples: 1
  rmse: 2.3609882593544858
  std: 0.0
scale:
  max: 3823.7612808610515
  mean: 3823.7612808610515
  median: 3823.7612808610515
  min: 3823.7612808610515
  num_samples: 1
  rmse: 3823.7612808610515
  std: 0.0
trans:
  max: 5.681626246140651
  mean: 5.681626246140651
  median: 5.681626246140651
  min: 5.681626246140651
  num_samples: 1
  rmse: 5.681626246140651
  std: 0.0
