rot:
  max: 3.520156931704357
  mean: 3.520156931704357
  median: 3.520156931704357
  min: 3.520156931704357
  num_samples: 1
  rmse: 3.520156931704357
  std: 0.0
scale:
  max: 126337.72551240315
  mean: 126337.72551240315
  median: 126337.72551240315
  min: 126337.72551240315
  num_samples: 1
  rmse: 126337.72551240315
  std: 0.0
trans:
  max: 12.541441909948567
  mean: 12.541441909948567
  median: 12.541441909948567
  min: 12.541441909948567
  num_samples: 1
  rmse: 12.541441909948567
  std: 0.0
