rot:
  max: 16.372512698071397
  mean: 8.905418899254133
  median: 8.309076255626966
  min: 0.00042243057245074247
  num_samples: 1330
  rmse: 10.580607143668859
  std: 5.713384439845071
scale:
  max: 23085730.07557089
  mean: 28514.07126445814
  median: 4.120058897808876
  min: 0.003360876238445165
  num_samples: 1330
  rmse: 711844.8637081966
  std: 711273.5463432239
trans:
  max: 260.54741690600775
  mean: 76.32948188136297
  median: 51.4947988563458
  min: 9.678172040897828e-08
  num_samples: 1330
  rmse: 105.74685550137305
  std: 73.18611647130183
