rot:
  max: 19.890085182009322
  mean: 12.637056494937001
  median: 13.461359785197821
  min: 0.0
  num_samples: 2078
  rmse: 13.44456934647646
  std: 4.589253540172415
scale:
  max: 70964.10751966825
  mean: 508.8794020831139
  median: 9.057114379324283
  min: 0.1987599141452745
  num_samples: 2078
  rmse: 4615.500092188871
  std: 4587.361208268978
trans:
  max: 440.43468453627895
  mean: 244.1726109489024
  median: 278.34796896840885
  min: 0.0
  num_samples: 2078
  rmse: 279.6063435436779
  std: 136.23304816475766
