rot:
  max: 13.44456934647646
  mean: 13.44456934647646
  median: 13.44456934647646
  min: 13.44456934647646
  num_samples: 1
  rmse: 13.44456934647646
  std: 0.0
scale:
  max: 4615.500092188871
  mean: 4615.500092188871
  median: 4615.500092188871
  min: 4615.500092188871
  num_samples: 1
  rmse: 4615.500092188871
  std: 0.0
trans:
  max: 279.6063435436779
  mean: 279.6063435436779
  median: 279.6063435436779
  min: 279.6063435436779
  num_samples: 1
  rmse: 279.6063435436779
  std: 0.0
