rot:
  max: 19.399334834392437
  mean: 10.970527459306556
  median: 10.857412952060894
  min: 0.00212969360678017
  num_samples: 1330
  rmse: 12.651315355062646
  std: 6.30105606052229
scale:
  max: 24519810.477114342
  mean: 30685.61180452724
  median: 5.599869218421471
  min: 0.023906838104714723
  num_samples: 1330
  rmse: 762003.4951686162
  std: 761385.3951037992
trans:
  max: 268.4825272165735
  mean: 97.92296574405476
  median: 90.69894085071398
  min: 9.938361130639345e-08
  num_samples: 1330
  rmse: 126.99310921032685
  std: 80.86001834525318
