rot:
  max: 12.651315355062646
  mean: 12.651315355062646
  median: 12.651315355062646
  min: 12.651315355062646
  num_samples: 1
  rmse: 12.651315355062646
  std: 0.0
scale:
  max: 762003.4951686162
  mean: 762003.4951686162
  median: 762003.4951686162
  min: 762003.4951686162
  num_samples: 1
  rmse: 762003.4951686162
  std: 0.0
trans:
  max: 126.99310921032685
  mean: 126.99310921032685
  median: 126.99310921032685
  min: 126.99310921032685
  num_samples: 1
  rmse: 126.99310921032685
  std: 0.0
