rot:
  max: 12.479192958177599
  mean: 7.071090846256155
  median: 7.4302031456263595
  min: 0.0
  num_samples: 772
  rmse: 7.929496932692887
  std: 3.5883973929288167
scale:
  max: 19248.97651402607
  mean: 464.641300353675
  median: 19.176621189914954
  min: 0.03663440146575159
  num_samples: 772
  rmse: 1954.2729366220956
  std: 1898.2336981571038
trans:
  max: 35.57870618135295
  mean: 22.254170460105225
  median: 31.206563614038814
  min: 0.0
  num_samples: 772
  rmse: 25.68910084069049
  std: 12.832840649511114
