rot:
  max: 7.929496932692887
  mean: 7.929496932692887
  median: 7.929496932692887
  min: 7.929496932692887
  num_samples: 1
  rmse: 7.929496932692887
  std: 0.0
scale:
  max: 1954.2729366220956
  mean: 1954.2729366220956
  median: 1954.2729366220956
  min: 1954.2729366220956
  num_samples: 1
  rmse: 1954.2729366220956
  std: 0.0
trans:
  max: 25.68910084069049
  mean: 25.68910084069049
  median: 25.68910084069049
  min: 25.68910084069049
  num_samples: 1
  rmse: 25.68910084069049
  std: 0.0
