rot:
  max: 18.14799649976013
  mean: 9.87238178408846
  median: 7.704091431143875
  min: 0.0016653275185080497
  num_samples: 1101
  rmse: 11.033032998384698
  std: 4.925839527699209
scale:
  max: 288.19372804930293
  mean: 7.290762128875207
  median: 3.8038053358547153
  min: 0.03307556654211785
  num_samples: 1101
  rmse: 24.47188219241437
  std: 23.360603708371205
trans:
  max: 224.8946389830054
  mean: 99.42333240070326
  median: 104.43509985764699
  min: 9.29184417226616e-08
  num_samples: 1101
  rmse: 119.16576039903883
  std: 65.6923087265199
