rot:
  max: 11.033032998384698
  mean: 11.033032998384698
  median: 11.033032998384698
  min: 11.033032998384698
  num_samples: 1
  rmse: 11.033032998384698
  std: 0.0
scale:
  max: 24.47188219241437
  mean: 24.47188219241437
  median: 24.47188219241437
  min: 24.47188219241437
  num_samples: 1
  rmse: 24.47188219241437
  std: 0.0
trans:
  max: 119.16576039903883
  mean: 119.16576039903883
  median: 119.16576039903883
  min: 119.16576039903883
  num_samples: 1
  rmse: 119.16576039903883
  std: 0.0
