rot:
  max: 16.085512435025734
  mean: 8.178845830635389
  median: 5.761027698322996
  min: 0.0
  num_samples: 792
  rmse: 9.880941073698994
  std: 5.544319379383722
scale:
  max: 80473.5457920929
  mean: 291.18679792949274
  median: 5.668104829215176
  min: 0.008019592656416386
  num_samples: 792
  rmse: 3238.1728636380712
  std: 3225.0540683085537
trans:
  max: 48.555379607116556
  mean: 21.70329660230077
  median: 16.66716117619385
  min: 0.0
  num_samples: 792
  rmse: 26.003876757635457
  std: 14.323704933391127
