rot:
  max: 9.880941073698994
  mean: 9.880941073698994
  median: 9.880941073698994
  min: 9.880941073698994
  num_samples: 1
  rmse: 9.880941073698994
  std: 0.0
scale:
  max: 3238.1728636380712
  mean: 3238.1728636380712
  median: 3238.1728636380712
  min: 3238.1728636380712
  num_samples: 1
  rmse: 3238.1728636380712
  std: 0.0
trans:
  max: 26.003876757635457
  mean: 26.003876757635457
  median: 26.003876757635457
  min: 26.003876757635457
  num_samples: 1
  rmse: 26.003876757635457
  std: 0.0
