rot:
  max: 10.99961575426914
  mean: 3.671629926511257
  median: 4.136033858026286
  min: 0.00260916829651933
  num_samples: 535
  rmse: 4.217356172269266
  std: 2.074904037907444
scale:
  max: 2562392.305604331
  mean: 8238.884726891192
  median: 8.251030835485507
  min: 0.05944339089072326
  num_samples: 535
  rmse: 127007.49342220837
  std: 126739.98644409465
trans:
  max: 24.93272176057868
  mean: 13.176091643506478
  median: 17.885911765608945
  min: 0.0
  num_samples: 535
  rmse: 15.83502627499736
  std: 8.782862069495085
