rot:
  max: 4.217356172269266
  mean: 4.217356172269266
  median: 4.217356172269266
  min: 4.217356172269266
  num_samples: 1
  rmse: 4.217356172269266
  std: 0.0
scale:
  max: 127007.49342220837
  mean: 127007.49342220837
  median: 127007.49342220837
  min: 127007.49342220837
  num_samples: 1
  rmse: 127007.49342220837
  std: 0.0
trans:
  max: 15.83502627499736
  mean: 15.83502627499736
  median: 15.83502627499736
  min: 15.83502627499736
  num_samples: 1
  rmse: 15.83502627499736
  std: 0.0
