rot:
  max: 21.31798315805868
  mean: 13.006376805973856
  median: 13.047158930710573
  min: 1.1459155902616465e-14
  num_samples: 2095
  rmse: 14.153744441940207
  std: 5.582351127327855
scale:
  max: 54126.780808305855
  mean: 367.8534931270449
  median: 9.901583224169496
  min: 0.0015190038922474614
  num_samples: 2095
  rmse: 3394.7321376005975
  std: 3374.7429670498686
trans:
  max: 436.0346321876893
  mean: 225.016198566563
  median: 226.390368270164
  min: 0.0
  num_samples: 2095
  rmse: 261.36192473317845
  std: 132.95776052147065
