rot:
  max: 14.153744441940207
  mean: 14.153744441940207
  median: 14.153744441940207
  min: 14.153744441940207
  num_samples: 1
  rmse: 14.153744441940207
  std: 0.0
scale:
  max: 3394.7321376005975
  mean: 3394.7321376005975
  median: 3394.7321376005975
  min: 3394.7321376005975
  num_samples: 1
  rmse: 3394.7321376005975
  std: 0.0
trans:
  max: 261.36192473317845
  mean: 261.36192473317845
  median: 261.36192473317845
  min: 261.36192473317845
  num_samples: 1
  rmse: 261.36192473317845
  std: 0.0
