rot:
  max: 4.0283556595782315
  mean: 4.0283556595782315
  median: 4.0283556595782315
  min: 4.0283556595782315
  num_samples: 1
  rmse: 4.0283556595782315
  std: 0.0
scale:
  max: 3823.888020906536
  mean: 3823.888020906536
  median: 3823.888020906536
  min: 3823.888020906536
  num_samples: 1
  rmse: 3823.888020906536
  std: 0.0
trans:
  max: 5.611507698352465
  mean: 5.611507698352465
  median: 5.611507698352465
  min: 5.611507698352465
  num_samples: 1
  rmse: 5.611507698352465
  std: 0.0
