rot:
  max: 29.869150248714934
  mean: 17.157034555751473
  median: 25.48674798825794
  min: 0.00014039785329892146
  num_samples: 772
  rmse: 20.89891218283675
  std: 11.933176261108033
scale:
  max: 180143.46780507037
  mean: 3219.7956570580855
  median: 448.886465448043
  min: 0.023976245410184394
  num_samples: 772
  rmse: 13498.77935138258
  std: 13109.155575554916
trans:
  max: 207.4138587443988
  mean: 116.18762013412231
  median: 183.61187939932248
  min: 0.0
  num_samples: 772
  rmse: 145.8460658847551
  std: 88.15617880573784
