rot:
  max: 15.442476743799407
  mean: 8.087561077684883
  median: 5.762050950718177
  min: 0.0
  num_samples: 792
  rmse: 9.684538971412238
  std: 5.327443186324835
scale:
  max: 75199.26763419207
  mean: 266.2218378985825
  median: 5.705622162498203
  min: 0.012358218753316663
  num_samples: 792
  rmse: 3051.30438040335
  std: 3039.668461344851
trans:
  max: 46.29130396260229
  mean: 21.107588844481956
  median: 17.26644635441255
  min: 0.0
  num_samples: 792
  rmse: 24.984920201187055
  std: 13.36846777428086
