rot:
  max: 9.684538971412238
  mean: 9.684538971412238
  median: 9.684538971412238
  min: 9.684538971412238
  num_samples: 1
  rmse: 9.684538971412238
  std: 0.0
scale:
  max: 3051.30438040335
  mean: 3051.30438040335
  median: 3051.30438040335
  min: 3051.30438040335
  num_samples: 1
  rmse: 3051.30438040335
  std: 0.0
trans:
  max: 24.984920201187055
  mean: 24.984920201187055
  median: 24.984920201187055
  min: 24.984920201187055
  num_samples: 1
  rmse: 24.984920201187055
  std: 0.0
