rot:
  max: 17.821315128137652
  mean: 9.810950878311907
  median: 12.346154543433697
  min: 0.0
  num_samples: 772
  rmse: 11.33681673973311
  std: 5.680550735064662
scale:
  max: 66620.51760108426
  mean: 1635.4583218068417
  median: 112.38956389907469
  min: 0.14970585238216483
  num_samples: 772
  rmse: 6800.746034342581
  std: 6601.16828305862
trans:
  max: 133.40553950101503
  mean: 76.58105461404423
  median: 121.64401521216591
  min: 0.0
  num_samples: 772
  rmse: 95.3992036778535
  std: 56.888928066622526
