rot:
  max: 11.33681673973311
  mean: 11.33681673973311
  median: 11.33681673973311
  min: 11.33681673973311
  num_samples: 1
  rmse: 11.33681673973311
  std: 0.0
scale:
  max: 6800.746034342581
  mean: 6800.746034342581
  median: 6800.746034342581
  min: 6800.746034342581
  num_samples: 1
  rmse: 6800.746034342581
  std: 0.0
trans:
  max: 95.3992036778535
  mean: 95.3992036778535
  median: 95.3992036778535
  min: 95.3992036778535
  num_samples: 1
  rmse: 95.3992036778535
  std: 0.0
