rot:
  max: 9.517916864444809
  mean: 5.330410117233234
  median: 5.879109515355946
  min: 0.002037169356248867
  num_samples: 772
  rmse: 5.71326234247694
  std: 2.0562331035324464
scale:
  max: 12672.22670746307
  mean: 345.9262799495506
  median: 37.713897209237324
  min: 0.08376557426000852
  num_samples: 772
  rmse: 1286.7557330452776
  std: 1239.3850593601471
trans:
  max: 26.77969829376752
  mean: 18.58462604808611
  median: 22.956577307427615
  min: 0.0
  num_samples: 772
  rmse: 20.905830320870052
  std: 9.57420576642308
