rot:
  max: 5.71326234247694
  mean: 5.71326234247694
  median: 5.71326234247694
  min: 5.71326234247694
  num_samples: 1
  rmse: 5.71326234247694
  std: 0.0
scale:
  max: 1286.7557330452776
  mean: 1286.7557330452776
  median: 1286.7557330452776
  min: 1286.7557330452776
  num_samples: 1
  rmse: 1286.7557330452776
  std: 0.0
trans:
  max: 20.905830320870052
  mean: 20.905830320870052
  median: 20.905830320870052
  min: 20.905830320870052
  num_samples: 1
  rmse: 20.905830320870052
  std: 0.0
