rot:
  max: 9.029407493349519
  mean: 2.2372453514266923
  median: 2.4434048389972434
  min: 0.0
  num_samples: 772
  rmse: 2.478665380957226
  std: 1.067012328080368
scale:
  max: 7127.8880537349905
  mean: 170.423445944412
  median: 4.024454637899222
  min: 0.0016893818831187346
  num_samples: 772
  rmse: 712.2773582272931
  std: 691.5886668502338
trans:
  max: 13.161565704107522
  mean: 7.571645707186437
  median: 10.65424137976721
  min: 0.0
  num_samples: 772
  rmse: 8.992109720606285
  std: 4.850589501521153
