rot:
  max: 2.478665380957226
  mean: 2.478665380957226
  median: 2.478665380957226
  min: 2.478665380957226
  num_samples: 1
  rmse: 2.478665380957226
  std: 0.0
scale:
  max: 712.2773582272931
  mean: 712.2773582272931
  median: 712.2773582272931
  min: 712.2773582272931
  num_samples: 1
  rmse: 712.2773582272931
  std: 0.0
trans:
  max: 8.992109720606285
  mean: 8.992109720606285
  median: 8.992109720606285
  min: 8.992109720606285
  num_samples: 1
  rmse: 8.992109720606285
  std: 0.0
