rot:
  max: 15.01836086481462
  mean: 8.075187116434693
  median: 11.200364701353417
  min: 0.0006785081735415092
  num_samples: 535
  rmse: 9.817234552680864
  std: 5.58296044199833
scale:
  max: 3152900.0099882293
  mean: 13752.181297071187
  median: 10.168551207543741
  min: 0.004888572805561431
  num_samples: 535
  rmse: 192947.68658622194
  std: 192456.97511014616
trans:
  max: 57.26500951799823
  mean: 23.455155226304818
  median: 19.239016498485995
  min: 3.8474106316268337e-08
  num_samples: 535
  rmse: 31.457105989842088
  std: 20.961994431973903
