rot:
  max: 9.817234552680864
  mean: 9.817234552680864
  median: 9.817234552680864
  min: 9.817234552680864
  num_samples: 1
  rmse: 9.817234552680864
  std: 0.0
scale:
  max: 192947.68658622194
  mean: 192947.68658622194
  median: 192947.68658622194
  min: 192947.68658622194
  num_samples: 1
  rmse: 192947.68658622194
  std: 0.0
trans:
  max: 31.457105989842088
  mean: 31.457105989842088
  median: 31.457105989842088
  min: 31.457105989842088
  num_samples: 1
  rmse: 31.457105989842088
  std: 0.0
