rot:
  max: 10.920641475861887
  mean: 5.882846177091376
  median: 4.922687294825829
  min: 0.0
  num_samples: 792
  rmse: 6.64486636261677
  std: 3.0897200251345107
scale:
  max: 2651.088862152825
  mean: 66.65560457399046
  median: 6.076309667869623
  min: 0.017057181155921697
  num_samples: 792
  rmse: 227.31118500871028
  std: 217.3186720209286
trans:
  max: 25.3971276745728
  mean: 14.793427851635226
  median: 17.077169464383402
  min: 0.0
  num_samples: 792
  rmse: 16.472611080921002
  std: 7.245785548975657
