rot:
  max: 6.64486636261677
  mean: 6.64486636261677
  median: 6.64486636261677
  min: 6.64486636261677
  num_samples: 1
  rmse: 6.64486636261677
  std: 0.0
scale:
  max: 227.31118500871028
  mean: 227.31118500871028
  median: 227.31118500871028
  min: 227.31118500871028
  num_samples: 1
  rmse: 227.31118500871028
  std: 0.0
trans:
  max: 16.472611080921002
  mean: 16.472611080921002
  median: 16.472611080921002
  min: 16.472611080921002
  num_samples: 1
  rmse: 16.472611080921002
  std: 0.0
