rot:
  max: 10.255706189765945
  mean: 3.823984874636379
  median: 4.317431295901004
  min: 0.0
  num_samples: 788
  rmse: 4.134864944007536
  std: 1.5729741840648974
scale:
  max: 33372.87215490754
  mean: 792.3344246717214
  median: 18.781872717290547
  min: 0.049827524617085395
  num_samples: 788
  rmse: 3402.4373135865926
  std: 3308.8949563814326
trans:
  max: 64.97745079842159
  mean: 41.18462749879435
  median: 62.111042396853094
  min: 0.0
  num_samples: 788
  rmse: 49.61658276479835
  std: 27.670051374033218
