rot:
  max: 4.134864944007536
  mean: 4.134864944007536
  median: 4.134864944007536
  min: 4.134864944007536
  num_samples: 1
  rmse: 4.134864944007536
  std: 0.0
scale:
  max: 3402.4373135865926
  mean: 3402.4373135865926
  median: 3402.4373135865926
  min: 3402.4373135865926
  num_samples: 1
  rmse: 3402.4373135865926
  std: 0.0
trans:
  max: 49.61658276479835
  mean: 49.61658276479835
  median: 49.61658276479835
  min: 49.61658276479835
  num_samples: 1
  rmse: 49.61658276479835
  std: 0.0
