rot:
  max: 179.38729777275998
  mean: 83.12776856000573
  median: 110.60921163384796
  min: 0.00014039785329892146
  num_samples: 772
  rmse: 107.54754200620901
  std: 68.23670482820384
scale:
  max: 618841.2966988094
  mean: 10184.987167967132
  median: 1378.3779031733018
  min: 0.0004858565924026337
  num_samples: 772
  rmse: 43299.857685035415
  std: 42084.95826221841
trans:
  max: 693.1530895370151
  mean: 375.7066842852106
  median: 594.9619863592409
  min: 0.0
  num_samples: 772
  rmse: 480.58514456052177
  std: 299.6774408521114
