rot:
  max: 107.54754200620901
  mean: 107.54754200620901
  median: 107.54754200620901
  min: 107.54754200620901
  num_samples: 1
  rmse: 107.54754200620901
  std: 0.0
scale:
  max: 43299.857685035415
  mean: 43299.857685035415
  median: 43299.857685035415
  min: 43299.857685035415
  num_samples: 1
  rmse: 43299.857685035415
  std: 0.0
trans:
  max: 480.58514456052177
  mean: 480.58514456052177
  median: 480.58514456052177
  min: 480.58514456052177
  num_samples: 1
  rmse: 480.58514456052177
  std: 0.0
