rot:
  max: 34.704724573417195
  mean: 17.535490669877525
  median: 14.306153869373647
  min: 0.00212969360678017
  num_samples: 1330
  rmse: 21.10702597494575
  std: 11.747898215156312
scale:
  max: 24519810.477114342
  mean: 30738.772382441937
  median: 8.807280974869848
  min: 0.05085714459860391
  num_samples: 1330
  rmse: 762003.6441493253
  std: 761383.3998513966
trans:
  max: 540.703193755817
  mean: 174.7795854499541
  median: 158.48366157929652
  min: 9.938361130639345e-08
  num_samples: 1330
  rmse: 233.287845031252
  std: 154.5163911993405
