rot:
  max: 21.10702597494575
  mean: 21.10702597494575
  median: 21.10702597494575
  min: 21.10702597494575
  num_samples: 1
  rmse: 21.10702597494575
  std: 0.0
scale:
  max: 762003.6441493253
  mean: 762003.6441493253
  median: 762003.6441493253
  min: 762003.6441493253
  num_samples: 1
  rmse: 762003.6441493253
  std: 0.0
trans:
  max: 233.287845031252
  mean: 233.287845031252
  median: 233.287845031252
  min: 233.287845031252
  num_samples: 1
  rmse: 233.287845031252
  std: 0.0
