rot:
  max: 176.34084120316626
  mean: 10.906777440871906
  median: 8.359095144458783
  min: 0.0037493670168416214
  num_samples: 2592
  rmse: 19.82541859042488
  std: 16.555646412654873
scale:
  max: 1227967.965611622
  mean: 546.9267712115077
  median: 5.988071821797448
  min: 0.00016454314127889447
  num_samples: 2592
  rmse: 24120.94829286072
  std: 24114.74689176299
trans:
  max: 221.68146537319913
  mean: 128.99139623367103
  median: 146.35447822322465
  min: 0.001228067965611622
  num_samples: 2592
  rmse: 144.041484384057
  std: 64.10279963660412
