rot:
  max: 19.82541859042488
  mean: 19.82541859042488
  median: 19.82541859042488
  min: 19.82541859042488
  num_samples: 1
  rmse: 19.82541859042488
  std: 0.0
scale:
  max: 24120.94829286072
  mean: 24120.94829286072
  median: 24120.94829286072
  min: 24120.94829286072
  num_samples: 1
  rmse: 24120.94829286072
  std: 0.0
trans:
  max: 144.041484384057
  mean: 144.041484384057
  median: 144.041484384057
  min: 144.041484384057
  num_samples: 1
  rmse: 144.041484384057
  std: 0.0
