rot:
  max: 11.01294024502042
  mean: 4.101631723588142
  median: 4.2503271436830765
  min: 0.00260916829651933
  num_samples: 535
  rmse: 4.604497864327337
  std: 2.092371330966465
scale:
  max: 2560772.933327428
  mean: 8339.337388368102
  median: 10.661145646372416
  min: 0.0034563776124318935
  num_samples: 535
  rmse: 126939.97025699222
  std: 126665.74714882093
trans:
  max: 40.859548448062924
  mean: 22.328957535837482
  median: 32.3597552843032
  min: 0.0
  num_samples: 535
  rmse: 27.893032441558383
  std: 16.71642647663056
