rot:
  max: 4.604497864327337
  mean: 4.604497864327337
  median: 4.604497864327337
  min: 4.604497864327337
  num_samples: 1
  rmse: 4.604497864327337
  std: 0.0
scale:
  max: 126939.97025699222
  mean: 126939.97025699222
  median: 126939.97025699222
  min: 126939.97025699222
  num_samples: 1
  rmse: 126939.97025699222
  std: 0.0
trans:
  max: 27.893032441558383
  mean: 27.893032441558383
  median: 27.893032441558383
  min: 27.893032441558383
  num_samples: 1
  rmse: 27.893032441558383
  std: 0.0
