rot:
  max: 18.005927822304976
  mean: 10.271890979290147
  median: 10.1631668495971
  min: 0.00212969360678017
  num_samples: 1330
  rmse: 11.495558245328098
  std: 5.161018802650163
scale:
  max: 24519810.477114342
  mean: 30675.93974911431
  median: 5.043497773360195
  min: 0.05716191008419136
  num_samples: 1330
  rmse: 762003.4780948417
  std: 761385.7677610901
trans:
  max: 275.18901733381574
  mean: 101.33934263159011
  median: 111.6435783134668
  min: 9.938361130639345e-08
  num_samples: 1330
  rmse: 128.39810144560943
  std: 78.84421405426141
