rot:
  max: 11.495558245328098
  mean: 11.495558245328098
  median: 11.495558245328098
  min: 11.495558245328098
  num_samples: 1
  rmse: 11.495558245328098
  std: 0.0
scale:
  max: 762003.4780948417
  mean: 762003.4780948417
  median: 762003.4780948417
  min: 762003.4780948417
  num_samples: 1
  rmse: 762003.4780948417
  std: 0.0
trans:
  max: 128.39810144560943
  mean: 128.39810144560943
  median: 128.39810144560943
  min: 128.39810144560943
  num_samples: 1
  rmse: 128.39810144560943
  std: 0.0
