rot:
  max: 39.42504123647996
  mean: 18.579995218899647
  median: 14.14866652833392
  min: 0.00212969360678017
  num_samples: 1330
  rmse: 22.93831431539912
  std: 13.451767218388458
scale:
  max: 24538392.18286648
  mean: 30741.551041692608
  median: 8.31659843763174
  min: 0.036205404869504854
  num_samples: 1330
  rmse: 762505.3963168102
  std: 761885.4483790897
trans:
  max: 539.432893206562
  mean: 161.78090939472528
  median: 116.54275417084693
  min: 9.938361130639345e-08
  num_samples: 1330
  rmse: 221.2064907284577
  std: 150.86168796554986
