rot:
  max: 22.93831431539912
  mean: 22.93831431539912
  median: 22.93831431539912
  min: 22.93831431539912
  num_samples: 1
  rmse: 22.93831431539912
  std: 0.0
scale:
  max: 762505.3963168102
  mean: 762505.3963168102
  median: 762505.3963168102
  min: 762505.3963168102
  num_samples: 1
  rmse: 762505.3963168102
  std: 0.0
trans:
  max: 221.2064907284577
  mean: 221.2064907284577
  median: 221.2064907284577
  min: 221.2064907284577
  num_samples: 1
  rmse: 221.2064907284577
  std: 0.0
