rot:
  max: 14.022791663587556
  mean: 7.879010508383177
  median: 11.30232013086925
  min: 0.0006785081735415092
  num_samples: 535
  rmse: 9.462426793273567
  std: 5.2401063182772285
scale:
  max: 3152900.0099882293
  mean: 13672.559940423123
  median: 10.617192108232821
  min: 0.02345169319909468
  num_samples: 535
  rmse: 192946.12879202925
  std: 192461.0862499375
trans:
  max: 46.85192159348547
  mean: 19.905500845967016
  median: 20.893008711644338
  min: 3.8474106316268337e-08
  num_samples: 535
  rmse: 25.460434043420868
  std: 15.874657090803273
