rot:
  max: 9.462426793273567
  mean: 9.462426793273567
  median: 9.462426793273567
  min: 9.462426793273567
  num_samples: 1
  rmse: 9.462426793273567
  std: 0.0
scale:
  max: 192946.12879202925
  mean: 192946.12879202925
  median: 192946.12879202925
  min: 192946.12879202925
  num_samples: 1
  rmse: 192946.12879202925
  std: 0.0
trans:
  max: 25.460434043420868
  mean: 25.460434043420868
  median: 25.460434043420868
  min: 25.460434043420868
  num_samples: 1
  rmse: 25.460434043420868
  std: 0.0
