rot:
  max: 36.51713158620431
  mean: 20.766950573246913
  median: 30.630488928999938
  min: 0.00014039785329892146
  num_samples: 772
  rmse: 25.480350652391607
  std: 14.76421461701072
scale:
  max: 214231.33521150603
  mean: 3764.746668194144
  median: 529.356848189231
  min: 0.019748716796508248
  num_samples: 772
  rmse: 15716.218678470403
  std: 15258.643847794045
trans:
  max: 246.3571007829437
  mean: 136.94421003194293
  median: 216.45988328893267
  min: 0.0
  num_samples: 772
  rmse: 172.4448143139742
  std: 104.80218185948301
