rot:
  max: 25.480350652391607
  mean: 25.480350652391607
  median: 25.480350652391607
  min: 25.480350652391607
  num_samples: 1
  rmse: 25.480350652391607
  std: 0.0
scale:
  max: 15716.218678470403
  mean: 15716.218678470403
  median: 15716.218678470403
  min: 15716.218678470403
  num_samples: 1
  rmse: 15716.218678470403
  std: 0.0
trans:
  max: 172.4448143139742
  mean: 172.4448143139742
  median: 172.4448143139742
  min: 172.4448143139742
  num_samples: 1
  rmse: 172.4448143139742
  std: 0.0
