rot:
  max: 19.25549493377619
  mean: 10.915559791323881
  median: 10.066033955825382
  min: 0.00212969360678017
  num_samples: 1330
  rmse: 12.398902375686063
  std: 5.88075969274607
scale:
  max: 24519810.477114342
  mean: 30685.373685496765
  median: 6.734516818567348
  min: 0.0013460645533536209
  num_samples: 1330
  rmse: 762003.4919799446
  std: 761385.401509256
trans:
  max: 280.83015212173234
  mean: 113.24063900859112
  median: 127.59600654736727
  min: 9.938361130639345e-08
  num_samples: 1330
  rmse: 140.57212143200658
  std: 83.28912894742479
