rot:
  max: 12.398902375686063
  mean: 12.398902375686063
  median: 12.398902375686063
  min: 12.398902375686063
  num_samples: 1
  rmse: 12.398902375686063
  std: 0.0
scale:
  max: 762003.4919799446
  mean: 762003.4919799446
  median: 762003.4919799446
  min: 762003.4919799446
  num_samples: 1
  rmse: 762003.4919799446
  std: 0.0
trans:
  max: 140.57212143200658
  mean: 140.57212143200658
  median: 140.57212143200658
  min: 140.57212143200658
  num_samples: 1
  rmse: 140.57212143200658
  std: 0.0
