rot:
  max: 8.370599326827135
  mean: 1.5443909431221154
  median: 1.200712147055559
  min: 0.0
  num_samples: 792
  rmse: 2.163836296404439
  std: 1.5156002548296377
scale:
  max: 89534.25862542543
  mean: 205.5116563511212
  median: 2.157148022558164
  min: 0.011267844385598469
  num_samples: 792
  rmse: 3630.0083384136974
  std: 3624.1861839669314
trans:
  max: 8.844619829822568
  mean: 3.7655570759916386
  median: 2.38023800909906
  min: 0.0
  num_samples: 792
  rmse: 4.677870713287267
  std: 2.775437680381245
