rot:
  max: 2.163836296404439
  mean: 2.163836296404439
  median: 2.163836296404439
  min: 2.163836296404439
  num_samples: 1
  rmse: 2.163836296404439
  std: 0.0
scale:
  max: 3630.0083384136974
  mean: 3630.0083384136974
  median: 3630.0083384136974
  min: 3630.0083384136974
  num_samples: 1
  rmse: 3630.0083384136974
  std: 0.0
trans:
  max: 4.677870713287267
  mean: 4.677870713287267
  median: 4.677870713287267
  min: 4.677870713287267
  num_samples: 1
  rmse: 4.677870713287267
  std: 0.0
