rot:
  max: 9.659578283039332
  mean: 2.4573725780763804
  median: 2.325652876978518
  min: 0.0
  num_samples: 792
  rmse: 2.8169857738483084
  std: 1.377217797801784
scale:
  max: 1792.7781247275752
  mean: 37.897618402364216
  median: 3.7795865453623567
  min: 0.013467026868374532
  num_samples: 792
  rmse: 138.92359960652703
  std: 133.6545436828222
trans:
  max: 11.260861000777972
  mean: 7.1385985216182535
  median: 7.629046181227434
  min: 0.0
  num_samples: 792
  rmse: 7.890511349226313
  std: 3.3616336057665364
