rot:
  max: 2.8169857738483084
  mean: 2.8169857738483084
  median: 2.8169857738483084
  min: 2.8169857738483084
  num_samples: 1
  rmse: 2.8169857738483084
  std: 0.0
scale:
  max: 138.92359960652703
  mean: 138.92359960652703
  median: 138.92359960652703
  min: 138.92359960652703
  num_samples: 1
  rmse: 138.92359960652703
  std: 0.0
trans:
  max: 7.890511349226313
  mean: 7.890511349226313
  median: 7.890511349226313
  min: 7.890511349226313
  num_samples: 1
  rmse: 7.890511349226313
  std: 0.0
