rot:
  max: 22.031555288192674
  mean: 13.53641311047444
  median: 13.782198466985733
  min: 1.1459155902616465e-14
  num_samples: 2095
  rmse: 14.677091656868594
  std: 5.672965680021113
scale:
  max: 55729.25879795815
  mean: 378.5918289230535
  median: 10.323366581734316
  min: 0.0028297739620875006
  num_samples: 2095
  rmse: 3494.616415861116
  std: 3474.0483763296515
trans:
  max: 456.1847600755687
  mean: 234.6890020933645
  median: 235.08335278351305
  min: 0.0
  num_samples: 2095
  rmse: 272.9271850086837
  std: 139.3209266879352
