rot:
  max: 14.677091656868594
  mean: 14.677091656868594
  median: 14.677091656868594
  min: 14.677091656868594
  num_samples: 1
  rmse: 14.677091656868594
  std: 0.0
scale:
  max: 3494.616415861116
  mean: 3494.616415861116
  median: 3494.616415861116
  min: 3494.616415861116
  num_samples: 1
  rmse: 3494.616415861116
  std: 0.0
trans:
  max: 272.9271850086837
  mean: 272.9271850086837
  median: 272.9271850086837
  min: 272.9271850086837
  num_samples: 1
  rmse: 272.9271850086837
  std: 0.0
