rot:
  max: 15.664361335386976
  mean: 8.40831672051125
  median: 11.522868791492613
  min: 0.0011563767715691445
  num_samples: 535
  rmse: 9.928723121365797
  std: 5.280128099612235
scale:
  max: 3375844.9481039
  mean: 14678.687659545758
  median: 10.614357174462242
  min: 0.028878332896398184
  num_samples: 535
  rmse: 206149.1164845573
  std: 205625.86013426687
trans:
  max: 51.32449502858208
  mean: 22.406137470703232
  median: 23.052257431791617
  min: 4.0797911805097564e-08
  num_samples: 535
  rmse: 28.57216123866643
  std: 17.729450118159352
