rot:
  max: 9.928723121365797
  mean: 9.928723121365797
  median: 9.928723121365797
  min: 9.928723121365797
  num_samples: 1
  rmse: 9.928723121365797
  std: 0.0
scale:
  max: 206149.1164845573
  mean: 206149.1164845573
  median: 206149.1164845573
  min: 206149.1164845573
  num_samples: 1
  rmse: 206149.1164845573
  std: 0.0
trans:
  max: 28.57216123866643
  mean: 28.57216123866643
  median: 28.57216123866643
  min: 28.57216123866643
  num_samples: 1
  rmse: 28.57216123866643
  std: 0.0
