rot:
  max: 9.824149658562469
  mean: 2.628461637896059
  median: 2.2400217386033683
  min: 0.0
  num_samples: 792
  rmse: 3.216541802066654
  std: 1.8540039327226259
scale:
  max: 2382.205155441882
  mean: 55.81142701625042
  median: 2.81176987215912
  min: 0.03406869210088592
  num_samples: 792
  rmse: 210.17233823442513
  std: 202.62649474670224
trans:
  max: 17.043955739680626
  mean: 10.906544667600267
  median: 10.96937609702467
  min: 0.0
  num_samples: 792
  rmse: 12.261142843459739
  std: 5.6020449160430825
