rot:
  max: 3.216541802066654
  mean: 3.216541802066654
  median: 3.216541802066654
  min: 3.216541802066654
  num_samples: 1
  rmse: 3.216541802066654
  std: 0.0
scale:
  max: 210.17233823442513
  mean: 210.17233823442513
  median: 210.17233823442513
  min: 210.17233823442513
  num_samples: 1
  rmse: 210.17233823442513
  std: 0.0
trans:
  max: 12.261142843459739
  mean: 12.261142843459739
  median: 12.261142843459739
  min: 12.261142843459739
  num_samples: 1
  rmse: 12.261142843459739
  std: 0.0
