rot:
  max: 12.183401013574686
  mean: 6.445180611028753
  median: 5.280919326707391
  min: 0.0
  num_samples: 792
  rmse: 7.396980941781625
  std: 3.62973469337631
scale:
  max: 5205.983064413669
  mean: 114.72662953406979
  median: 5.9496950851137935
  min: 0.002622212389113976
  num_samples: 792
  rmse: 414.00652434903793
  std: 397.7929143151281
trans:
  max: 41.53998492088944
  mean: 18.71687457491807
  median: 12.712458595131807
  min: 0.0
  num_samples: 792
  rmse: 22.797110545561093
  std: 13.01487054769729
