rot:
  max: 7.396980941781625
  mean: 7.396980941781625
  median: 7.396980941781625
  min: 7.396980941781625
  num_samples: 1
  rmse: 7.396980941781625
  std: 0.0
scale:
  max: 414.00652434903793
  mean: 414.00652434903793
  median: 414.00652434903793
  min: 414.00652434903793
  num_samples: 1
  rmse: 414.00652434903793
  std: 0.0
trans:
  max: 22.797110545561093
  mean: 22.797110545561093
  median: 22.797110545561093
  min: 22.797110545561093
  num_samples: 1
  rmse: 22.797110545561093
  std: 0.0
