rot:
  max: 23.949212028670214
  mean: 14.552266025615232
  median: 15.093697758223367
  min: 1.1459155902616465e-14
  num_samples: 2095
  rmse: 15.808604000681939
  std: 6.176043553125393
scale:
  max: 58407.89796977192
  mean: 396.7155568145572
  median: 11.918974221673517
  min: 0.0028297739620875006
  num_samples: 2095
  rmse: 3661.676545746838
  std: 3640.122510665515
trans:
  max: 495.2712284229458
  mean: 254.8203018420596
  median: 257.09912666613263
  min: 0.0
  num_samples: 2095
  rmse: 297.82925989830755
  std: 154.17159861886134
