rot:
  max: 15.808604000681939
  mean: 15.808604000681939
  median: 15.808604000681939
  min: 15.808604000681939
  num_samples: 1
  rmse: 15.808604000681939
  std: 0.0
scale:
  max: 3661.676545746838
  mean: 3661.676545746838
  median: 3661.676545746838
  min: 3661.676545746838
  num_samples: 1
  rmse: 3661.676545746838
  std: 0.0
trans:
  max: 297.82925989830755
  mean: 297.82925989830755
  median: 297.82925989830755
  min: 297.82925989830755
  num_samples: 1
  rmse: 297.82925989830755
  std: 0.0
