rot:
  max: 11.068075676045302
  mean: 4.299789431899292
  median: 5.214138729026889
  min: 0.0021542303644432963
  num_samples: 516
  rmse: 4.774757639533503
  std: 2.076083176949014
scale:
  max: 5990.3257843267165
  mean: 132.50279763189894
  median: 4.263405929977404
  min: 0.017093360245068467
  num_samples: 516
  rmse: 541.1762061358395
  std: 524.704387924573
trans:
  max: 26.580287023345722
  mean: 15.808459987623056
  median: 22.49441416380611
  min: 0.0
  num_samples: 516
  rmse: 18.83748469318313
  std: 10.244189689069094
