rot:
  max: 4.774757639533503
  mean: 4.774757639533503
  median: 4.774757639533503
  min: 4.774757639533503
  num_samples: 1
  rmse: 4.774757639533503
  std: 0.0
scale:
  max: 541.1762061358395
  mean: 541.1762061358395
  median: 541.1762061358395
  min: 541.1762061358395
  num_samples: 1
  rmse: 541.1762061358395
  std: 0.0
trans:
  max: 18.83748469318313
  mean: 18.83748469318313
  median: 18.83748469318313
  min: 18.83748469318313
  num_samples: 1
  rmse: 18.83748469318313
  std: 0.0
