rot:
  max: 16.22866916275411
  mean: 7.347370908565979
  median: 7.961091760161992
  min: 0.00212969360678017
  num_samples: 1330
  rmse: 7.961463605980439
  std: 3.066112111666728
scale:
  max: 24519899.605696812
  mean: 30669.071169742303
  median: 5.093697107945621
  min: 0.04344169794112673
  num_samples: 1330
  rmse: 762005.7863376858
  std: 761388.3545771501
trans:
  max: 245.40226088752235
  mean: 87.30828045881154
  median: 80.10948167525612
  min: 9.938361130639345e-08
  num_samples: 1330
  rmse: 110.79825754571404
  std: 68.21669911753195
