rot:
  max: 7.961463605980439
  mean: 7.961463605980439
  median: 7.961463605980439
  min: 7.961463605980439
  num_samples: 1
  rmse: 7.961463605980439
  std: 0.0
scale:
  max: 762005.7863376858
  mean: 762005.7863376858
  median: 762005.7863376858
  min: 762005.7863376858
  num_samples: 1
  rmse: 762005.7863376858
  std: 0.0
trans:
  max: 110.79825754571404
  mean: 110.79825754571404
  median: 110.79825754571404
  min: 110.79825754571404
  num_samples: 1
  rmse: 110.79825754571404
  std: 0.0
