rot:
  max: 2.7643025036753697
  mean: 0.5194340554429121
  median: 0.3596894244966654
  min: 0.00023033228247704634
  num_samples: 808
  rmse: 0.8136109252579764
  std: 0.6262196098376911
scale:
  max: 15117344.771801308
  mean: 20504.240494214395
  median: 3.1799282162292055
  min: 0.008767995117975325
  num_samples: 808
  rmse: 533242.7985103468
  std: 532848.4383808417
trans:
  max: 4.08964276183369
  mean: 1.986070213535855
  median: 1.7748653894960493
  min: 1.7050386856636538e-07
  num_samples: 808
  rmse: 2.217646444902613
  std: 0.9866513373501519
