rot:
  max: 0.8136109252579764
  mean: 0.8136109252579764
  median: 0.8136109252579764
  min: 0.8136109252579764
  num_samples: 1
  rmse: 0.8136109252579764
  std: 0.0
scale:
  max: 533242.7985103468
  mean: 533242.7985103468
  median: 533242.7985103468
  min: 533242.7985103468
  num_samples: 1
  rmse: 533242.7985103468
  std: 0.0
trans:
  max: 2.217646444902613
  mean: 2.217646444902613
  median: 2.217646444902613
  min: 2.217646444902613
  num_samples: 1
  rmse: 2.217646444902613
  std: 0.0
