rot:
  max: 3.137808957490148
  mean: 0.7788883354739269
  median: 0.7073791088810144
  min: 0.0004746431245258161
  num_samples: 1101
  rmse: 0.9619981185498638
  std: 0.564600160251601
scale:
  max: 13823.080277924504
  mean: 36.645807785540285
  median: 2.1186199747638357
  min: 0.1490770443609457
  num_samples: 1101
  rmse: 604.3763697541859
  std: 603.2643542336922
trans:
  max: 32.735381718644724
  mean: 17.199716272791115
  median: 20.511876078060087
  min: 0.0
  num_samples: 1101
  rmse: 19.773965853376897
  std: 9.755997422406383
