rot:
  max: 0.9619981185498638
  mean: 0.9619981185498638
  median: 0.9619981185498638
  min: 0.9619981185498638
  num_samples: 1
  rmse: 0.9619981185498638
  std: 0.0
scale:
  max: 604.3763697541859
  mean: 604.3763697541859
  median: 604.3763697541859
  min: 604.3763697541859
  num_samples: 1
  rmse: 604.3763697541859
  std: 0.0
trans:
  max: 19.773965853376897
  mean: 19.773965853376897
  median: 19.773965853376897
  min: 19.773965853376897
  num_samples: 1
  rmse: 19.773965853376897
  std: 0.0
