rot:
  max: 12.777083212251707
  mean: 6.794794684793535
  median: 6.954888526767411
  min: 0.0011563767715691445
  num_samples: 535
  rmse: 7.899978021524961
  std: 4.029940189640407
scale:
  max: 3374449.4128054874
  mean: 14658.364414356574
  median: 10.016179077336151
  min: 0.012299516456837356
  num_samples: 535
  rmse: 206108.358578712
  std: 205586.44855317398
trans:
  max: 43.02471433664022
  mean: 18.59443881144492
  median: 17.171833982317867
  min: 4.0797911805097564e-08
  num_samples: 535
  rmse: 24.129326264884295
  std: 15.377621119167484
