rot:
  max: 7.899978021524961
  mean: 7.899978021524961
  median: 7.899978021524961
  min: 7.899978021524961
  num_samples: 1
  rmse: 7.899978021524961
  std: 0.0
scale:
  max: 206108.358578712
  mean: 206108.358578712
  median: 206108.358578712
  min: 206108.358578712
  num_samples: 1
  rmse: 206108.358578712
  std: 0.0
trans:
  max: 24.129326264884295
  mean: 24.129326264884295
  median: 24.129326264884295
  min: 24.129326264884295
  num_samples: 1
  rmse: 24.129326264884295
  std: 0.0
