rot:
  max: 21.235753101898034
  mean: 11.5209006577339
  median: 9.927752269903515
  min: 0.00212969360678017
  num_samples: 1330
  rmse: 13.26296510702014
  std: 6.570775560362742
scale:
  max: 24519810.477114342
  mean: 30680.539694984403
  median: 5.164594517316534
  min: 0.03551832655089848
  num_samples: 1330
  rmse: 762003.4859719942
  std: 761385.5903006672
trans:
  max: 270.8586570907665
  mean: 103.8196150040917
  median: 104.07600443527113
  min: 9.938361130639345e-08
  num_samples: 1330
  rmse: 132.83359658426818
  std: 82.86285007115238
