rot:
  max: 13.26296510702014
  mean: 13.26296510702014
  median: 13.26296510702014
  min: 13.26296510702014
  num_samples: 1
  rmse: 13.26296510702014
  std: 0.0
scale:
  max: 762003.4859719942
  mean: 762003.4859719942
  median: 762003.4859719942
  min: 762003.4859719942
  num_samples: 1
  rmse: 762003.4859719942
  std: 0.0
trans:
  max: 132.83359658426818
  mean: 132.83359658426818
  median: 132.83359658426818
  min: 132.83359658426818
  num_samples: 1
  rmse: 132.83359658426818
  std: 0.0
