rot:
  max: 13.67890922146113
  mean: 3.700546470017102
  median: 3.787971776140617
  min: 0.0020692876248442804
  num_samples: 1345
  rmse: 4.157262630040106
  std: 1.8944097757275056
scale:
  max: 2063.797176566371
  mean: 17.727325865402324
  median: 1.4670457014931193
  min: 0.005412066997234621
  num_samples: 1345
  rmse: 106.02713453398506
  std: 104.53466016183152
trans:
  max: 114.9716794070817
  mean: 49.33985008119406
  median: 57.70710283030944
  min: 0.0
  num_samples: 1345
  rmse: 61.47053274672255
  std: 36.663409417717595
