rot:
  max: 4.157262630040106
  mean: 4.157262630040106
  median: 4.157262630040106
  min: 4.157262630040106
  num_samples: 1
  rmse: 4.157262630040106
  std: 0.0
scale:
  max: 106.02713453398506
  mean: 106.02713453398506
  median: 106.02713453398506
  min: 106.02713453398506
  num_samples: 1
  rmse: 106.02713453398506
  std: 0.0
trans:
  max: 61.47053274672255
  mean: 61.47053274672255
  median: 61.47053274672255
  min: 61.47053274672255
  num_samples: 1
  rmse: 61.47053274672255
  std: 0.0
