rot:
  max: 26.18011816048722
  mean: 15.218555520390222
  median: 14.554922842465452
  min: 0.0
  num_samples: 2686
  rmse: 16.720903896315953
  std: 6.927062507487162
scale:
  max: 137535.56497805697
  mean: 469.771379758961
  median: 7.203238368667253
  min: 0.10857232626466651
  num_samples: 2686
  rmse: 3900.480824753815
  std: 3872.088004556658
trans:
  max: 375.9170675318632
  mean: 229.67783338000464
  median: 284.70947157476087
  min: 0.0
  num_samples: 2686
  rmse: 255.40451800266726
  std: 111.71195401586
