rot:
  max: 16.720903896315953
  mean: 16.720903896315953
  median: 16.720903896315953
  min: 16.720903896315953
  num_samples: 1
  rmse: 16.720903896315953
  std: 0.0
scale:
  max: 3900.480824753815
  mean: 3900.480824753815
  median: 3900.480824753815
  min: 3900.480824753815
  num_samples: 1
  rmse: 3900.480824753815
  std: 0.0
trans:
  max: 255.40451800266726
  mean: 255.40451800266726
  median: 255.40451800266726
  min: 255.40451800266726
  num_samples: 1
  rmse: 255.40451800266726
  std: 0.0
