rot:
  max: 14.727426134046242
  mean: 3.795522008626396
  median: 3.6160513612029357
  min: 0.0006741862031264913
  num_samples: 1330
  rmse: 4.373979684044358
  std: 2.173870041760876
scale:
  max: 11823396.453366015
  mean: 17082.079373907218
  median: 1.4244123667225772
  min: 0.002739690459285793
  num_samples: 1330
  rmse: 399061.3670284959
  std: 398695.59468210256
trans:
  max: 97.17806962105934
  mean: 44.443178670697804
  median: 42.059663412019844
  min: 0.0
  num_samples: 1330
  rmse: 55.393949453281884
  std: 33.0649891225928
