rot:
  max: 4.373979684044358
  mean: 4.373979684044358
  median: 4.373979684044358
  min: 4.373979684044358
  num_samples: 1
  rmse: 4.373979684044358
  std: 0.0
scale:
  max: 399061.3670284959
  mean: 399061.3670284959
  median: 399061.3670284959
  min: 399061.3670284959
  num_samples: 1
  rmse: 399061.3670284959
  std: 0.0
trans:
  max: 55.393949453281884
  mean: 55.393949453281884
  median: 55.393949453281884
  min: 55.393949453281884
  num_samples: 1
  rmse: 55.393949453281884
  std: 0.0
