rot:
  max: 2.7899228488844128
  mean: 0.49964301934409716
  median: 0.3218816862981544
  min: 0.0
  num_samples: 792
  rmse: 0.8064447317111763
  std: 0.6330165547009219
scale:
  max: 95045.45546288365
  mean: 223.95094212317196
  median: 2.1859987167968384
  min: 0.0006172132171355926
  num_samples: 792
  rmse: 3823.6067484311875
  std: 3817.0426434833903
trans:
  max: 4.013687148789793
  mean: 2.0083748173533555
  median: 1.7651272353382326
  min: 0.0
  num_samples: 792
  rmse: 2.22092099611762
  std: 0.9481142673839243
