rot:
  max: 0.8064447317111763
  mean: 0.8064447317111763
  median: 0.8064447317111763
  min: 0.8064447317111763
  num_samples: 1
  rmse: 0.8064447317111763
  std: 0.0
scale:
  max: 3823.6067484311875
  mean: 3823.6067484311875
  median: 3823.6067484311875
  min: 3823.6067484311875
  num_samples: 1
  rmse: 3823.6067484311875
  std: 0.0
trans:
  max: 2.22092099611762
  mean: 2.22092099611762
  median: 2.22092099611762
  min: 2.22092099611762
  num_samples: 1
  rmse: 2.22092099611762
  std: 0.0
