rot:
  max: 20.481269670783526
  mean: 10.662570406042736
  median: 9.819421438312702
  min: 0.00042243057245074247
  num_samples: 1330
  rmse: 12.85815043505609
  std: 7.186210750229549
scale:
  max: 23085730.07557089
  mean: 28528.10743833843
  median: 6.547215838336262
  min: 0.043343668249118394
  num_samples: 1330
  rmse: 711844.8817421534
  std: 711273.0015602217
trans:
  max: 285.19852128097756
  mean: 92.31145507621011
  median: 66.49088692922606
  min: 9.678172040897828e-08
  num_samples: 1330
  rmse: 126.05660890905925
  std: 85.84208706319039
