rot:
  max: 12.85815043505609
  mean: 12.85815043505609
  median: 12.85815043505609
  min: 12.85815043505609
  num_samples: 1
  rmse: 12.85815043505609
  std: 0.0
scale:
  max: 711844.8817421534
  mean: 711844.8817421534
  median: 711844.8817421534
  min: 711844.8817421534
  num_samples: 1
  rmse: 711844.8817421534
  std: 0.0
trans:
  max: 126.05660890905925
  mean: 126.05660890905925
  median: 126.05660890905925
  min: 126.05660890905925
  num_samples: 1
  rmse: 126.05660890905925
  std: 0.0
