rot:
  max: 16.077145066389924
  mean: 8.670997768718932
  median: 7.442420648178444
  min: 0.00042243057245074247
  num_samples: 1330
  rmse: 10.266233175655705
  std: 5.496302512763027
scale:
  max: 23085730.07557089
  mean: 28516.686875060335
  median: 4.420354007956373
  min: 0.05310015345731944
  num_samples: 1330
  rmse: 711844.8663745207
  std: 711273.4441502993
trans:
  max: 237.61937408419325
  mean: 73.83377045764885
  median: 51.981085439564765
  min: 9.678172040897828e-08
  num_samples: 1330
  rmse: 99.98053306975672
  std: 67.41425170481337
