rot:
  max: 10.266233175655705
  mean: 10.266233175655705
  median: 10.266233175655705
  min: 10.266233175655705
  num_samples: 1
  rmse: 10.266233175655705
  std: 0.0
scale:
  max: 711844.8663745207
  mean: 711844.8663745207
  median: 711844.8663745207
  min: 711844.8663745207
  num_samples: 1
  rmse: 711844.8663745207
  std: 0.0
trans:
  max: 99.98053306975672
  mean: 99.98053306975672
  median: 99.98053306975672
  min: 99.98053306975672
  num_samples: 1
  rmse: 99.98053306975672
  std: 0.0
