rot:
  max: 19.392207145422102
  mean: 9.60169544613339
  median: 14.03680963834185
  min: 0.0
  num_samples: 772
  rmse: 12.334258404779316
  std: 7.742181537239396
scale:
  max: 104959.26415716531
  mean: 1691.5479856878667
  median: 64.77527734502141
  min: 0.0154831472071848
  num_samples: 772
  rmse: 7445.599665560817
  std: 7250.9047567813695
trans:
  max: 121.46383352269864
  mean: 66.82102442306675
  median: 106.85082781887326
  min: 0.0
  num_samples: 772
  rmse: 84.64534034243846
  std: 51.9594489649299
