rot:
  max: 12.334258404779316
  mean: 12.334258404779316
  median: 12.334258404779316
  min: 12.334258404779316
  num_samples: 1
  rmse: 12.334258404779316
  std: 0.0
scale:
  max: 7445.599665560817
  mean: 7445.599665560817
  median: 7445.599665560817
  min: 7445.599665560817
  num_samples: 1
  rmse: 7445.599665560817
  std: 0.0
trans:
  max: 84.64534034243846
  mean: 84.64534034243846
  median: 84.64534034243846
  min: 84.64534034243846
  num_samples: 1
  rmse: 84.64534034243846
  std: 0.0
