rot:
  max: 4.269306026362928
  mean: 1.6348988155496205
  median: 0.7331999757327896
  min: 5.109599479759417e-05
  num_samples: 1330
  rmse: 2.217698974591993
  std: 1.498430714054148
scale:
  max: 2177593.1645375923
  mean: 2829.2301136115343
  median: 1.6557314509961563
  min: 0.040909803509725506
  num_samples: 1330
  rmse: 68801.32622277162
  std: 68743.13018023311
trans:
  max: 52.210178444557535
  mean: 14.781516438657349
  median: 9.88900842163086
  min: 0.0
  num_samples: 1330
  rmse: 19.902607509623945
  std: 13.327436267183646
