rot:
  max: 2.217698974591993
  mean: 2.217698974591993
  median: 2.217698974591993
  min: 2.217698974591993
  num_samples: 1
  rmse: 2.217698974591993
  std: 0.0
scale:
  max: 68801.32622277162
  mean: 68801.32622277162
  median: 68801.32622277162
  min: 68801.32622277162
  num_samples: 1
  rmse: 68801.32622277162
  std: 0.0
trans:
  max: 19.902607509623945
  mean: 19.902607509623945
  median: 19.902607509623945
  min: 19.902607509623945
  num_samples: 1
  rmse: 19.902607509623945
  std: 0.0
