rot:
  max: 37.533125737375684
  mean: 17.645825761243184
  median: 13.591944891163418
  min: 0.00212969360678017
  num_samples: 1330
  rmse: 21.685247726543764
  std: 12.60455481821623
scale:
  max: 24519810.477114342
  mean: 30721.98121043195
  median: 7.798777974353726
  min: 0.06253078076665641
  num_samples: 1330
  rmse: 762003.5862840887
  std: 761384.019651265
trans:
  max: 517.688749852957
  mean: 154.01056918265974
  median: 111.57212603015267
  min: 9.938361130639345e-08
  num_samples: 1330
  rmse: 210.33740455182237
  std: 143.25700099342495
