rot:
  max: 21.685247726543764
  mean: 21.685247726543764
  median: 21.685247726543764
  min: 21.685247726543764
  num_samples: 1
  rmse: 21.685247726543764
  std: 0.0
scale:
  max: 762003.5862840887
  mean: 762003.5862840887
  median: 762003.5862840887
  min: 762003.5862840887
  num_samples: 1
  rmse: 762003.5862840887
  std: 0.0
trans:
  max: 210.33740455182237
  mean: 210.33740455182237
  median: 210.33740455182237
  min: 210.33740455182237
  num_samples: 1
  rmse: 210.33740455182237
  std: 0.0
