rot:
  max: 11.04021330405551
  mean: 5.130013153838412
  median: 4.879010197014981
  min: 0.0023198233863703107
  num_samples: 2095
  rmse: 5.35719799155658
  std: 1.5435463589353982
scale:
  max: 15563.075304416157
  mean: 100.41313310091346
  median: 2.344963140385703
  min: 0.0004710461773305141
  num_samples: 2095
  rmse: 984.1206757511504
  std: 978.9845285507628
trans:
  max: 153.08370947157252
  mean: 81.92094243554789
  median: 74.9344707720887
  min: 0.0
  num_samples: 2095
  rmse: 93.49850788650781
  std: 45.065842580329225
