rot:
  max: 5.35719799155658
  mean: 5.35719799155658
  median: 5.35719799155658
  min: 5.35719799155658
  num_samples: 1
  rmse: 5.35719799155658
  std: 0.0
scale:
  max: 984.1206757511504
  mean: 984.1206757511504
  median: 984.1206757511504
  min: 984.1206757511504
  num_samples: 1
  rmse: 984.1206757511504
  std: 0.0
trans:
  max: 93.49850788650781
  mean: 93.49850788650781
  median: 93.49850788650781
  min: 93.49850788650781
  num_samples: 1
  rmse: 93.49850788650781
  std: 0.0
