rot:
  max: 4.669492553404101
  mean: 2.4527105514061933
  median: 2.6960750721176536
  min: 0.0001612228859043014
  num_samples: 2095
  rmse: 2.73429696335369
  std: 1.2085490618199732
scale:
  max: 10228.256790146785
  mean: 61.32237617643766
  median: 2.8139746897914986
  min: 0.25698085506107304
  num_samples: 2095
  rmse: 571.3405678358612
  std: 568.0401487879881
trans:
  max: 76.83743271458536
  mean: 46.8031656945589
  median: 49.6416409406249
  min: 0.0
  num_samples: 2095
  rmse: 51.80196117763527
  std: 22.201505868226498
