rot:
  max: 2.73429696335369
  mean: 2.73429696335369
  median: 2.73429696335369
  min: 2.73429696335369
  num_samples: 1
  rmse: 2.73429696335369
  std: 0.0
scale:
  max: 571.3405678358612
  mean: 571.3405678358612
  median: 571.3405678358612
  min: 571.3405678358612
  num_samples: 1
  rmse: 571.3405678358612
  std: 0.0
trans:
  max: 51.80196117763527
  mean: 51.80196117763527
  median: 51.80196117763527
  min: 51.80196117763527
  num_samples: 1
  rmse: 51.80196117763527
  std: 0.0
