rot:
  max: 4.043236861329395
  mean: 4.043236861329395
  median: 4.043236861329395
  min: 4.043236861329395
  num_samples: 1
  rmse: 4.043236861329395
  std: 0.0
scale:
  max: 399061.35695665376
  mean: 399061.35695665376
  median: 399061.35695665376
  min: 399061.35695665376
  num_samples: 1
  rmse: 399061.35695665376
  std: 0.0
trans:
  max: 49.79632304297631
  mean: 49.79632304297631
  median: 49.79632304297631
  min: 49.79632304297631
  num_samples: 1
  rmse: 49.79632304297631
  std: 0.0
