rot:
  max: 11.16283539212205
  mean: 4.396364353585387
  median: 5.336643284357611
  min: 0.00260916829651933
  num_samples: 535
  rmse: 4.958815391645539
  std: 2.293868034335115
scale:
  max: 2560772.933327428
  mean: 8234.094484487823
  median: 5.071996665081313
  min: 0.0003338766691340922
  num_samples: 535
  rmse: 126937.79555838446
  std: 126670.45286586265
trans:
  max: 27.29614989234124
  mean: 13.721401478329303
  median: 18.92132427903473
  min: 0.0
  num_samples: 535
  rmse: 16.626518830645107
  std: 9.389583052313816
