rot:
  max: 4.958815391645539
  mean: 4.958815391645539
  median: 4.958815391645539
  min: 4.958815391645539
  num_samples: 1
  rmse: 4.958815391645539
  std: 0.0
scale:
  max: 126937.79555838446
  mean: 126937.79555838446
  median: 126937.79555838446
  min: 126937.79555838446
  num_samples: 1
  rmse: 126937.79555838446
  std: 0.0
trans:
  max: 16.626518830645107
  mean: 16.626518830645107
  median: 16.626518830645107
  min: 16.626518830645107
  num_samples: 1
  rmse: 16.626518830645107
  std: 0.0
