rot:
  max: 16.077131705037242
  mean: 8.413025534376501
  median: 7.205312810348019
  min: 0.0007801794054116189
  num_samples: 1101
  rmse: 9.859790140205913
  std: 5.141640104755556
scale:
  max: 1075.418366396347
  mean: 6.615325071664903
  median: 3.5281922992137504
  min: 0.005648997802198963
  num_samples: 1101
  rmse: 42.93145316913542
  std: 42.41871220829164
trans:
  max: 201.92850984249384
  mean: 77.90753370745412
  median: 70.43514129403523
  min: 1.2476799491734092e-08
  num_samples: 1101
  rmse: 98.8599359385375
  std: 60.85805719371625
