rot:
  max: 9.859790140205913
  mean: 9.859790140205913
  median: 9.859790140205913
  min: 9.859790140205913
  num_samples: 1
  rmse: 9.859790140205913
  std: 0.0
scale:
  max: 42.93145316913542
  mean: 42.93145316913542
  median: 42.93145316913542
  min: 42.93145316913542
  num_samples: 1
  rmse: 42.93145316913542
  std: 0.0
trans:
  max: 98.8599359385375
  mean: 98.8599359385375
  median: 98.8599359385375
  min: 98.8599359385375
  num_samples: 1
  rmse: 98.8599359385375
  std: 0.0
