rot:
  max: 24.02481882935522
  mean: 13.936857555951232
  median: 13.729846111149286
  min: 1.1459155902616465e-14
  num_samples: 2095
  rmse: 15.2385044152996
  std: 6.1624685216421575
scale:
  max: 68204.09839358446
  mean: 459.6174018301136
  median: 10.461846247818318
  min: 0.013785796895504632
  num_samples: 2095
  rmse: 4273.224106189327
  std: 4248.434547648406
trans:
  max: 456.39599114139196
  mean: 237.03312698103352
  median: 231.81256008033665
  min: 0.0
  num_samples: 2095
  rmse: 274.34416503925115
  std: 138.1304369235003
