rot:
  max: 15.2385044152996
  mean: 15.2385044152996
  median: 15.2385044152996
  min: 15.2385044152996
  num_samples: 1
  rmse: 15.2385044152996
  std: 0.0
scale:
  max: 4273.224106189327
  mean: 4273.224106189327
  median: 4273.224106189327
  min: 4273.224106189327
  num_samples: 1
  rmse: 4273.224106189327
  std: 0.0
trans:
  max: 274.34416503925115
  mean: 274.34416503925115
  median: 274.34416503925115
  min: 274.34416503925115
  num_samples: 1
  rmse: 274.34416503925115
  std: 0.0
