rot:
  max: 14.537218650950269
  mean: 8.045620487660782
  median: 11.993159224212317
  min: 0.0006785081735415092
  num_samples: 535
  rmse: 9.822396241192918
  std: 5.634488343011623
scale:
  max: 3152900.0099882293
  mean: 13756.077336424822
  median: 9.494454373649264
  min: 0.0008069034147517584
  num_samples: 535
  rmse: 192947.7727634233
  std: 192456.78307266787
trans:
  max: 57.75195443085749
  mean: 23.743943199885145
  median: 19.023135285449147
  min: 3.8474106316268337e-08
  num_samples: 535
  rmse: 31.858024540344978
  std: 21.24050114601468
