rot:
  max: 9.822396241192918
  mean: 9.822396241192918
  median: 9.822396241192918
  min: 9.822396241192918
  num_samples: 1
  rmse: 9.822396241192918
  std: 0.0
scale:
  max: 192947.7727634233
  mean: 192947.7727634233
  median: 192947.7727634233
  min: 192947.7727634233
  num_samples: 1
  rmse: 192947.7727634233
  std: 0.0
trans:
  max: 31.858024540344978
  mean: 31.858024540344978
  median: 31.858024540344978
  min: 31.858024540344978
  num_samples: 1
  rmse: 31.858024540344978
  std: 0.0
