rot:
  max: 178.6803082186643
  mean: 12.101535997892556
  median: 8.608091280277812
  min: 0.0011575197988574163
  num_samples: 2592
  rmse: 26.697951853985654
  std: 23.797761652925395
scale:
  max: 1227967.965611622
  mean: 573.1061630406143
  median: 5.512159210801181
  min: 0.07695526382081042
  num_samples: 2592
  rmse: 24122.222197266306
  std: 24115.413184521054
trans:
  max: 245.6708122578816
  mean: 133.60567504059114
  median: 136.22131859288407
  min: 0.001228067965611622
  num_samples: 2592
  rmse: 150.3494021453498
  std: 68.95263825563227
