rot:
  max: 26.697951853985654
  mean: 26.697951853985654
  median: 26.697951853985654
  min: 26.697951853985654
  num_samples: 1
  rmse: 26.697951853985654
  std: 0.0
scale:
  max: 24122.222197266306
  mean: 24122.222197266306
  median: 24122.222197266306
  min: 24122.222197266306
  num_samples: 1
  rmse: 24122.222197266306
  std: 0.0
trans:
  max: 150.3494021453498
  mean: 150.3494021453498
  median: 150.3494021453498
  min: 150.3494021453498
  num_samples: 1
  rmse: 150.3494021453498
  std: 0.0
