rot:
  max: 12.53689602657827
  mean: 3.580803375494323
  median: 3.2474789237197985
  min: 0.0005860310670338717
  num_samples: 1101
  rmse: 3.979862708769078
  std: 1.7369957877609268
scale:
  max: 331.15703572743234
  mean: 5.26158211329046
  median: 1.7640008811125263
  min: 0.15305553260547278
  num_samples: 1101
  rmse: 26.325689685140592
  std: 25.794528316358488
trans:
  max: 96.53549896211253
  mean: 50.39579442944106
  median: 58.409584144929326
  min: 0.0
  num_samples: 1101
  rmse: 58.676164899745444
  std: 30.052557814063643
