rot:
  max: 3.979862708769078
  mean: 3.979862708769078
  median: 3.979862708769078
  min: 3.979862708769078
  num_samples: 1
  rmse: 3.979862708769078
  std: 0.0
scale:
  max: 26.325689685140592
  mean: 26.325689685140592
  median: 26.325689685140592
  min: 26.325689685140592
  num_samples: 1
  rmse: 26.325689685140592
  std: 0.0
trans:
  max: 58.676164899745444
  mean: 58.676164899745444
  median: 58.676164899745444
  min: 58.676164899745444
  num_samples: 1
  rmse: 58.676164899745444
  std: 0.0
