rot:
  max: 13.132208337962785
  mean: 2.484815840725978
  median: 2.258697206934241
  min: 0.0006741862031264913
  num_samples: 1330
  rmse: 3.06254624653688
  std: 1.7902177939721147
scale:
  max: 11823396.453366015
  mean: 17071.531429034792
  median: 1.2152653785492462
  min: 0.0035438116939845443
  num_samples: 1330
  rmse: 399061.3512700149
  std: 398696.03069521236
trans:
  max: 61.404009980484346
  mean: 27.5667400936273
  median: 33.3113770279724
  min: 0.0
  num_samples: 1330
  rmse: 32.90699020561252
  std: 17.970666237028606
