rot:
  max: 3.06254624653688
  mean: 3.06254624653688
  median: 3.06254624653688
  min: 3.06254624653688
  num_samples: 1
  rmse: 3.06254624653688
  std: 0.0
scale:
  max: 399061.3512700149
  mean: 399061.3512700149
  median: 399061.3512700149
  min: 399061.3512700149
  num_samples: 1
  rmse: 399061.3512700149
  std: 0.0
trans:
  max: 32.90699020561252
  mean: 32.90699020561252
  median: 32.90699020561252
  min: 32.90699020561252
  num_samples: 1
  rmse: 32.90699020561252
  std: 0.0
