rot:
  max: 11.340393025377569
  mean: 5.743921089059116
  median: 5.72228467951137
  min: 0.0011563767715691445
  num_samples: 535
  rmse: 6.462644106072116
  std: 2.9619485755850996
scale:
  max: 3375844.9481039
  mean: 14573.023586673722
  median: 4.767005601621577
  min: 0.01917349371585164
  num_samples: 535
  rmse: 206147.79212391924
  std: 205632.04803996114
trans:
  max: 28.595251772356537
  mean: 14.503852270253237
  median: 19.04867852228321
  min: 4.0797911805097564e-08
  num_samples: 535
  rmse: 17.676372619314872
  std: 10.104079290045902
