rot:
  max: 6.462644106072116
  mean: 6.462644106072116
  median: 6.462644106072116
  min: 6.462644106072116
  num_samples: 1
  rmse: 6.462644106072116
  std: 0.0
scale:
  max: 206147.79212391924
  mean: 206147.79212391924
  median: 206147.79212391924
  min: 206147.79212391924
  num_samples: 1
  rmse: 206147.79212391924
  std: 0.0
trans:
  max: 17.676372619314872
  mean: 17.676372619314872
  median: 17.676372619314872
  min: 17.676372619314872
  num_samples: 1
  rmse: 17.676372619314872
  std: 0.0
