rot:
  max: 2.5580201173113
  mean: 2.5580201173113
  median: 2.5580201173113
  min: 2.5580201173113
  num_samples: 1
  rmse: 2.5580201173113
  std: 0.0
scale:
  max: 3824.159832799127
  mean: 3824.159832799127
  median: 3824.159832799127
  min: 3824.159832799127
  num_samples: 1
  rmse: 3824.159832799127
  std: 0.0
trans:
  max: 5.742846197645482
  mean: 5.742846197645482
  median: 5.742846197645482
  min: 5.742846197645482
  num_samples: 1
  rmse: 5.742846197645482
  std: 0.0
