rot:
  max: 14.457170207310103
  mean: 14.457170207310103
  median: 14.457170207310103
  min: 14.457170207310103
  num_samples: 1
  rmse: 14.457170207310103
  std: 0.0
scale:
  max: 3514.1027173746643
  mean: 3514.1027173746643
  median: 3514.1027173746643
  min: 3514.1027173746643
  num_samples: 1
  rmse: 3514.1027173746643
  std: 0.0
trans:
  max: 272.6041593691256
  mean: 272.6041593691256
  median: 272.6041593691256
  min: 272.6041593691256
  num_samples: 1
  rmse: 272.6041593691256
  std: 0.0
