rot:
  max: 39.00493975492605
  mean: 17.984124187793288
  median: 13.700677155345712
  min: 0.00212969360678017
  num_samples: 1330
  rmse: 22.29872675788754
  std: 13.183493172181574
scale:
  max: 24519810.477114342
  mean: 30721.07075782422
  median: 7.778673091226851
  min: 0.06253078076671192
  num_samples: 1330
  rmse: 762003.5835717184
  std: 761384.0536730683
trans:
  max: 526.7225596540937
  mean: 153.57178760504058
  median: 106.57564925085819
  min: 9.938361130639345e-08
  num_samples: 1330
  rmse: 212.33215093865005
  std: 146.63099390656117
