rot:
  max: 2.769933503563735
  mean: 0.49124092095812744
  median: 0.24404145232450303
  min: 0.0
  num_samples: 792
  rmse: 0.7941981669685683
  std: 0.624045740304703
scale:
  max: 95045.59408968767
  mean: 224.91936768639727
  median: 3.277474898709137
  min: 0.0015509829657811558
  num_samples: 792
  rmse: 3823.640822803851
  std: 3817.019834877944
trans:
  max: 4.408325834873317
  mean: 2.1791824255913377
  median: 1.9635722666737134
  min: 0.0
  num_samples: 792
  rmse: 2.4190815555397283
  std: 1.0502949720656414
