rot:
  max: 0.7941981669685683
  mean: 0.7941981669685683
  median: 0.7941981669685683
  min: 0.7941981669685683
  num_samples: 1
  rmse: 0.7941981669685683
  std: 0.0
scale:
  max: 3823.640822803851
  mean: 3823.640822803851
  median: 3823.640822803851
  min: 3823.640822803851
  num_samples: 1
  rmse: 3823.640822803851
  std: 0.0
trans:
  max: 2.4190815555397283
  mean: 2.4190815555397283
  median: 2.4190815555397283
  min: 2.4190815555397283
  num_samples: 1
  rmse: 2.4190815555397283
  std: 0.0
