rot:
  max: 177.96827290138182
  mean: 8.729815937460065
  median: 6.037424184006426
  min: 0.03371887288229111
  num_samples: 2592
  rmse: 20.021283551177763
  std: 18.017827525390775
scale:
  max: 1227981.1363360449
  mean: 645.9142032573619
  median: 4.051227450507899
  min: 0.04606821357686641
  num_samples: 2592
  rmse: 24129.373969580436
  std: 24120.72724869414
trans:
  max: 418.4386213971736
  mean: 242.88553978651967
  median: 257.73294932777685
  min: 0.001228081136336045
  num_samples: 2592
  rmse: 266.02055678161224
  std: 108.5059961154681
