rot:
  max: 20.021283551177763
  mean: 20.021283551177763
  median: 20.021283551177763
  min: 20.021283551177763
  num_samples: 1
  rmse: 20.021283551177763
  std: 0.0
scale:
  max: 24129.373969580436
  mean: 24129.373969580436
  median: 24129.373969580436
  min: 24129.373969580436
  num_samples: 1
  rmse: 24129.373969580436
  std: 0.0
trans:
  max: 266.02055678161224
  mean: 266.02055678161224
  median: 266.02055678161224
  min: 266.02055678161224
  num_samples: 1
  rmse: 266.02055678161224
  std: 0.0
