rot:
  max: 2.1009052083314104
  mean: 2.1009052083314104
  median: 2.1009052083314104
  min: 2.1009052083314104
  num_samples: 1
  rmse: 2.1009052083314104
  std: 0.0
scale:
  max: 3823.599387227247
  mean: 3823.599387227247
  median: 3823.599387227247
  min: 3823.599387227247
  num_samples: 1
  rmse: 3823.599387227247
  std: 0.0
trans:
  max: 4.8997420252481465
  mean: 4.8997420252481465
  median: 4.8997420252481465
  min: 4.8997420252481465
  num_samples: 1
  rmse: 4.8997420252481465
  std: 0.0
