rot:
  max: 5.241138000706674
  mean: 1.8029354657030365
  median: 0.8882043385387917
  min: 5.109599479759417e-05
  num_samples: 1330
  rmse: 2.5072136842861146
  std: 1.7422813105758006
scale:
  max: 2176276.0445006993
  mean: 2824.9642461218587
  median: 1.3003061468963795
  min: 0.000643597123139994
  num_samples: 1330
  rmse: 68765.4847650832
  std: 68707.43389171961
trans:
  max: 44.00443157488899
  mean: 14.795311952060844
  median: 11.008691993071455
  min: 0.0
  num_samples: 1330
  rmse: 19.227322271509863
  std: 12.27960365702838
