rot:
  max: 11.346676018601249
  mean: 4.6162856251930355
  median: 5.567191952582706
  min: 0.00260916829651933
  num_samples: 535
  rmse: 5.1946053426736185
  std: 2.3819806239282166
scale:
  max: 2560772.933327428
  mean: 8239.570870183223
  median: 8.251056942669077
  min: 0.01952167803047633
  num_samples: 535
  rmse: 126937.86522104745
  std: 126670.16656952827
trans:
  max: 28.414064513583227
  mean: 14.178568865894796
  median: 19.088963487748256
  min: 0.0
  num_samples: 535
  rmse: 17.12957702928199
  std: 9.61200260701088
