rot:
  max: 5.1946053426736185
  mean: 5.1946053426736185
  median: 5.1946053426736185
  min: 5.1946053426736185
  num_samples: 1
  rmse: 5.1946053426736185
  std: 0.0
scale:
  max: 126937.86522104745
  mean: 126937.86522104745
  median: 126937.86522104745
  min: 126937.86522104745
  num_samples: 1
  rmse: 126937.86522104745
  std: 0.0
trans:
  max: 17.12957702928199
  mean: 17.12957702928199
  median: 17.12957702928199
  min: 17.12957702928199
  num_samples: 1
  rmse: 17.12957702928199
  std: 0.0
