rot:
  max: 14.68854853360103
  mean: 3.73436140712244
  median: 3.5663902390106332
  min: 0.0006741862031264913
  num_samples: 1330
  rmse: 4.315798586088444
  std: 2.163483837859096
scale:
  max: 11823396.453366015
  mean: 17080.312712648225
  median: 1.2022364884482495
  min: 0.0002782337268358859
  num_samples: 1330
  rmse: 399061.3639078155
  std: 398695.6672470923
trans:
  max: 88.47479221014648
  mean: 41.63299026994329
  median: 41.570272249747696
  min: 0.0
  num_samples: 1330
  rmse: 51.713609292276445
  std: 30.675584871637383
