rot:
  max: 4.315798586088444
  mean: 4.315798586088444
  median: 4.315798586088444
  min: 4.315798586088444
  num_samples: 1
  rmse: 4.315798586088444
  std: 0.0
scale:
  max: 399061.3639078155
  mean: 399061.3639078155
  median: 399061.3639078155
  min: 399061.3639078155
  num_samples: 1
  rmse: 399061.3639078155
  std: 0.0
trans:
  max: 51.713609292276445
  mean: 51.713609292276445
  median: 51.713609292276445
  min: 51.713609292276445
  num_samples: 1
  rmse: 51.713609292276445
  std: 0.0
