rot:
  max: 13.805763137239317
  mean: 3.255840063986335
  median: 3.116809763966256
  min: 0.0005860310670338717
  num_samples: 1101
  rmse: 3.7149236811174142
  std: 1.7889000626833291
scale:
  max: 331.15700950968846
  mean: 6.045379888555908
  median: 2.401299619598274
  min: 0.06241129251197686
  num_samples: 1101
  rmse: 26.396325873711763
  std: 25.69473490103038
trans:
  max: 105.04301047664828
  mean: 53.79054548847063
  median: 59.255910988979316
  min: 0.0
  num_samples: 1101
  rmse: 63.36456474219818
  std: 33.49097312741147
