rot:
  max: 3.7149236811174142
  mean: 3.7149236811174142
  median: 3.7149236811174142
  min: 3.7149236811174142
  num_samples: 1
  rmse: 3.7149236811174142
  std: 0.0
scale:
  max: 26.396325873711763
  mean: 26.396325873711763
  median: 26.396325873711763
  min: 26.396325873711763
  num_samples: 1
  rmse: 26.396325873711763
  std: 0.0
trans:
  max: 63.36456474219818
  mean: 63.36456474219818
  median: 63.36456474219818
  min: 63.36456474219818
  num_samples: 1
  rmse: 63.36456474219818
  std: 0.0
