rot:
  max: 1.5872637880656413
  mean: 0.7147582471106846
  median: 0.6194351968945326
  min: 0.0
  num_samples: 792
  rmse: 0.8071639444844785
  std: 0.3750123750798149
scale:
  max: 95045.45683651343
  mean: 245.847041879467
  median: 7.338015968498757
  min: 0.25698004753313963
  num_samples: 792
  rmse: 3825.0232216071395
  std: 3817.1143391091887
trans:
  max: 14.29675489240857
  mean: 8.166786007113854
  median: 9.94200509020067
  min: 0.0
  num_samples: 792
  rmse: 8.992767344455535
  std: 3.7647670346935413
