rot:
  max: 0.8071639444844785
  mean: 0.8071639444844785
  median: 0.8071639444844785
  min: 0.8071639444844785
  num_samples: 1
  rmse: 0.8071639444844785
  std: 0.0
scale:
  max: 3825.0232216071395
  mean: 3825.0232216071395
  median: 3825.0232216071395
  min: 3825.0232216071395
  num_samples: 1
  rmse: 3825.0232216071395
  std: 0.0
trans:
  max: 8.992767344455535
  mean: 8.992767344455535
  median: 8.992767344455535
  min: 8.992767344455535
  num_samples: 1
  rmse: 8.992767344455535
  std: 0.0
