rot:
  max: 14.709996651106374
  mean: 3.69366821033962
  median: 3.5644941374826375
  min: 0.001030879990381007
  num_samples: 1116
  rmse: 4.208582953896207
  std: 2.0171726826804486
scale:
  max: 136.1167152294809
  mean: 5.254491670234977
  median: 2.477062932737706
  min: 0.013618199465492697
  num_samples: 1116
  rmse: 15.134469672467516
  std: 14.193043702964852
trans:
  max: 127.252384702036
  mean: 59.661631638942076
  median: 61.067853627014074
  min: 0.0
  num_samples: 1116
  rmse: 71.94834192914546
  std: 40.21260519454586
