rot:
  max: 4.208582953896207
  mean: 4.208582953896207
  median: 4.208582953896207
  min: 4.208582953896207
  num_samples: 1
  rmse: 4.208582953896207
  std: 0.0
scale:
  max: 15.134469672467516
  mean: 15.134469672467516
  median: 15.134469672467516
  min: 15.134469672467516
  num_samples: 1
  rmse: 15.134469672467516
  std: 0.0
trans:
  max: 71.94834192914546
  mean: 71.94834192914546
  median: 71.94834192914546
  min: 71.94834192914546
  num_samples: 1
  rmse: 71.94834192914546
  std: 0.0
