rot:
  max: 11.434145818044247
  mean: 6.596709404776719
  median: 6.121512235286975
  min: 0.0
  num_samples: 792
  rmse: 7.280232175340332
  std: 3.0798060906152833
scale:
  max: 3607.4446147608833
  mean: 85.36366301649966
  median: 6.529641334394942
  min: 0.017096527298154918
  num_samples: 792
  rmse: 291.92856323655525
  std: 279.1690009112131
trans:
  max: 30.778928499224047
  mean: 16.12008489207168
  median: 17.6810545097955
  min: 0.0
  num_samples: 792
  rmse: 18.17709470039556
  std: 8.399383002313368
