rot:
  max: 7.280232175340332
  mean: 7.280232175340332
  median: 7.280232175340332
  min: 7.280232175340332
  num_samples: 1
  rmse: 7.280232175340332
  std: 0.0
scale:
  max: 291.92856323655525
  mean: 291.92856323655525
  median: 291.92856323655525
  min: 291.92856323655525
  num_samples: 1
  rmse: 291.92856323655525
  std: 0.0
trans:
  max: 18.17709470039556
  mean: 18.17709470039556
  median: 18.17709470039556
  min: 18.17709470039556
  num_samples: 1
  rmse: 18.17709470039556
  std: 0.0
