rot:
  max: 4.226395721923142
  mean: 4.226395721923142
  median: 4.226395721923142
  min: 4.226395721923142
  num_samples: 1
  rmse: 4.226395721923142
  std: 0.0
scale:
  max: 126938.38445116485
  mean: 126938.38445116485
  median: 126938.38445116485
  min: 126938.38445116485
  num_samples: 1
  rmse: 126938.38445116485
  std: 0.0
trans:
  max: 20.161854665068137
  mean: 20.161854665068137
  median: 20.161854665068137
  min: 20.161854665068137
  num_samples: 1
  rmse: 20.161854665068137
  std: 0.0
