rot:
  max: 113.73677743242712
  mean: 55.19500262396105
  median: 101.7443281042536
  min: 0.0011563767715691445
  num_samples: 535
  rmse: 74.93946078935234
  std: 50.68958935264528
scale:
  max: 3375844.9481039
  mean: 18269.09272369145
  median: 91.61585893511987
  min: 0.02804880130387044
  num_samples: 535
  rmse: 206633.50910726865
  std: 205824.3118220897
trans:
  max: 670.91901494081
  mean: 289.79360517447316
  median: 266.3307647386875
  min: 4.0797911805097564e-08
  num_samples: 535
  rmse: 408.33800582383714
  std: 287.67967151011845
