rot:
  max: 74.93946078935234
  mean: 74.93946078935234
  median: 74.93946078935234
  min: 74.93946078935234
  num_samples: 1
  rmse: 74.93946078935234
  std: 0.0
scale:
  max: 206633.50910726865
  mean: 206633.50910726865
  median: 206633.50910726865
  min: 206633.50910726865
  num_samples: 1
  rmse: 206633.50910726865
  std: 0.0
trans:
  max: 408.33800582383714
  mean: 408.33800582383714
  median: 408.33800582383714
  min: 408.33800582383714
  num_samples: 1
  rmse: 408.33800582383714
  std: 0.0
