rot:
  max: 39.34869661719614
  mean: 22.679201114798197
  median: 21.856646013989792
  min: 0.0
  num_samples: 2686
  rmse: 25.101848005302394
  std: 10.759024587565548
scale:
  max: 206003.77869265512
  mean: 705.7142082856028
  median: 12.621479059155348
  min: 0.004053583883112388
  num_samples: 2686
  rmse: 5849.031447374352
  std: 5806.3014328053905
trans:
  max: 583.3798945740868
  mean: 337.10320245929626
  median: 418.7378634987281
  min: 0.0
  num_samples: 2686
  rmse: 378.7539517714451
  std: 172.67306354545542
