rot:
  max: 25.101848005302394
  mean: 25.101848005302394
  median: 25.101848005302394
  min: 25.101848005302394
  num_samples: 1
  rmse: 25.101848005302394
  std: 0.0
scale:
  max: 5849.031447374352
  mean: 5849.031447374352
  median: 5849.031447374352
  min: 5849.031447374352
  num_samples: 1
  rmse: 5849.031447374352
  std: 0.0
trans:
  max: 378.7539517714451
  mean: 378.7539517714451
  median: 378.7539517714451
  min: 378.7539517714451
  num_samples: 1
  rmse: 378.7539517714451
  std: 0.0
