rot:
  max: 10.495010159836344
  mean: 10.495010159836344
  median: 10.495010159836344
  min: 10.495010159836344
  num_samples: 1
  rmse: 10.495010159836344
  std: 0.0
scale:
  max: 42.96503540415684
  mean: 42.96503540415684
  median: 42.96503540415684
  min: 42.96503540415684
  num_samples: 1
  rmse: 42.96503540415684
  std: 0.0
trans:
  max: 101.26991350883831
  mean: 101.26991350883831
  median: 101.26991350883831
  min: 101.26991350883831
  num_samples: 1
  rmse: 101.26991350883831
  std: 0.0
