rot:
  max: 34.279065553151554
  mean: 19.56148364853425
  median: 28.841683418981336
  min: 0.002037169356248867
  num_samples: 772
  rmse: 23.84332829159023
  std: 13.63277893493011
scale:
  max: 126880.37425935747
  mean: 3266.6827887734808
  median: 524.7101622924124
  min: 0.07819242322191222
  num_samples: 772
  rmse: 12935.094543828085
  std: 12515.808180669044
trans:
  max: 243.45587954309133
  mean: 137.33168150753204
  median: 214.8324737872568
  min: 0.0
  num_samples: 772
  rmse: 172.06721740779489
  std: 103.66839711684146
