rot:
  max: 23.84332829159023
  mean: 23.84332829159023
  median: 23.84332829159023
  min: 23.84332829159023
  num_samples: 1
  rmse: 23.84332829159023
  std: 0.0
scale:
  max: 12935.094543828085
  mean: 12935.094543828085
  median: 12935.094543828085
  min: 12935.094543828085
  num_samples: 1
  rmse: 12935.094543828085
  std: 0.0
trans:
  max: 172.06721740779489
  mean: 172.06721740779489
  median: 172.06721740779489
  min: 172.06721740779489
  num_samples: 1
  rmse: 172.06721740779489
  std: 0.0
