rot:
  max: 178.28133653280847
  mean: 10.046791381376172
  median: 6.73302534250832
  min: 0.006610887093053061
  num_samples: 2592
  rmse: 26.319602134742286
  std: 24.326599422653306
scale:
  max: 1227967.965611622
  mean: 502.9437204420216
  median: 7.22656864343244
  min: 0.14369642574793007
  num_samples: 2592
  rmse: 24119.75515458799
  std: 24114.510907985303
trans:
  max: 195.06032704335007
  mean: 115.05566620225255
  median: 121.65054043067312
  min: 0.001228067965611622
  num_samples: 2592
  rmse: 128.9653376222108
  std: 58.26020925783443
