rot:
  max: 26.319602134742286
  mean: 26.319602134742286
  median: 26.319602134742286
  min: 26.319602134742286
  num_samples: 1
  rmse: 26.319602134742286
  std: 0.0
scale:
  max: 24119.75515458799
  mean: 24119.75515458799
  median: 24119.75515458799
  min: 24119.75515458799
  num_samples: 1
  rmse: 24119.75515458799
  std: 0.0
trans:
  max: 128.9653376222108
  mean: 128.9653376222108
  median: 128.9653376222108
  min: 128.9653376222108
  num_samples: 1
  rmse: 128.9653376222108
  std: 0.0
