rot:
  max: 8.111727038516328
  mean: 4.199488602618945
  median: 3.7249748393352755
  min: 0.0
  num_samples: 792
  rmse: 4.829169345132848
  std: 2.3843598806481383
scale:
  max: 80473.5457920929
  mean: 222.7152603311166
  median: 5.586859191420368
  min: 0.0014075778619115908
  num_samples: 792
  rmse: 3211.452133156174
  std: 3203.720137023362
trans:
  max: 19.183870027959816
  mean: 10.408272387497846
  median: 12.04976787835792
  min: 0.0
  num_samples: 792
  rmse: 11.63052655922798
  std: 5.19008804863244
