rot:
  max: 4.829169345132848
  mean: 4.829169345132848
  median: 4.829169345132848
  min: 4.829169345132848
  num_samples: 1
  rmse: 4.829169345132848
  std: 0.0
scale:
  max: 3211.452133156174
  mean: 3211.452133156174
  median: 3211.452133156174
  min: 3211.452133156174
  num_samples: 1
  rmse: 3211.452133156174
  std: 0.0
trans:
  max: 11.63052655922798
  mean: 11.63052655922798
  median: 11.63052655922798
  min: 11.63052655922798
  num_samples: 1
  rmse: 11.63052655922798
  std: 0.0
