rot:
  max: 23.130001434460652
  mean: 13.639440284475972
  median: 13.777234003423048
  min: 1.1459155902616465e-14
  num_samples: 2095
  rmse: 14.821813201741364
  std: 5.801018472089932
scale:
  max: 63749.423315163105
  mean: 430.0400761122108
  median: 10.516473137898696
  min: 0.013785796801069061
  num_samples: 2095
  rmse: 3995.290689728388
  std: 3972.0792072122313
trans:
  max: 456.92066400459
  mean: 236.24959608023605
  median: 233.49151326256649
  min: 0.0
  num_samples: 2095
  rmse: 273.86788855382304
  std: 138.5270685925842
