rot:
  max: 14.821813201741364
  mean: 14.821813201741364
  median: 14.821813201741364
  min: 14.821813201741364
  num_samples: 1
  rmse: 14.821813201741364
  std: 0.0
scale:
  max: 3995.290689728388
  mean: 3995.290689728388
  median: 3995.290689728388
  min: 3995.290689728388
  num_samples: 1
  rmse: 3995.290689728388
  std: 0.0
trans:
  max: 273.86788855382304
  mean: 273.86788855382304
  median: 273.86788855382304
  min: 273.86788855382304
  num_samples: 1
  rmse: 273.86788855382304
  std: 0.0
