rot:
  max: 22.386525057388887
  mean: 12.006806751621754
  median: 16.59073648477859
  min: 0.0
  num_samples: 772
  rmse: 14.294774747398279
  std: 7.757394969193316
scale:
  max: 118504.08740617284
  mean: 1910.7064311291197
  median: 103.52224051967917
  min: 0.0074237546537681
  num_samples: 772
  rmse: 8368.090319412171
  std: 8147.032375526778
trans:
  max: 138.9177348292747
  mean: 78.07326810716887
  median: 122.25579180722512
  min: 0.0
  num_samples: 772
  rmse: 96.85643906032278
  std: 57.32132757108955
