rot:
  max: 14.294774747398279
  mean: 14.294774747398279
  median: 14.294774747398279
  min: 14.294774747398279
  num_samples: 1
  rmse: 14.294774747398279
  std: 0.0
scale:
  max: 8368.090319412171
  mean: 8368.090319412171
  median: 8368.090319412171
  min: 8368.090319412171
  num_samples: 1
  rmse: 8368.090319412171
  std: 0.0
trans:
  max: 96.85643906032278
  mean: 96.85643906032278
  median: 96.85643906032278
  min: 96.85643906032278
  num_samples: 1
  rmse: 96.85643906032278
  std: 0.0
