rot:
  max: 11.543739691217612
  mean: 5.750968894629092
  median: 6.412247019031371
  min: 0.0023198233863703107
  num_samples: 2095
  rmse: 6.218066097626366
  std: 2.3644666983188873
scale:
  max: 34606.12548939118
  mean: 230.38025286994497
  median: 4.199308034441618
  min: 0.01288994392103504
  num_samples: 2095
  rmse: 2193.9997337206178
  std: 2181.8707043850513
trans:
  max: 208.25467263641198
  mean: 109.77368513168776
  median: 116.75765553629012
  min: 0.0
  num_samples: 2095
  rmse: 127.84056091055889
  std: 65.5205850594711
