rot:
  max: 6.218066097626366
  mean: 6.218066097626366
  median: 6.218066097626366
  min: 6.218066097626366
  num_samples: 1
  rmse: 6.218066097626366
  std: 0.0
scale:
  max: 2193.9997337206178
  mean: 2193.9997337206178
  median: 2193.9997337206178
  min: 2193.9997337206178
  num_samples: 1
  rmse: 2193.9997337206178
  std: 0.0
trans:
  max: 127.84056091055889
  mean: 127.84056091055889
  median: 127.84056091055889
  min: 127.84056091055889
  num_samples: 1
  rmse: 127.84056091055889
  std: 0.0
