rot:
  max: 20.198316898470384
  mean: 10.973848438186304
  median: 16.959135204590893
  min: 0.0006785081735415092
  num_samples: 535
  rmse: 13.643490441730908
  std: 8.106755324377236
scale:
  max: 3152900.0099882293
  mean: 13850.774646864626
  median: 15.353147584763803
  min: 0.016270009872654256
  num_samples: 535
  rmse: 192950.29326695262
  std: 192452.51807519898
trans:
  max: 77.86482467091074
  mean: 31.423147690529717
  median: 22.463545763076148
  min: 3.8474106316268337e-08
  num_samples: 535
  rmse: 42.76609683655145
  std: 29.009047344793192
