rot:
  max: 13.643490441730908
  mean: 13.643490441730908
  median: 13.643490441730908
  min: 13.643490441730908
  num_samples: 1
  rmse: 13.643490441730908
  std: 0.0
scale:
  max: 192950.29326695262
  mean: 192950.29326695262
  median: 192950.29326695262
  min: 192950.29326695262
  num_samples: 1
  rmse: 192950.29326695262
  std: 0.0
trans:
  max: 42.76609683655145
  mean: 42.76609683655145
  median: 42.76609683655145
  min: 42.76609683655145
  num_samples: 1
  rmse: 42.76609683655145
  std: 0.0
