rot:
  max: 12.553200689612343
  mean: 3.616545945276425
  median: 3.2364959361406536
  min: 0.0005860310670338717
  num_samples: 1101
  rmse: 4.1160091775387215
  std: 1.965229496849574
scale:
  max: 331.15703572743234
  mean: 5.0863649558370705
  median: 1.6364079065989134
  min: 0.0019679403294725617
  num_samples: 1101
  rmse: 26.31559998634628
  std: 25.81936664942463
trans:
  max: 81.11304863869405
  mean: 46.69126595086896
  median: 55.66177924833724
  min: 0.0
  num_samples: 1101
  rmse: 54.17501246765547
  std: 27.474673060399663
