rot:
  max: 4.1160091775387215
  mean: 4.1160091775387215
  median: 4.1160091775387215
  min: 4.1160091775387215
  num_samples: 1
  rmse: 4.1160091775387215
  std: 0.0
scale:
  max: 26.31559998634628
  mean: 26.31559998634628
  median: 26.31559998634628
  min: 26.31559998634628
  num_samples: 1
  rmse: 26.31559998634628
  std: 0.0
trans:
  max: 54.17501246765547
  mean: 54.17501246765547
  median: 54.17501246765547
  min: 54.17501246765547
  num_samples: 1
  rmse: 54.17501246765547
  std: 0.0
