rot:
  max: 6.505988290951358
  mean: 4.370821542916882
  median: 4.746477491604312
  min: 0.00014039785329892146
  num_samples: 772
  rmse: 4.682035765628322
  std: 1.6785046769659189
scale:
  max: 82179.4422051431
  mean: 540.0713554982643
  median: 28.20062232685445
  min: 0.0010270287286395785
  num_samples: 772
  rmse: 5186.318932910142
  std: 5158.122430190317
trans:
  max: 20.707076828324567
  mean: 13.268372227015954
  median: 17.268694584019226
  min: 0.0
  num_samples: 772
  rmse: 14.82850694100527
  std: 6.6207942533198505
