rot:
  max: 4.682035765628322
  mean: 4.682035765628322
  median: 4.682035765628322
  min: 4.682035765628322
  num_samples: 1
  rmse: 4.682035765628322
  std: 0.0
scale:
  max: 5186.318932910142
  mean: 5186.318932910142
  median: 5186.318932910142
  min: 5186.318932910142
  num_samples: 1
  rmse: 5186.318932910142
  std: 0.0
trans:
  max: 14.82850694100527
  mean: 14.82850694100527
  median: 14.82850694100527
  min: 14.82850694100527
  num_samples: 1
  rmse: 14.82850694100527
  std: 0.0
