rot:
  max: 25.247261324344457
  mean: 12.832242222660486
  median: 10.744750239200359
  min: 1.1459155902616465e-14
  num_samples: 2095
  rmse: 14.458871970646682
  std: 6.662772561218163
scale:
  max: 80112.69179063306
  mean: 538.2423260978221
  median: 9.50702682067579
  min: 0.06118894455784396
  num_samples: 2095
  rmse: 5017.940171445207
  std: 4988.989753707695
trans:
  max: 390.04000474676366
  mean: 209.00085830340527
  median: 249.82576387818216
  min: 0.0
  num_samples: 2095
  rmse: 241.2067818542193
  std: 120.41325857607569
