rot:
  max: 14.458871970646682
  mean: 14.458871970646682
  median: 14.458871970646682
  min: 14.458871970646682
  num_samples: 1
  rmse: 14.458871970646682
  std: 0.0
scale:
  max: 5017.940171445207
  mean: 5017.940171445207
  median: 5017.940171445207
  min: 5017.940171445207
  num_samples: 1
  rmse: 5017.940171445207
  std: 0.0
trans:
  max: 241.2067818542193
  mean: 241.2067818542193
  median: 241.2067818542193
  min: 241.2067818542193
  num_samples: 1
  rmse: 241.2067818542193
  std: 0.0
