rot:
  max: 10.6258863253081
  mean: 10.6258863253081
  median: 10.6258863253081
  min: 10.6258863253081
  num_samples: 1
  rmse: 10.6258863253081
  std: 0.0
scale:
  max: 24.192621657364164
  mean: 24.192621657364164
  median: 24.192621657364164
  min: 24.192621657364164
  num_samples: 1
  rmse: 24.192621657364164
  std: 0.0
trans:
  max: 113.63099438337785
  mean: 113.63099438337785
  median: 113.63099438337785
  min: 113.63099438337785
  num_samples: 1
  rmse: 113.63099438337785
  std: 0.0
