rot:
  max: 13.926012868186625
  mean: 3.059966031888235
  median: 2.6998139864192905
  min: 0.0006741862031264913
  num_samples: 1330
  rmse: 3.6459524250618407
  std: 1.9823160619599713
scale:
  max: 11067323.458916644
  mean: 16322.014252251065
  median: 1.299194815759186
  min: 0.009459893145602472
  num_samples: 1330
  rmse: 378768.61087359267
  std: 378416.77081474644
trans:
  max: 60.72392952492914
  mean: 31.34025437610655
  median: 33.38075037688444
  min: 0.0
  num_samples: 1330
  rmse: 38.27039313470511
  std: 21.963866834549375
