rot:
  max: 3.6459524250618407
  mean: 3.6459524250618407
  median: 3.6459524250618407
  min: 3.6459524250618407
  num_samples: 1
  rmse: 3.6459524250618407
  std: 0.0
scale:
  max: 378768.61087359267
  mean: 378768.61087359267
  median: 378768.61087359267
  min: 378768.61087359267
  num_samples: 1
  rmse: 378768.61087359267
  std: 0.0
trans:
  max: 38.27039313470511
  mean: 38.27039313470511
  median: 38.27039313470511
  min: 38.27039313470511
  num_samples: 1
  rmse: 38.27039313470511
  std: 0.0
