rot:
  max: 3.9336110064113914
  mean: 3.9336110064113914
  median: 3.9336110064113914
  min: 3.9336110064113914
  num_samples: 1
  rmse: 3.9336110064113914
  std: 0.0
scale:
  max: 1318.5667775780787
  mean: 1318.5667775780787
  median: 1318.5667775780787
  min: 1318.5667775780787
  num_samples: 1
  rmse: 1318.5667775780787
  std: 0.0
trans:
  max: 17.50367398866239
  mean: 17.50367398866239
  median: 17.50367398866239
  min: 17.50367398866239
  num_samples: 1
  rmse: 17.50367398866239
  std: 0.0
