rot:
  max: 11.84849980349915
  mean: 2.5445788525679682
  median: 2.122573204265132
  min: 0.0005860310670338717
  num_samples: 1101
  rmse: 3.1508315519886283
  std: 1.8581867322933263
scale:
  max: 331.15703572743234
  mean: 4.938775326962483
  median: 1.2161429085589148
  min: 0.004305265908410849
  num_samples: 1101
  rmse: 26.307371315452883
  std: 25.83962623179561
trans:
  max: 54.66293936112833
  mean: 28.51128490393022
  median: 31.01378671883198
  min: 0.0
  num_samples: 1101
  rmse: 33.553786922738276
  std: 17.69076736559053
