rot:
  max: 9.41636278877414
  mean: 5.19194120727114
  median: 5.903986122371033
  min: 0.000262999667136893
  num_samples: 516
  rmse: 6.114705463996675
  std: 3.230072663527972
scale:
  max: 7751.632152302171
  mean: 116.53556018697971
  median: 7.616534821536513
  min: 0.03660579118214269
  num_samples: 516
  rmse: 536.1866918774226
  std: 523.3694983072294
trans:
  max: 24.819318097765102
  mean: 11.597539764697249
  median: 14.540702251472144
  min: 4.4511908132483946e-08
  num_samples: 516
  rmse: 14.240225283404591
  std: 8.263237109534101
