rot:
  max: 6.114705463996675
  mean: 6.114705463996675
  median: 6.114705463996675
  min: 6.114705463996675
  num_samples: 1
  rmse: 6.114705463996675
  std: 0.0
scale:
  max: 536.1866918774226
  mean: 536.1866918774226
  median: 536.1866918774226
  min: 536.1866918774226
  num_samples: 1
  rmse: 536.1866918774226
  std: 0.0
trans:
  max: 14.240225283404591
  mean: 14.240225283404591
  median: 14.240225283404591
  min: 14.240225283404591
  num_samples: 1
  rmse: 14.240225283404591
  std: 0.0
