rot:
  max: 2.5360617211262766
  mean: 0.6444584170727633
  median: 0.4683907759747218
  min: 5.109599479759417e-05
  num_samples: 1330
  rmse: 0.8383584327848443
  std: 0.5362072458346014
scale:
  max: 2176275.658387041
  mean: 2824.055202080089
  median: 1.2207473648387812
  min: 7.181445254023089e-05
  num_samples: 1330
  rmse: 68765.47451498588
  std: 68707.46100305827
trans:
  max: 16.467954669709254
  mean: 6.507567176401914
  median: 5.327897522373437
  min: 0.0
  num_samples: 1330
  rmse: 7.691614726747594
  std: 4.100305665354338
