rot:
  max: 0.8383584327848443
  mean: 0.8383584327848443
  median: 0.8383584327848443
  min: 0.8383584327848443
  num_samples: 1
  rmse: 0.8383584327848443
  std: 0.0
scale:
  max: 68765.47451498588
  mean: 68765.47451498588
  median: 68765.47451498588
  min: 68765.47451498588
  num_samples: 1
  rmse: 68765.47451498588
  std: 0.0
trans:
  max: 7.691614726747594
  mean: 7.691614726747594
  median: 7.691614726747594
  min: 7.691614726747594
  num_samples: 1
  rmse: 7.691614726747594
  std: 0.0
