rot:
  max: 15.905608262766496
  mean: 15.905608262766496
  median: 15.905608262766496
  min: 15.905608262766496
  num_samples: 1
  rmse: 15.905608262766496
  std: 0.0
scale:
  max: 6806.934498027692
  mean: 6806.934498027692
  median: 6806.934498027692
  min: 6806.934498027692
  num_samples: 1
  rmse: 6806.934498027692
  std: 0.0
trans:
  max: 339.4274674630168
  mean: 339.4274674630168
  median: 339.4274674630168
  min: 339.4274674630168
  num_samples: 1
  rmse: 339.4274674630168
  std: 0.0
