rot:
  max: 25.328884000095055
  mean: 25.328884000095055
  median: 25.328884000095055
  min: 25.328884000095055
  num_samples: 1
  rmse: 25.328884000095055
  std: 0.0
scale:
  max: 24123.124819679146
  mean: 24123.124819679146
  median: 24123.124819679146
  min: 24123.124819679146
  num_samples: 1
  rmse: 24123.124819679146
  std: 0.0
trans:
  max: 208.7451030474043
  mean: 208.7451030474043
  median: 208.7451030474043
  min: 208.7451030474043
  num_samples: 1
  rmse: 208.7451030474043
  std: 0.0
