rot:
  max: 23.130001434460652
  mean: 13.40639313453763
  median: 13.777234003423048
  min: 1.1459155902616465e-14
  num_samples: 2095
  rmse: 14.512171117132034
  std: 5.556233765343535
scale:
  max: 63371.945685667626
  mean: 427.7814762711417
  median: 10.516473137898696
  min: 0.013785796801069061
  num_samples: 2095
  rmse: 3972.0145176245333
  std: 3948.911538231685
trans:
  max: 456.92066400459
  mean: 236.2105161599377
  median: 233.49151326256649
  min: 0.0
  num_samples: 2095
  rmse: 273.83876921220997
  std: 138.53614538853682
