rot:
  max: 14.512171117132034
  mean: 14.512171117132034
  median: 14.512171117132034
  min: 14.512171117132034
  num_samples: 1
  rmse: 14.512171117132034
  std: 0.0
scale:
  max: 3972.0145176245333
  mean: 3972.0145176245333
  median: 3972.0145176245333
  min: 3972.0145176245333
  num_samples: 1
  rmse: 3972.0145176245333
  std: 0.0
trans:
  max: 273.83876921220997
  mean: 273.83876921220997
  median: 273.83876921220997
  min: 273.83876921220997
  num_samples: 1
  rmse: 273.83876921220997
  std: 0.0
