rot:
  max: 12.963947236811281
  mean: 6.845264151831778
  median: 7.695629182373536
  min: 0.0023198233863703107
  num_samples: 2095
  rmse: 7.447997759509449
  std: 2.9351370184890064
scale:
  max: 43849.00778891475
  mean: 293.9373456393101
  median: 8.125420023128061
  min: 0.03380224969213863
  num_samples: 2095
  rmse: 2780.1091426278604
  std: 2764.526665048021
trans:
  max: 300.5246804239061
  mean: 156.0100498916462
  median: 154.25878047162257
  min: 0.0
  num_samples: 2095
  rmse: 183.81225210893936
  std: 97.19983723322973
