rot:
  max: 7.447997759509449
  mean: 7.447997759509449
  median: 7.447997759509449
  min: 7.447997759509449
  num_samples: 1
  rmse: 7.447997759509449
  std: 0.0
scale:
  max: 2780.1091426278604
  mean: 2780.1091426278604
  median: 2780.1091426278604
  min: 2780.1091426278604
  num_samples: 1
  rmse: 2780.1091426278604
  std: 0.0
trans:
  max: 183.81225210893936
  mean: 183.81225210893936
  median: 183.81225210893936
  min: 183.81225210893936
  num_samples: 1
  rmse: 183.81225210893936
  std: 0.0
