rot:
  max: 29.31516855276962
  mean: 18.27378457283014
  median: 18.447038497496195
  min: 0.0
  num_samples: 2686
  rmse: 19.90271997176689
  std: 7.885877228334446
scale:
  max: 186516.41166576205
  mean: 638.3693246729607
  median: 11.309469110827731
  min: 0.07966482052418344
  num_samples: 2686
  rmse: 5293.981358575314
  std: 5255.351865504299
trans:
  max: 511.6313830317222
  mean: 310.65009255129286
  median: 389.19477716836
  min: 0.0
  num_samples: 2686
  rmse: 348.75695426077243
  std: 158.51792688249404
