rot:
  max: 19.90271997176689
  mean: 19.90271997176689
  median: 19.90271997176689
  min: 19.90271997176689
  num_samples: 1
  rmse: 19.90271997176689
  std: 0.0
scale:
  max: 5293.981358575314
  mean: 5293.981358575314
  median: 5293.981358575314
  min: 5293.981358575314
  num_samples: 1
  rmse: 5293.981358575314
  std: 0.0
trans:
  max: 348.75695426077243
  mean: 348.75695426077243
  median: 348.75695426077243
  min: 348.75695426077243
  num_samples: 1
  rmse: 348.75695426077243
  std: 0.0
