rot:
  max: 9.093114375892432
  mean: 9.093114375892432
  median: 9.093114375892432
  min: 9.093114375892432
  num_samples: 1
  rmse: 9.093114375892432
  std: 0.0
scale:
  max: 206148.7915057603
  mean: 206148.7915057603
  median: 206148.7915057603
  min: 206148.7915057603
  num_samples: 1
  rmse: 206148.7915057603
  std: 0.0
trans:
  max: 26.11858972806559
  mean: 26.11858972806559
  median: 26.11858972806559
  min: 26.11858972806559
  num_samples: 1
  rmse: 26.11858972806559
  std: 0.0
