rot:
  max: 3.832259737480247
  mean: 3.832259737480247
  median: 3.832259737480247
  min: 3.832259737480247
  num_samples: 1
  rmse: 3.832259737480247
  std: 0.0
scale:
  max: 26.31781956480745
  mean: 26.31781956480745
  median: 26.31781956480745
  min: 26.31781956480745
  num_samples: 1
  rmse: 26.31781956480745
  std: 0.0
trans:
  max: 62.261955113170295
  mean: 62.261955113170295
  median: 62.261955113170295
  min: 62.261955113170295
  num_samples: 1
  rmse: 62.261955113170295
  std: 0.0
