rot:
  max: 9.436166507631748
  mean: 5.247502046455141
  median: 4.750782917324786
  min: 0.0
  num_samples: 792
  rmse: 5.948536144694331
  std: 2.801571797613619
scale:
  max: 80473.5457920929
  mean: 232.0701188071492
  median: 6.047860557339235
  min: 0.0016827575978761722
  num_samples: 792
  rmse: 3213.486867694014
  std: 3205.0961465763735
trans:
  max: 23.36260668319564
  mean: 12.754491992677362
  median: 14.751827317366775
  min: 0.0
  num_samples: 792
  rmse: 14.280123842378101
  std: 6.422216981882856
