rot:
  max: 5.948536144694331
  mean: 5.948536144694331
  median: 5.948536144694331
  min: 5.948536144694331
  num_samples: 1
  rmse: 5.948536144694331
  std: 0.0
scale:
  max: 3213.486867694014
  mean: 3213.486867694014
  median: 3213.486867694014
  min: 3213.486867694014
  num_samples: 1
  rmse: 3213.486867694014
  std: 0.0
trans:
  max: 14.280123842378101
  mean: 14.280123842378101
  median: 14.280123842378101
  min: 14.280123842378101
  num_samples: 1
  rmse: 14.280123842378101
  std: 0.0
