rot:
  max: 31.009686750823267
  mean: 17.522687891293604
  median: 17.008437616553696
  min: 0.0
  num_samples: 2686
  rmse: 19.33779920184361
  std: 8.179601887325305
scale:
  max: 180418.6050983612
  mean: 616.527140780693
  median: 8.538285267692657
  min: 0.09217519886023373
  num_samples: 2686
  rmse: 5121.866508658562
  std: 5084.624943611774
trans:
  max: 460.5316307118331
  mean: 277.68287313418983
  median: 332.20156950818523
  min: 0.0
  num_samples: 2686
  rmse: 312.17330400639537
  std: 142.63377475973493
