rot:
  max: 19.33779920184361
  mean: 19.33779920184361
  median: 19.33779920184361
  min: 19.33779920184361
  num_samples: 1
  rmse: 19.33779920184361
  std: 0.0
scale:
  max: 5121.866508658562
  mean: 5121.866508658562
  median: 5121.866508658562
  min: 5121.866508658562
  num_samples: 1
  rmse: 5121.866508658562
  std: 0.0
trans:
  max: 312.17330400639537
  mean: 312.17330400639537
  median: 312.17330400639537
  min: 312.17330400639537
  num_samples: 1
  rmse: 312.17330400639537
  std: 0.0
