rot:
  max: 175.65218059459164
  mean: 10.658580911784732
  median: 8.295422571212018
  min: 0.002153602886049673
  num_samples: 2592
  rmse: 23.567899952088126
  std: 21.020003832030422
scale:
  max: 1227967.965611622
  mean: 547.928362665141
  median: 7.0459936154177
  min: 0.3043797028947415
  num_samples: 2592
  rmse: 24120.962147732625
  std: 24114.73801312668
trans:
  max: 211.23227427263157
  mean: 125.15167545932145
  median: 143.57524942800825
  min: 0.001228067965611622
  num_samples: 2592
  rmse: 139.63467204642694
  std: 61.926567539610005
