rot:
  max: 23.567899952088126
  mean: 23.567899952088126
  median: 23.567899952088126
  min: 23.567899952088126
  num_samples: 1
  rmse: 23.567899952088126
  std: 0.0
scale:
  max: 24120.962147732625
  mean: 24120.962147732625
  median: 24120.962147732625
  min: 24120.962147732625
  num_samples: 1
  rmse: 24120.962147732625
  std: 0.0
trans:
  max: 139.63467204642694
  mean: 139.63467204642694
  median: 139.63467204642694
  min: 139.63467204642694
  num_samples: 1
  rmse: 139.63467204642694
  std: 0.0
