rot:
  max: 12.753959237548107
  mean: 6.915614297322545
  median: 6.392652974859012
  min: 0.00016122290739021877
  num_samples: 2095
  rmse: 7.273961396330335
  std: 2.2549486215814243
scale:
  max: 18412.99844772084
  mean: 127.19181323757788
  median: 1.2722629440400368
  min: 0.0002459057338310977
  num_samples: 2095
  rmse: 1192.9033952571128
  std: 1186.1031797703288
trans:
  max: 172.55285376008683
  mean: 97.64690157414434
  median: 91.58009336792131
  min: 0.0
  num_samples: 2095
  rmse: 110.68221790123548
  std: 52.111764242884135
