rot:
  max: 7.273961396330335
  mean: 7.273961396330335
  median: 7.273961396330335
  min: 7.273961396330335
  num_samples: 1
  rmse: 7.273961396330335
  std: 0.0
scale:
  max: 1192.9033952571128
  mean: 1192.9033952571128
  median: 1192.9033952571128
  min: 1192.9033952571128
  num_samples: 1
  rmse: 1192.9033952571128
  std: 0.0
trans:
  max: 110.68221790123548
  mean: 110.68221790123548
  median: 110.68221790123548
  min: 110.68221790123548
  num_samples: 1
  rmse: 110.68221790123548
  std: 0.0
