rot:
  max: 7.7657825147953625
  mean: 3.9070824767813024
  median: 4.017909806735743
  min: 5.109599479759417e-05
  num_samples: 1330
  rmse: 4.769959686385925
  std: 2.736278847152716
scale:
  max: 2176314.6139691826
  mean: 2828.296853270722
  median: 3.256901753701924
  min: 0.0746944210756384
  num_samples: 1330
  rmse: 68766.43698779012
  std: 68708.24981692873
trans:
  max: 133.28678030681218
  mean: 38.0087650281088
  median: 26.535322329347455
  min: 0.0
  num_samples: 1330
  rmse: 52.151599175784504
  std: 35.70886553266151
