rot:
  max: 4.769959686385925
  mean: 4.769959686385925
  median: 4.769959686385925
  min: 4.769959686385925
  num_samples: 1
  rmse: 4.769959686385925
  std: 0.0
scale:
  max: 68766.43698779012
  mean: 68766.43698779012
  median: 68766.43698779012
  min: 68766.43698779012
  num_samples: 1
  rmse: 68766.43698779012
  std: 0.0
trans:
  max: 52.151599175784504
  mean: 52.151599175784504
  median: 52.151599175784504
  min: 52.151599175784504
  num_samples: 1
  rmse: 52.151599175784504
  std: 0.0
