rot:
  max: 28.824725904801323
  mean: 17.506503701175156
  median: 17.673073959430653
  min: 0.0
  num_samples: 2686
  rmse: 18.90190001879673
  std: 7.127703170119276
scale:
  max: 151565.69246060104
  mean: 519.4753467560961
  median: 10.667878138358189
  min: 0.032957620914464414
  num_samples: 2686
  rmse: 4299.957773732881
  std: 4268.463683809253
trans:
  max: 498.56665049722085
  mean: 294.79705274336783
  median: 365.46931158609556
  min: 0.0
  num_samples: 2686
  rmse: 332.17108382580074
  std: 153.07621181565455
