rot:
  max: 18.90190001879673
  mean: 18.90190001879673
  median: 18.90190001879673
  min: 18.90190001879673
  num_samples: 1
  rmse: 18.90190001879673
  std: 0.0
scale:
  max: 4299.957773732881
  mean: 4299.957773732881
  median: 4299.957773732881
  min: 4299.957773732881
  num_samples: 1
  rmse: 4299.957773732881
  std: 0.0
trans:
  max: 332.17108382580074
  mean: 332.17108382580074
  median: 332.17108382580074
  min: 332.17108382580074
  num_samples: 1
  rmse: 332.17108382580074
  std: 0.0
