rot:
  max: 17.68895479430841
  mean: 8.915797827321155
  median: 7.137021741728239
  min: 0.0007801794054116189
  num_samples: 1101
  rmse: 10.564551488233125
  std: 5.66730070226242
scale:
  max: 1075.418366396347
  mean: 7.204137144308309
  median: 3.5942958719651585
  min: 0.01890647692586178
  num_samples: 1101
  rmse: 43.042895326290534
  std: 42.435730771084884
trans:
  max: 198.40737835912444
  mean: 82.16720168700296
  median: 78.67256423079206
  min: 1.2476799491734092e-08
  num_samples: 1101
  rmse: 101.21752271211129
  std: 59.10615763948915
