rot:
  max: 10.564551488233125
  mean: 10.564551488233125
  median: 10.564551488233125
  min: 10.564551488233125
  num_samples: 1
  rmse: 10.564551488233125
  std: 0.0
scale:
  max: 43.042895326290534
  mean: 43.042895326290534
  median: 43.042895326290534
  min: 43.042895326290534
  num_samples: 1
  rmse: 43.042895326290534
  std: 0.0
trans:
  max: 101.21752271211129
  mean: 101.21752271211129
  median: 101.21752271211129
  min: 101.21752271211129
  num_samples: 1
  rmse: 101.21752271211129
  std: 0.0
