rot:
  max: 20.282651756604988
  mean: 12.241726924180943
  median: 12.710043940310253
  min: 1.1459155902616465e-14
  num_samples: 2095
  rmse: 13.298136630951353
  std: 5.194281448789001
scale:
  max: 57555.32330468727
  mean: 388.2744209709974
  median: 8.814642224936486
  min: 0.10280077007260857
  num_samples: 2095
  rmse: 3607.9017770878263
  std: 3586.9483139757012
trans:
  max: 399.9762673939759
  mean: 209.1847667912825
  median: 205.48132332648487
  min: 0.0
  num_samples: 2095
  rmse: 241.1422118186045
  std: 119.963743119517
