rot:
  max: 179.88359232302545
  mean: 15.252377201485402
  median: 10.930022296570677
  min: 0.03371887288229111
  num_samples: 2592
  rmse: 26.69299589381678
  std: 21.90618678572169
scale:
  max: 1227981.1363360449
  mean: 628.4442622423066
  median: 11.25190698949906
  min: 0.02848247680723448
  num_samples: 2592
  rmse: 24126.4803361284
  std: 24118.29411917114
trans:
  max: 361.7392044332886
  mean: 234.86461766836302
  median: 258.6221660610571
  min: 0.001228081136336045
  num_samples: 2592
  rmse: 260.09779453681784
  std: 111.7563156622943
