rot:
  max: 26.69299589381678
  mean: 26.69299589381678
  median: 26.69299589381678
  min: 26.69299589381678
  num_samples: 1
  rmse: 26.69299589381678
  std: 0.0
scale:
  max: 24126.4803361284
  mean: 24126.4803361284
  median: 24126.4803361284
  min: 24126.4803361284
  num_samples: 1
  rmse: 24126.4803361284
  std: 0.0
trans:
  max: 260.09779453681784
  mean: 260.09779453681784
  median: 260.09779453681784
  min: 260.09779453681784
  num_samples: 1
  rmse: 260.09779453681784
  std: 0.0
