rot:
  max: 1.188294491007621
  mean: 0.47520581123260497
  median: 0.4780645480709529
  min: 0.00012473808952049355
  num_samples: 516
  rmse: 0.5687022359325506
  std: 0.3124126599954687
scale:
  max: 1410.9484342078065
  mean: 19.435286237844736
  median: 2.4138174621020636
  min: 0.004009613673505719
  num_samples: 516
  rmse: 88.718002732338
  std: 86.56300397784364
trans:
  max: 4.087619061346942
  mean: 1.5750420775761904
  median: 1.4532577011405468
  min: 0.0
  num_samples: 516
  rmse: 1.9389373328309825
  std: 1.1308052151056789
