rot:
  max: 0.5687022359325506
  mean: 0.5687022359325506
  median: 0.5687022359325506
  min: 0.5687022359325506
  num_samples: 1
  rmse: 0.5687022359325506
  std: 0.0
scale:
  max: 88.718002732338
  mean: 88.718002732338
  median: 88.718002732338
  min: 88.718002732338
  num_samples: 1
  rmse: 88.718002732338
  std: 0.0
trans:
  max: 1.9389373328309825
  mean: 1.9389373328309825
  median: 1.9389373328309825
  min: 1.9389373328309825
  num_samples: 1
  rmse: 1.9389373328309825
  std: 0.0
