rot:
  max: 9.732379783710655
  mean: 2.9171953619890547
  median: 2.6724670093331997
  min: 0.0
  num_samples: 792
  rmse: 3.3526968644095154
  std: 1.652436832260449
scale:
  max: 3303.3475181891363
  mean: 75.49822078562059
  median: 9.832987877224374
  min: 0.009872556799983556
  num_samples: 792
  rmse: 273.8683152684852
  std: 263.2562872301516
trans:
  max: 22.87977222818454
  mean: 13.216541804225212
  median: 11.43395320616553
  min: 0.0
  num_samples: 792
  rmse: 15.26339818240432
  std: 7.635073464727819
