rot:
  max: 3.3526968644095154
  mean: 3.3526968644095154
  median: 3.3526968644095154
  min: 3.3526968644095154
  num_samples: 1
  rmse: 3.3526968644095154
  std: 0.0
scale:
  max: 273.8683152684852
  mean: 273.8683152684852
  median: 273.8683152684852
  min: 273.8683152684852
  num_samples: 1
  rmse: 273.8683152684852
  std: 0.0
trans:
  max: 15.26339818240432
  mean: 15.26339818240432
  median: 15.26339818240432
  min: 15.26339818240432
  num_samples: 1
  rmse: 15.26339818240432
  std: 0.0
