rot:
  max: 77.7863965997498
  mean: 11.651723956243503
  median: 9.87745186949947
  min: 0.03371887288229111
  num_samples: 2592
  rmse: 15.373292239507771
  std: 10.02873088325792
scale:
  max: 1227981.1363360449
  mean: 581.347865306888
  median: 8.58941955598086
  min: 0.1958077083870413
  num_samples: 2592
  rmse: 24122.960396278184
  std: 24115.954323640377
trans:
  max: 307.8852563463491
  mean: 214.32894158485175
  median: 254.35306296509532
  min: 0.001228081136336045
  num_samples: 2592
  rmse: 230.8244075946693
  std: 85.69137611537838
