rot:
  max: 15.373292239507771
  mean: 15.373292239507771
  median: 15.373292239507771
  min: 15.373292239507771
  num_samples: 1
  rmse: 15.373292239507771
  std: 0.0
scale:
  max: 24122.960396278184
  mean: 24122.960396278184
  median: 24122.960396278184
  min: 24122.960396278184
  num_samples: 1
  rmse: 24122.960396278184
  std: 0.0
trans:
  max: 230.8244075946693
  mean: 230.8244075946693
  median: 230.8244075946693
  min: 230.8244075946693
  num_samples: 1
  rmse: 230.8244075946693
  std: 0.0
