rot:
  max: 94.32522769797458
  mean: 48.08817612831307
  median: 90.26572543660578
  min: 0.00260916829651933
  num_samples: 535
  rmse: 65.62829435746956
  std: 44.66094867916502
scale:
  max: 2560772.933327428
  mean: 11286.052060533475
  median: 89.92362989891646
  min: 0.019191743975421893
  num_samples: 535
  rmse: 127482.68679082057
  std: 126982.12653871164
trans:
  max: 566.3416746276756
  mean: 237.36685879561057
  median: 184.13852129590217
  min: 0.0
  num_samples: 535
  rmse: 338.88020049393083
  std: 241.8610440569366
