rot:
  max: 65.62829435746956
  mean: 65.62829435746956
  median: 65.62829435746956
  min: 65.62829435746956
  num_samples: 1
  rmse: 65.62829435746956
  std: 0.0
scale:
  max: 127482.68679082057
  mean: 127482.68679082057
  median: 127482.68679082057
  min: 127482.68679082057
  num_samples: 1
  rmse: 127482.68679082057
  std: 0.0
trans:
  max: 338.88020049393083
  mean: 338.88020049393083
  median: 338.88020049393083
  min: 338.88020049393083
  num_samples: 1
  rmse: 338.88020049393083
  std: 0.0
