rot:
  max: 11.029070363160479
  mean: 4.1666450666311015
  median: 5.118015052583939
  min: 0.00260916829651933
  num_samples: 535
  rmse: 4.682888182089822
  std: 2.1374074517216464
scale:
  max: 2560772.933327428
  mean: 8251.072329825862
  median: 4.34916848202016
  min: 0.0013969499415900088
  num_samples: 535
  rmse: 126938.07578033632
  std: 126669.62891009977
trans:
  max: 26.070635823989754
  mean: 15.194478797581661
  median: 22.23789453992588
  min: 0.0
  num_samples: 535
  rmse: 18.439318164998426
  std: 10.446830546145673
