rot:
  max: 10.626553700361065
  mean: 5.25327665704654
  median: 4.27795003071377
  min: 0.0006785081735415092
  num_samples: 535
  rmse: 6.330410629412498
  std: 3.5323056353476354
scale:
  max: 3152900.0099882293
  mean: 13655.181816106116
  median: 8.455295403012997
  min: 0.002424712941195839
  num_samples: 535
  rmse: 192945.9252586463
  std: 192462.11596956998
trans:
  max: 36.69359681097129
  mean: 15.9751307920108
  median: 15.320684934182541
  min: 3.8474106316268337e-08
  num_samples: 535
  rmse: 20.64399311773957
  std: 13.075536242289534
