rot:
  max: 6.330410629412498
  mean: 6.330410629412498
  median: 6.330410629412498
  min: 6.330410629412498
  num_samples: 1
  rmse: 6.330410629412498
  std: 0.0
scale:
  max: 192945.9252586463
  mean: 192945.9252586463
  median: 192945.9252586463
  min: 192945.9252586463
  num_samples: 1
  rmse: 192945.9252586463
  std: 0.0
trans:
  max: 20.64399311773957
  mean: 20.64399311773957
  median: 20.64399311773957
  min: 20.64399311773957
  num_samples: 1
  rmse: 20.64399311773957
  std: 0.0
