rot:
  max: 16.85505373935344
  mean: 9.831495466551546
  median: 9.045968552333111
  min: 0.00212969360678017
  num_samples: 1330
  rmse: 11.043838566986974
  std: 5.030712393373861
scale:
  max: 24519810.477114342
  mean: 30669.747681003777
  median: 5.139912926924051
  min: 0.02197487112751695
  num_samples: 1330
  rmse: 762003.4692738606
  std: 761386.0083837787
trans:
  max: 248.59067710258645
  mean: 88.26025305237516
  median: 77.30125203787473
  min: 9.938361130639345e-08
  num_samples: 1330
  rmse: 111.82124077999869
  std: 68.65943213214875
