rot:
  max: 11.043838566986974
  mean: 11.043838566986974
  median: 11.043838566986974
  min: 11.043838566986974
  num_samples: 1
  rmse: 11.043838566986974
  std: 0.0
scale:
  max: 762003.4692738606
  mean: 762003.4692738606
  median: 762003.4692738606
  min: 762003.4692738606
  num_samples: 1
  rmse: 762003.4692738606
  std: 0.0
trans:
  max: 111.82124077999869
  mean: 111.82124077999869
  median: 111.82124077999869
  min: 111.82124077999869
  num_samples: 1
  rmse: 111.82124077999869
  std: 0.0
