rot:
  max: 177.6996014425582
  mean: 36.949873647021704
  median: 39.103604425399325
  min: 0.03371887288229111
  num_samples: 2592
  rmse: 41.13715758598051
  std: 18.082382910527166
scale:
  max: 1227981.1363360449
  mean: 719.6978106869884
  median: 37.967563493628475
  min: 0.06234875473589696
  num_samples: 2592
  rmse: 24135.436696925597
  std: 24124.70392797796
trans:
  max: 1210.714966833095
  mean: 747.1442527879234
  median: 844.9444216485913
  min: 0.001228081136336045
  num_samples: 2592
  rmse: 839.3562639161593
  std: 382.48451380581287
