rot:
  max: 41.13715758598051
  mean: 41.13715758598051
  median: 41.13715758598051
  min: 41.13715758598051
  num_samples: 1
  rmse: 41.13715758598051
  std: 0.0
scale:
  max: 24135.436696925597
  mean: 24135.436696925597
  median: 24135.436696925597
  min: 24135.436696925597
  num_samples: 1
  rmse: 24135.436696925597
  std: 0.0
trans:
  max: 839.3562639161593
  mean: 839.3562639161593
  median: 839.3562639161593
  min: 839.3562639161593
  num_samples: 1
  rmse: 839.3562639161593
  std: 0.0
