rot:
  max: 3.8636933337928543
  mean: 3.8636933337928543
  median: 3.8636933337928543
  min: 3.8636933337928543
  num_samples: 1
  rmse: 3.8636933337928543
  std: 0.0
scale:
  max: 26.32547570322201
  mean: 26.32547570322201
  median: 26.32547570322201
  min: 26.32547570322201
  num_samples: 1
  rmse: 26.32547570322201
  std: 0.0
trans:
  max: 59.83205810061626
  mean: 59.83205810061626
  median: 59.83205810061626
  min: 59.83205810061626
  num_samples: 1
  rmse: 59.83205810061626
  std: 0.0
