rot:
  max: 19.71883096373548
  mean: 11.077455008691183
  median: 9.989579466702969
  min: 0.00212969360678017
  num_samples: 1330
  rmse: 12.618534747481359
  std: 6.042963652366038
scale:
  max: 24519810.477114342
  mean: 30678.306486220798
  median: 4.951618673485703
  min: 0.013151660698373924
  num_samples: 1330
  rmse: 762003.4822563557
  std: 761385.6765673686
trans:
  max: 272.7540684841161
  mean: 102.14060733154024
  median: 105.25074012508935
  min: 9.938361130639345e-08
  num_samples: 1330
  rmse: 130.22028216252917
  std: 80.77510891625481
