rot:
  max: 12.618534747481359
  mean: 12.618534747481359
  median: 12.618534747481359
  min: 12.618534747481359
  num_samples: 1
  rmse: 12.618534747481359
  std: 0.0
scale:
  max: 762003.4822563557
  mean: 762003.4822563557
  median: 762003.4822563557
  min: 762003.4822563557
  num_samples: 1
  rmse: 762003.4822563557
  std: 0.0
trans:
  max: 130.22028216252917
  mean: 130.22028216252917
  median: 130.22028216252917
  min: 130.22028216252917
  num_samples: 1
  rmse: 130.22028216252917
  std: 0.0
