rot:
  max: 11.371754200348692
  mean: 2.192863872547155
  median: 1.8455211349304537
  min: 0.0
  num_samples: 792
  rmse: 2.9922683491313453
  std: 2.0359317055566284
scale:
  max: 95045.45683651343
  mean: 226.51447045794805
  median: 3.8197135400002082
  min: 0.0065206214265312035
  num_samples: 792
  rmse: 3823.618705244138
  std: 3816.9033519026943
trans:
  max: 10.596459398802198
  mean: 5.230487942669117
  median: 3.5172581362951254
  min: 0.0
  num_samples: 792
  rmse: 6.273823792063363
  std: 3.4645145194461664
