rot:
  max: 2.9922683491313453
  mean: 2.9922683491313453
  median: 2.9922683491313453
  min: 2.9922683491313453
  num_samples: 1
  rmse: 2.9922683491313453
  std: 0.0
scale:
  max: 3823.618705244138
  mean: 3823.618705244138
  median: 3823.618705244138
  min: 3823.618705244138
  num_samples: 1
  rmse: 3823.618705244138
  std: 0.0
trans:
  max: 6.273823792063363
  mean: 6.273823792063363
  median: 6.273823792063363
  min: 6.273823792063363
  num_samples: 1
  rmse: 6.273823792063363
  std: 0.0
