rot:
  max: 82.12069155473598
  mean: 48.452047031168114
  median: 76.9152922190013
  min: 0.002037169356248867
  num_samples: 772
  rmse: 60.95514209852769
  std: 36.985517256639454
scale:
  max: 238729.33610346226
  mean: 6137.785013347466
  median: 999.9839277030148
  min: 0.011329486706579406
  num_samples: 772
  rmse: 24356.926344977295
  std: 23570.90274267357
trans:
  max: 478.69973802134945
  mean: 258.1581977274427
  median: 410.85796936776296
  min: 0.0
  num_samples: 772
  rmse: 328.8958758458412
  std: 203.78135855500025
