rot:
  max: 60.95514209852769
  mean: 60.95514209852769
  median: 60.95514209852769
  min: 60.95514209852769
  num_samples: 1
  rmse: 60.95514209852769
  std: 0.0
scale:
  max: 24356.926344977295
  mean: 24356.926344977295
  median: 24356.926344977295
  min: 24356.926344977295
  num_samples: 1
  rmse: 24356.926344977295
  std: 0.0
trans:
  max: 328.8958758458412
  mean: 328.8958758458412
  median: 328.8958758458412
  min: 328.8958758458412
  num_samples: 1
  rmse: 328.8958758458412
  std: 0.0
