rot:
  max: 176.36123415771206
  mean: 9.671924879787698
  median: 7.333118917835614
  min: 0.002095875932354322
  num_samples: 2592
  rmse: 20.727843560073175
  std: 18.332958511124456
scale:
  max: 1227967.9494955253
  mean: 515.1354047603803
  median: 6.022946308327692
  min: 0.010713031567344267
  num_samples: 2592
  rmse: 24120.015268215026
  std: 24114.51372210704
trans:
  max: 202.14043825600695
  mean: 113.87627443825353
  median: 133.81373521058737
  min: 0.0012280679494955252
  num_samples: 2592
  rmse: 128.70567256749942
  std: 59.977864842923
