rot:
  max: 20.727843560073175
  mean: 20.727843560073175
  median: 20.727843560073175
  min: 20.727843560073175
  num_samples: 1
  rmse: 20.727843560073175
  std: 0.0
scale:
  max: 24120.015268215026
  mean: 24120.015268215026
  median: 24120.015268215026
  min: 24120.015268215026
  num_samples: 1
  rmse: 24120.015268215026
  std: 0.0
trans:
  max: 128.70567256749942
  mean: 128.70567256749942
  median: 128.70567256749942
  min: 128.70567256749942
  num_samples: 1
  rmse: 128.70567256749942
  std: 0.0
