rot:
  max: 8.366192247896652
  mean: 3.3347403567587506
  median: 3.5804763218388773
  min: 0.002037169356248867
  num_samples: 772
  rmse: 3.5313078290912943
  std: 1.1617408217007734
scale:
  max: 13009.671499486223
  mean: 342.9855569208742
  median: 28.104093584549595
  min: 0.010134451580423587
  num_samples: 772
  rmse: 1310.0377955929757
  std: 1264.3416997100828
trans:
  max: 23.71664065233222
  mean: 12.785520442683056
  median: 15.20917577286879
  min: 0.0
  num_samples: 772
  rmse: 14.370063024733456
  std: 6.559662974920687
