rot:
  max: 3.5313078290912943
  mean: 3.5313078290912943
  median: 3.5313078290912943
  min: 3.5313078290912943
  num_samples: 1
  rmse: 3.5313078290912943
  std: 0.0
scale:
  max: 1310.0377955929757
  mean: 1310.0377955929757
  median: 1310.0377955929757
  min: 1310.0377955929757
  num_samples: 1
  rmse: 1310.0377955929757
  std: 0.0
trans:
  max: 14.370063024733456
  mean: 14.370063024733456
  median: 14.370063024733456
  min: 14.370063024733456
  num_samples: 1
  rmse: 14.370063024733456
  std: 0.0
