rot:
  max: 177.90020617088658
  mean: 5.874843851149633
  median: 2.740335860759453
  min: 0.006610887093053061
  num_samples: 2592
  rmse: 19.31462561467602
  std: 18.399482937292245
scale:
  max: 1227967.965611622
  mean: 508.8499712305397
  median: 1.1090505543212004
  min: 0.00029234024063740094
  num_samples: 2592
  rmse: 24120.094853044993
  std: 24114.726774870705
trans:
  max: 138.16126969974113
  mean: 38.725742567315685
  median: 38.394424472352185
  min: 0.001228067965611622
  num_samples: 2592
  rmse: 43.345054379790795
  std: 19.47076274307237
