rot:
  max: 19.31462561467602
  mean: 19.31462561467602
  median: 19.31462561467602
  min: 19.31462561467602
  num_samples: 1
  rmse: 19.31462561467602
  std: 0.0
scale:
  max: 24120.094853044993
  mean: 24120.094853044993
  median: 24120.094853044993
  min: 24120.094853044993
  num_samples: 1
  rmse: 24120.094853044993
  std: 0.0
trans:
  max: 43.345054379790795
  mean: 43.345054379790795
  median: 43.345054379790795
  min: 43.345054379790795
  num_samples: 1
  rmse: 43.345054379790795
  std: 0.0
