rot:
  max: 177.8532730273339
  mean: 14.050438884531419
  median: 10.798722823122224
  min: 0.0066105697221601496
  num_samples: 2592
  rmse: 25.332349467775177
  std: 21.07873565253706
scale:
  max: 1227967.965611622
  mean: 573.8842508087223
  median: 6.858043227613797
  min: 0.007147166551479955
  num_samples: 2592
  rmse: 24122.218541767983
  std: 24115.391024063632
trans:
  max: 284.915076338947
  mean: 167.57351849068243
  median: 193.78745852335902
  min: 0.001228067965611622
  num_samples: 2592
  rmse: 187.4826250611942
  std: 84.07645687402172
