rot:
  max: 25.332349467775177
  mean: 25.332349467775177
  median: 25.332349467775177
  min: 25.332349467775177
  num_samples: 1
  rmse: 25.332349467775177
  std: 0.0
scale:
  max: 24122.218541767983
  mean: 24122.218541767983
  median: 24122.218541767983
  min: 24122.218541767983
  num_samples: 1
  rmse: 24122.218541767983
  std: 0.0
trans:
  max: 187.4826250611942
  mean: 187.4826250611942
  median: 187.4826250611942
  min: 187.4826250611942
  num_samples: 1
  rmse: 187.4826250611942
  std: 0.0
