rot:
  max: 6.341176522100811
  mean: 3.5313726674131587
  median: 3.703312082317514
  min: 0.00016122290739021877
  num_samples: 2095
  rmse: 3.7937483708983084
  std: 1.3863382651939047
scale:
  max: 10959.102430127547
  mean: 55.66515297983975
  median: 2.6975153240795358
  min: 0.05072171501825373
  num_samples: 2095
  rmse: 531.5287630054667
  std: 528.6059180957518
trans:
  max: 101.54636625970485
  mean: 58.40060526471381
  median: 58.53470590147276
  min: 0.0
  num_samples: 2095
  rmse: 66.02977244972404
  std: 30.810714929670436
