rot:
  max: 3.7937483708983084
  mean: 3.7937483708983084
  median: 3.7937483708983084
  min: 3.7937483708983084
  num_samples: 1
  rmse: 3.7937483708983084
  std: 0.0
scale:
  max: 531.5287630054667
  mean: 531.5287630054667
  median: 531.5287630054667
  min: 531.5287630054667
  num_samples: 1
  rmse: 531.5287630054667
  std: 0.0
trans:
  max: 66.02977244972404
  mean: 66.02977244972404
  median: 66.02977244972404
  min: 66.02977244972404
  num_samples: 1
  rmse: 66.02977244972404
  std: 0.0
