rot:
  max: 18.311391025859216
  mean: 18.311391025859216
  median: 18.311391025859216
  min: 18.311391025859216
  num_samples: 1
  rmse: 18.311391025859216
  std: 0.0
scale:
  max: 4742.371527562062
  mean: 4742.371527562062
  median: 4742.371527562062
  min: 4742.371527562062
  num_samples: 1
  rmse: 4742.371527562062
  std: 0.0
trans:
  max: 307.9766558034038
  mean: 307.9766558034038
  median: 307.9766558034038
  min: 307.9766558034038
  num_samples: 1
  rmse: 307.9766558034038
  std: 0.0
