rot:
  max: 14.645517348264377
  mean: 3.3622269622104803
  median: 2.300320614938964
  min: 0.0
  num_samples: 792
  rmse: 4.542300977919629
  std: 3.0541656845355494
scale:
  max: 2490.730107109564
  mean: 58.6638642401968
  median: 4.741131458503734
  min: 0.03318876518516589
  num_samples: 792
  rmse: 218.81606419598472
  std: 210.80564741635615
trans:
  max: 18.639859145399612
  mean: 10.740083529526633
  median: 9.780824572735401
  min: 0.0
  num_samples: 792
  rmse: 12.228248119828693
  std: 5.846422654827881
