rot:
  max: 10.550234241361494
  mean: 10.550234241361494
  median: 10.550234241361494
  min: 10.550234241361494
  num_samples: 1
  rmse: 10.550234241361494
  std: 0.0
scale:
  max: 43.04475455484843
  mean: 43.04475455484843
  median: 43.04475455484843
  min: 43.04475455484843
  num_samples: 1
  rmse: 43.04475455484843
  std: 0.0
trans:
  max: 102.90963975992491
  mean: 102.90963975992491
  median: 102.90963975992491
  min: 102.90963975992491
  num_samples: 1
  rmse: 102.90963975992491
  std: 0.0
