rot:
  max: 12.686131635111508
  mean: 6.3847469178091805
  median: 4.590133769938246
  min: 0.0
  num_samples: 772
  rmse: 7.59352192066489
  std: 4.1105452138547705
scale:
  max: 32139.069538601972
  mean: 593.6760403974528
  median: 56.16225906303987
  min: 0.00914990374716318
  num_samples: 772
  rmse: 2696.9477367170175
  std: 2630.793768739968
trans:
  max: 36.13240961962986
  mean: 20.944417735804826
  median: 28.90143679410218
  min: 0.0
  num_samples: 772
  rmse: 24.038369291671923
  std: 11.797226958522923
