rot:
  max: 7.59352192066489
  mean: 7.59352192066489
  median: 7.59352192066489
  min: 7.59352192066489
  num_samples: 1
  rmse: 7.59352192066489
  std: 0.0
scale:
  max: 2696.9477367170175
  mean: 2696.9477367170175
  median: 2696.9477367170175
  min: 2696.9477367170175
  num_samples: 1
  rmse: 2696.9477367170175
  std: 0.0
trans:
  max: 24.038369291671923
  mean: 24.038369291671923
  median: 24.038369291671923
  min: 24.038369291671923
  num_samples: 1
  rmse: 24.038369291671923
  std: 0.0
