rot:
  max: 23.435163372407477
  mean: 14.987624571208304
  median: 16.20328776839686
  min: 1.1459155902616465e-14
  num_samples: 2095
  rmse: 16.04732845069507
  std: 5.734793816433198
scale:
  max: 102288.6125681248
  mean: 684.5625019991844
  median: 10.73413993821739
  min: 0.0061550330795689945
  num_samples: 2095
  rmse: 6489.8656002498055
  std: 6453.660177772175
trans:
  max: 531.6920550743698
  mean: 291.2968775820788
  median: 341.4244018306699
  min: 0.0
  num_samples: 2095
  rmse: 337.0008228230434
  std: 169.4570260990664
