rot:
  max: 16.04732845069507
  mean: 16.04732845069507
  median: 16.04732845069507
  min: 16.04732845069507
  num_samples: 1
  rmse: 16.04732845069507
  std: 0.0
scale:
  max: 6489.8656002498055
  mean: 6489.8656002498055
  median: 6489.8656002498055
  min: 6489.8656002498055
  num_samples: 1
  rmse: 6489.8656002498055
  std: 0.0
trans:
  max: 337.0008228230434
  mean: 337.0008228230434
  median: 337.0008228230434
  min: 337.0008228230434
  num_samples: 1
  rmse: 337.0008228230434
  std: 0.0
