rot:
  max: 7.957183044893368
  mean: 4.2263297091122425
  median: 4.479227583544725
  min: 0.0
  num_samples: 772
  rmse: 4.7896069221276365
  std: 2.253546462438307
scale:
  max: 39099.89485865372
  mean: 707.6708023118957
  median: 86.36662464750856
  min: 0.028468665473768695
  num_samples: 772
  rmse: 3110.9447489376603
  std: 3029.3859553543257
trans:
  max: 41.720115854949576
  mean: 26.68162774243926
  median: 38.37928507811384
  min: 0.0
  num_samples: 772
  rmse: 31.001091277434725
  std: 15.784752180688013
