rot:
  max: 4.7896069221276365
  mean: 4.7896069221276365
  median: 4.7896069221276365
  min: 4.7896069221276365
  num_samples: 1
  rmse: 4.7896069221276365
  std: 0.0
scale:
  max: 3110.9447489376603
  mean: 3110.9447489376603
  median: 3110.9447489376603
  min: 3110.9447489376603
  num_samples: 1
  rmse: 3110.9447489376603
  std: 0.0
trans:
  max: 31.001091277434725
  mean: 31.001091277434725
  median: 31.001091277434725
  min: 31.001091277434725
  num_samples: 1
  rmse: 31.001091277434725
  std: 0.0
