rot:
  max: 19.77989042720442
  mean: 11.043083080000047
  median: 10.77465874056567
  min: 0.00212969360678017
  num_samples: 1330
  rmse: 12.776333890713301
  std: 6.425342308017992
scale:
  max: 24519810.477114342
  mean: 30690.928665599815
  median: 5.932039735187111
  min: 0.03202094202168215
  num_samples: 1330
  rmse: 762003.5050731506
  std: 761385.1907158489
trans:
  max: 288.29332223136834
  mean: 103.67875549832658
  median: 99.20698865926619
  min: 9.938361130639345e-08
  num_samples: 1330
  rmse: 133.44957430489183
  std: 84.02085777040757
