rot:
  max: 12.776333890713301
  mean: 12.776333890713301
  median: 12.776333890713301
  min: 12.776333890713301
  num_samples: 1
  rmse: 12.776333890713301
  std: 0.0
scale:
  max: 762003.5050731506
  mean: 762003.5050731506
  median: 762003.5050731506
  min: 762003.5050731506
  num_samples: 1
  rmse: 762003.5050731506
  std: 0.0
trans:
  max: 133.44957430489183
  mean: 133.44957430489183
  median: 133.44957430489183
  min: 133.44957430489183
  num_samples: 1
  rmse: 133.44957430489183
  std: 0.0
