rot:
  max: 23.96207830891598
  mean: 14.987194746709022
  median: 16.156448347321795
  min: 1.1459155902616465e-14
  num_samples: 2095
  rmse: 16.046419022062384
  std: 5.733372223728634
scale:
  max: 107357.92521516373
  mean: 718.407333133036
  median: 10.928003869163883
  min: 0.017645722360071225
  num_samples: 2095
  rmse: 6812.231434490179
  std: 6774.244461248561
trans:
  max: 534.655766617404
  mean: 293.24270163659327
  median: 356.14652753658584
  min: 0.0
  num_samples: 2095
  rmse: 339.4434893282038
  std: 170.96958906243628
