rot:
  max: 16.046419022062384
  mean: 16.046419022062384
  median: 16.046419022062384
  min: 16.046419022062384
  num_samples: 1
  rmse: 16.046419022062384
  std: 0.0
scale:
  max: 6812.231434490179
  mean: 6812.231434490179
  median: 6812.231434490179
  min: 6812.231434490179
  num_samples: 1
  rmse: 6812.231434490179
  std: 0.0
trans:
  max: 339.4434893282038
  mean: 339.4434893282038
  median: 339.4434893282038
  min: 339.4434893282038
  num_samples: 1
  rmse: 339.4434893282038
  std: 0.0
