rot:
  max: 20.122996743732656
  mean: 11.045469243391201
  median: 17.00114658809654
  min: 0.0006785081735415092
  num_samples: 535
  rmse: 13.694230591928626
  std: 8.09503308814812
scale:
  max: 3305995.4741701833
  mean: 14104.402939068168
  median: 15.624350373310536
  min: 0.004955791006966415
  num_samples: 535
  rmse: 197372.77192274746
  std: 196868.1714097058
trans:
  max: 77.63250864239343
  mean: 31.29166597469163
  median: 22.997749920501015
  min: 3.8474106316268337e-08
  num_samples: 535
  rmse: 42.492630775964436
  std: 28.7481357793991
