rot:
  max: 13.694230591928626
  mean: 13.694230591928626
  median: 13.694230591928626
  min: 13.694230591928626
  num_samples: 1
  rmse: 13.694230591928626
  std: 0.0
scale:
  max: 197372.77192274746
  mean: 197372.77192274746
  median: 197372.77192274746
  min: 197372.77192274746
  num_samples: 1
  rmse: 197372.77192274746
  std: 0.0
trans:
  max: 42.492630775964436
  mean: 42.492630775964436
  median: 42.492630775964436
  min: 42.492630775964436
  num_samples: 1
  rmse: 42.492630775964436
  std: 0.0
