rot:
  max: 127.27708853629743
  mean: 62.9076953063354
  median: 118.66210163339322
  min: 0.00028484216398121505
  num_samples: 535
  rmse: 86.92953448378452
  std: 59.99471507401922
scale:
  max: 2557282.951710896
  mean: 11959.497817664016
  median: 98.98844558850183
  min: 0.020897934836017207
  num_samples: 535
  rmse: 127215.8964825996
  std: 126652.49594785248
trans:
  max: 704.9905229467689
  mean: 296.8115387619358
  median: 244.8066852042546
  min: 0.0
  num_samples: 535
  rmse: 423.93887148302025
  std: 302.6996485165925
