rot:
  max: 179.61244143279416
  mean: 12.250974834133904
  median: 8.693151510576365
  min: 0.00021956092030501928
  num_samples: 2592
  rmse: 27.026726138990526
  std: 24.09061106334606
scale:
  max: 1227967.965611622
  mean: 572.469239882691
  median: 5.369237955795503
  min: 0.1753171971376699
  num_samples: 2592
  rmse: 24122.199718589618
  std: 24115.405827663624
trans:
  max: 243.67161075869876
  mean: 133.81660436838231
  median: 137.57401914289468
  min: 0.001228067965611622
  num_samples: 2592
  rmse: 150.58993645738425
  std: 69.06841070673963
