rot:
  max: 27.026726138990526
  mean: 27.026726138990526
  median: 27.026726138990526
  min: 27.026726138990526
  num_samples: 1
  rmse: 27.026726138990526
  std: 0.0
scale:
  max: 24122.199718589618
  mean: 24122.199718589618
  median: 24122.199718589618
  min: 24122.199718589618
  num_samples: 1
  rmse: 24122.199718589618
  std: 0.0
trans:
  max: 150.58993645738425
  mean: 150.58993645738425
  median: 150.58993645738425
  min: 150.58993645738425
  num_samples: 1
  rmse: 150.58993645738425
  std: 0.0
