rot:
  max: 8.377362016955987
  mean: 1.5826415498274098
  median: 1.2946717888067212
  min: 0.0
  num_samples: 792
  rmse: 2.1814250164529225
  std: 1.5012863907884222
scale:
  max: 95106.50138279112
  mean: 228.90563454994106
  median: 5.4992047650076366
  min: 0.0019066047150628762
  num_samples: 792
  rmse: 3825.7835750827976
  std: 3818.9294538973354
trans:
  max: 10.572532763920004
  mean: 5.0378302433111015
  median: 4.7533505614402145
  min: 0.0
  num_samples: 792
  rmse: 5.878807524175073
  std: 3.029957812557373
