rot:
  max: 2.1814250164529225
  mean: 2.1814250164529225
  median: 2.1814250164529225
  min: 2.1814250164529225
  num_samples: 1
  rmse: 2.1814250164529225
  std: 0.0
scale:
  max: 3825.7835750827976
  mean: 3825.7835750827976
  median: 3825.7835750827976
  min: 3825.7835750827976
  num_samples: 1
  rmse: 3825.7835750827976
  std: 0.0
trans:
  max: 5.878807524175073
  mean: 5.878807524175073
  median: 5.878807524175073
  min: 5.878807524175073
  num_samples: 1
  rmse: 5.878807524175073
  std: 0.0
