rot:
  max: 12.349866039428791
  mean: 6.330589243984656
  median: 5.203731322733294
  min: 0.001786922634406715
  num_samples: 1082
  rmse: 7.405071889131691
  std: 3.84170919086208
scale:
  max: 823340.8865629414
  mean: 764.4394285892349
  median: 3.259707118866717
  min: 0.008234522521388676
  num_samples: 1082
  rmse: 25030.300299379658
  std: 25018.624371398673
trans:
  max: 149.3366251045202
  mean: 62.11740421634605
  median: 59.12877552551015
  min: 3.422857959081703e-08
  num_samples: 1082
  rmse: 75.88737883101513
  std: 43.592686992947286
