rot:
  max: 7.405071889131691
  mean: 7.405071889131691
  median: 7.405071889131691
  min: 7.405071889131691
  num_samples: 1
  rmse: 7.405071889131691
  std: 0.0
scale:
  max: 25030.300299379658
  mean: 25030.300299379658
  median: 25030.300299379658
  min: 25030.300299379658
  num_samples: 1
  rmse: 25030.300299379658
  std: 0.0
trans:
  max: 75.88737883101513
  mean: 75.88737883101513
  median: 75.88737883101513
  min: 75.88737883101513
  num_samples: 1
  rmse: 75.88737883101513
  std: 0.0
