rot:
  max: 4.008142263308112
  mean: 0.9559976357947815
  median: 0.8103165423848875
  min: 5.109599479759417e-05
  num_samples: 1330
  rmse: 1.2174852056358292
  std: 0.753882448593218
scale:
  max: 2176276.0445006993
  mean: 2824.268398031153
  median: 1.2522101967682109
  min: 0.006985970775419403
  num_samples: 1330
  rmse: 68765.48391376517
  std: 68707.46164653577
trans:
  max: 30.753316696076748
  mean: 10.10549632212531
  median: 8.257012624599971
  min: 0.0
  num_samples: 1330
  rmse: 12.282494926892706
  std: 6.981305444732878
