rot:
  max: 177.01766989740784
  mean: 10.472500449586494
  median: 7.616458857869621
  min: 0.03371887288229111
  num_samples: 2592
  rmse: 20.93204688869349
  std: 18.123943314959728
scale:
  max: 1227981.1363360449
  mean: 514.2708635361652
  median: 5.678838490697435
  min: 0.030301836834190077
  num_samples: 2592
  rmse: 24120.25002247013
  std: 24114.76698260607
trans:
  max: 211.31864348600706
  mean: 127.21921941214664
  median: 144.89320004671882
  min: 0.001228081136336045
  num_samples: 2592
  rmse: 139.32732201474346
  std: 56.80997158918593
