rot:
  max: 3.7225692163767037
  mean: 0.9796331456308126
  median: 0.6883291938658657
  min: 0.0004746431245258161
  num_samples: 1101
  rmse: 1.4069807504911576
  std: 1.009907784024928
scale:
  max: 13823.080277924504
  mean: 36.09458188309068
  median: 1.8893228064327916
  min: 0.004802786705859763
  num_samples: 1101
  rmse: 604.3740384347698
  std: 603.295250679663
trans:
  max: 37.29671910201142
  mean: 16.29349110697103
  median: 14.682030715808663
  min: 0.0
  num_samples: 1101
  rmse: 19.789403989742855
  std: 11.231324846887237
