rot:
  max: 1.4069807504911576
  mean: 1.4069807504911576
  median: 1.4069807504911576
  min: 1.4069807504911576
  num_samples: 1
  rmse: 1.4069807504911576
  std: 0.0
scale:
  max: 604.3740384347698
  mean: 604.3740384347698
  median: 604.3740384347698
  min: 604.3740384347698
  num_samples: 1
  rmse: 604.3740384347698
  std: 0.0
trans:
  max: 19.789403989742855
  mean: 19.789403989742855
  median: 19.789403989742855
  min: 19.789403989742855
  num_samples: 1
  rmse: 19.789403989742855
  std: 0.0
