rot:
  max: 19.992521761131787
  mean: 19.992521761131787
  median: 19.992521761131787
  min: 19.992521761131787
  num_samples: 1
  rmse: 19.992521761131787
  std: 0.0
scale:
  max: 6652.351450607845
  mean: 6652.351450607845
  median: 6652.351450607845
  min: 6652.351450607845
  num_samples: 1
  rmse: 6652.351450607845
  std: 0.0
trans:
  max: 337.70452048112423
  mean: 337.70452048112423
  median: 337.70452048112423
  min: 337.70452048112423
  num_samples: 1
  rmse: 337.70452048112423
  std: 0.0
