rot:
  max: 18.953445127297982
  mean: 9.829279470575164
  median: 8.50350585081776
  min: 0.00042243057245074247
  num_samples: 1330
  rmse: 11.776637911431038
  std: 6.486483298851885
scale:
  max: 23085730.07557089
  mean: 28521.19626955304
  median: 4.999198164002383
  min: 0.011450739174767577
  num_samples: 1330
  rmse: 711844.871804344
  std: 711273.2687775469
trans:
  max: 262.11601975899237
  mean: 83.24386161583392
  median: 58.94457362179074
  min: 9.678172040897828e-08
  num_samples: 1330
  rmse: 113.43946219177903
  std: 77.06472011007342
