rot:
  max: 11.776637911431038
  mean: 11.776637911431038
  median: 11.776637911431038
  min: 11.776637911431038
  num_samples: 1
  rmse: 11.776637911431038
  std: 0.0
scale:
  max: 711844.871804344
  mean: 711844.871804344
  median: 711844.871804344
  min: 711844.871804344
  num_samples: 1
  rmse: 711844.871804344
  std: 0.0
trans:
  max: 113.43946219177903
  mean: 113.43946219177903
  median: 113.43946219177903
  min: 113.43946219177903
  num_samples: 1
  rmse: 113.43946219177903
  std: 0.0
