rot:
  max: 3.774409111187431
  mean: 1.0061948907321474
  median: 0.9656616637324049
  min: 0.00026268074584903764
  num_samples: 535
  rmse: 1.4339841457086637
  std: 1.0217056190548857
scale:
  max: 2557282.951710896
  mean: 8098.431376894029
  median: 12.637488039974777
  min: 0.0001791220998526022
  num_samples: 535
  rmse: 126338.34751763154
  std: 126078.52102051154
trans:
  max: 22.4485907565724
  mean: 11.346314900514702
  median: 16.717097481669168
  min: 0.0
  num_samples: 535
  rmse: 14.559472648519973
  std: 9.123561913055628
