rot:
  max: 1.4339841457086637
  mean: 1.4339841457086637
  median: 1.4339841457086637
  min: 1.4339841457086637
  num_samples: 1
  rmse: 1.4339841457086637
  std: 0.0
scale:
  max: 126338.34751763154
  mean: 126338.34751763154
  median: 126338.34751763154
  min: 126338.34751763154
  num_samples: 1
  rmse: 126338.34751763154
  std: 0.0
trans:
  max: 14.559472648519973
  mean: 14.559472648519973
  median: 14.559472648519973
  min: 14.559472648519973
  num_samples: 1
  rmse: 14.559472648519973
  std: 0.0
