rot:
  max: 23.371215802543627
  mean: 14.855512541523552
  median: 16.057314354346097
  min: 1.1459155902616465e-14
  num_samples: 2095
  rmse: 15.919424469098235
  std: 5.722047059921823
scale:
  max: 101371.1963886992
  mean: 678.5837887644454
  median: 10.830683283336896
  min: 0.0061550330795689945
  num_samples: 2095
  rmse: 6431.655007791868
  std: 6395.757201526674
trans:
  max: 528.7854871789357
  mean: 288.0975906620517
  median: 338.37343059629217
  min: 0.0
  num_samples: 2095
  rmse: 334.1883162563437
  std: 169.35645537436974
