rot:
  max: 28.52055747971492
  mean: 17.225634914666745
  median: 16.409952274937595
  min: 0.0
  num_samples: 2686
  rmse: 18.90143083167325
  std: 7.780847593362954
scale:
  max: 198663.34573823723
  mean: 678.5092923468139
  median: 9.37528609287569
  min: 0.0020305257819153155
  num_samples: 2686
  rmse: 5641.560730718232
  std: 5600.61002200484
trans:
  max: 465.40736362018635
  mean: 288.81563320225683
  median: 346.26227732946666
  min: 0.0
  num_samples: 2686
  rmse: 325.1950096085011
  std: 149.4567639561774
