rot:
  max: 18.90143083167325
  mean: 18.90143083167325
  median: 18.90143083167325
  min: 18.90143083167325
  num_samples: 1
  rmse: 18.90143083167325
  std: 0.0
scale:
  max: 5641.560730718232
  mean: 5641.560730718232
  median: 5641.560730718232
  min: 5641.560730718232
  num_samples: 1
  rmse: 5641.560730718232
  std: 0.0
trans:
  max: 325.1950096085011
  mean: 325.1950096085011
  median: 325.1950096085011
  min: 325.1950096085011
  num_samples: 1
  rmse: 325.1950096085011
  std: 0.0
