rot:
  max: 20.191013452245393
  mean: 20.191013452245393
  median: 20.191013452245393
  min: 20.191013452245393
  num_samples: 1
  rmse: 20.191013452245393
  std: 0.0
scale:
  max: 6568.99200176183
  mean: 6568.99200176183
  median: 6568.99200176183
  min: 6568.99200176183
  num_samples: 1
  rmse: 6568.99200176183
  std: 0.0
trans:
  max: 340.8747420595737
  mean: 340.8747420595737
  median: 340.8747420595737
  min: 340.8747420595737
  num_samples: 1
  rmse: 340.8747420595737
  std: 0.0
