rot:
  max: 2.0089621499777204
  mean: 1.0191762404476257
  median: 1.0632868536216995
  min: 0.00012933885940541703
  num_samples: 1311
  rmse: 1.0929046181553064
  std: 0.39461410934258206
scale:
  max: 410.2476654941826
  mean: 3.9965370509656415
  median: 1.216470274040482
  min: 0.01043906144164719
  num_samples: 1311
  rmse: 19.63922883747307
  std: 19.228286479322406
trans:
  max: 26.63117640999581
  mean: 11.696866555209475
  median: 8.633127816764173
  min: 0.0
  num_samples: 1311
  rmse: 13.585132857508148
  std: 6.909352179891363
