rot:
  max: 1.0929046181553064
  mean: 1.0929046181553064
  median: 1.0929046181553064
  min: 1.0929046181553064
  num_samples: 1
  rmse: 1.0929046181553064
  std: 0.0
scale:
  max: 19.63922883747307
  mean: 19.63922883747307
  median: 19.63922883747307
  min: 19.63922883747307
  num_samples: 1
  rmse: 19.63922883747307
  std: 0.0
trans:
  max: 13.585132857508148
  mean: 13.585132857508148
  median: 13.585132857508148
  min: 13.585132857508148
  num_samples: 1
  rmse: 13.585132857508148
  std: 0.0
