rot:
  max: 4.312247684379445
  mean: 1.734740625456302
  median: 1.2837356023820683
  min: 5.109599479759417e-05
  num_samples: 1330
  rmse: 2.2242112632409063
  std: 1.3920455114396169
scale:
  max: 2176276.0445006993
  mean: 2832.5072660320316
  median: 2.2766994615698755
  min: 0.006634773686653439
  num_samples: 1330
  rmse: 68765.51496036653
  std: 68707.1535602536
trans:
  max: 72.016274967225
  mean: 19.5995616274154
  median: 11.141430103435315
  min: 0.0
  num_samples: 1330
  rmse: 27.03782520460797
  std: 18.62528324101622
