rot:
  max: 2.2242112632409063
  mean: 2.2242112632409063
  median: 2.2242112632409063
  min: 2.2242112632409063
  num_samples: 1
  rmse: 2.2242112632409063
  std: 0.0
scale:
  max: 68765.51496036653
  mean: 68765.51496036653
  median: 68765.51496036653
  min: 68765.51496036653
  num_samples: 1
  rmse: 68765.51496036653
  std: 0.0
trans:
  max: 27.03782520460797
  mean: 27.03782520460797
  median: 27.03782520460797
  min: 27.03782520460797
  num_samples: 1
  rmse: 27.03782520460797
  std: 0.0
