rot:
  max: 10.708442051868914
  mean: 5.658535494688957
  median: 4.719579391737671
  min: 0.0
  num_samples: 792
  rmse: 6.384937202819335
  std: 2.9577692843241845
scale:
  max: 3406.572726371851
  mean: 79.88518733569163
  median: 5.653502403831235
  min: 0.0037392940487102067
  num_samples: 792
  rmse: 278.0545364679464
  std: 266.3319021348099
trans:
  max: 28.668693915016554
  mean: 14.821575667565568
  median: 15.271205945427006
  min: 0.0
  num_samples: 792
  rmse: 16.812678940003924
  std: 7.936439243784321
