rot:
  max: 6.384937202819335
  mean: 6.384937202819335
  median: 6.384937202819335
  min: 6.384937202819335
  num_samples: 1
  rmse: 6.384937202819335
  std: 0.0
scale:
  max: 278.0545364679464
  mean: 278.0545364679464
  median: 278.0545364679464
  min: 278.0545364679464
  num_samples: 1
  rmse: 278.0545364679464
  std: 0.0
trans:
  max: 16.812678940003924
  mean: 16.812678940003924
  median: 16.812678940003924
  min: 16.812678940003924
  num_samples: 1
  rmse: 16.812678940003924
  std: 0.0
