rot:
  max: 46.448426529536604
  mean: 25.99642337464605
  median: 24.333140212557787
  min: 0.0
  num_samples: 2686
  rmse: 29.329010623648315
  std: 13.578543216716296
scale:
  max: 208511.7943747975
  mean: 735.9673843599918
  median: 13.483057402662645
  min: 0.09541275433577745
  num_samples: 2686
  rmse: 5940.080012205378
  std: 5894.311033578068
trans:
  max: 681.6295447437305
  mean: 394.3155374666516
  median: 465.3113421759648
  min: 0.0
  num_samples: 2686
  rmse: 445.5259551175317
  std: 207.38522993640237
