rot:
  max: 29.329010623648315
  mean: 29.329010623648315
  median: 29.329010623648315
  min: 29.329010623648315
  num_samples: 1
  rmse: 29.329010623648315
  std: 0.0
scale:
  max: 5940.080012205378
  mean: 5940.080012205378
  median: 5940.080012205378
  min: 5940.080012205378
  num_samples: 1
  rmse: 5940.080012205378
  std: 0.0
trans:
  max: 445.5259551175317
  mean: 445.5259551175317
  median: 445.5259551175317
  min: 445.5259551175317
  num_samples: 1
  rmse: 445.5259551175317
  std: 0.0
