rot:
  max: 39.2536154575987
  mean: 20.534866635327177
  median: 17.647989829651046
  min: 0.0022886159675024696
  num_samples: 1345
  rmse: 24.188370774653794
  std: 12.782665332451309
scale:
  max: 39973.16292371029
  mean: 167.09247794071877
  median: 10.280345465072626
  min: 0.04532698538549651
  num_samples: 1345
  rmse: 1517.0242227135293
  std: 1507.7939501520812
trans:
  max: 522.3397147561914
  mean: 167.63499644103467
  median: 118.0906327716662
  min: 1.2845623320317398e-07
  num_samples: 1345
  rmse: 228.57730307005627
  std: 155.39012660717742
