rot:
  max: 24.188370774653794
  mean: 24.188370774653794
  median: 24.188370774653794
  min: 24.188370774653794
  num_samples: 1
  rmse: 24.188370774653794
  std: 0.0
scale:
  max: 1517.0242227135293
  mean: 1517.0242227135293
  median: 1517.0242227135293
  min: 1517.0242227135293
  num_samples: 1
  rmse: 1517.0242227135293
  std: 0.0
trans:
  max: 228.57730307005627
  mean: 228.57730307005627
  median: 228.57730307005627
  min: 228.57730307005627
  num_samples: 1
  rmse: 228.57730307005627
  std: 0.0
