rot:
  max: 17.600546871828683
  mean: 8.92370355811383
  median: 6.241863651072817
  min: 0.0
  num_samples: 792
  rmse: 10.601685782950687
  std: 5.723919657658141
scale:
  max: 6119.234812618548
  mean: 131.95915636279634
  median: 5.780085450925826
  min: 0.006575223973070976
  num_samples: 792
  rmse: 486.9780931215447
  std: 468.7584071057446
trans:
  max: 52.11955066729313
  mean: 22.88472892167987
  median: 17.12914711055396
  min: 0.0
  num_samples: 792
  rmse: 27.611408623082628
  std: 15.44924167498426
