rot:
  max: 10.601685782950687
  mean: 10.601685782950687
  median: 10.601685782950687
  min: 10.601685782950687
  num_samples: 1
  rmse: 10.601685782950687
  std: 0.0
scale:
  max: 486.9780931215447
  mean: 486.9780931215447
  median: 486.9780931215447
  min: 486.9780931215447
  num_samples: 1
  rmse: 486.9780931215447
  std: 0.0
trans:
  max: 27.611408623082628
  mean: 27.611408623082628
  median: 27.611408623082628
  min: 27.611408623082628
  num_samples: 1
  rmse: 27.611408623082628
  std: 0.0
