rot:
  max: 24.333598921405848
  mean: 15.104574079001743
  median: 16.183164751621355
  min: 1.1459155902616465e-14
  num_samples: 2095
  rmse: 16.2475838665873
  std: 5.986302982119811
scale:
  max: 104531.70441101676
  mean: 699.5086145001162
  median: 10.740358784981652
  min: 0.006177471078427921
  num_samples: 2095
  rmse: 6632.285426559361
  std: 6595.293600560313
trans:
  max: 507.5473382443838
  mean: 280.7095043313174
  median: 347.4798570520208
  min: 0.0
  num_samples: 2095
  rmse: 324.6288045900805
  std: 163.05224606748217
