rot:
  max: 16.2475838665873
  mean: 16.2475838665873
  median: 16.2475838665873
  min: 16.2475838665873
  num_samples: 1
  rmse: 16.2475838665873
  std: 0.0
scale:
  max: 6632.285426559361
  mean: 6632.285426559361
  median: 6632.285426559361
  min: 6632.285426559361
  num_samples: 1
  rmse: 6632.285426559361
  std: 0.0
trans:
  max: 324.6288045900805
  mean: 324.6288045900805
  median: 324.6288045900805
  min: 324.6288045900805
  num_samples: 1
  rmse: 324.6288045900805
  std: 0.0
