rot:
  max: 12.96820645510535
  mean: 6.953485190108384
  median: 8.74651132588099
  min: 0.0011563767715691445
  num_samples: 535
  rmse: 7.9749078619386475
  std: 3.904894251750518
scale:
  max: 3375844.9481039
  mean: 14615.5887496377
  median: 12.173957751420916
  min: 0.20519548021146194
  num_samples: 535
  rmse: 206148.22919025223
  std: 205629.46521298503
trans:
  max: 36.49380941638584
  mean: 17.391743858846535
  median: 21.757834829735273
  min: 4.0797911805097564e-08
  num_samples: 535
  rmse: 21.52235398183579
  std: 12.678287205601428
