rot:
  max: 7.9749078619386475
  mean: 7.9749078619386475
  median: 7.9749078619386475
  min: 7.9749078619386475
  num_samples: 1
  rmse: 7.9749078619386475
  std: 0.0
scale:
  max: 206148.22919025223
  mean: 206148.22919025223
  median: 206148.22919025223
  min: 206148.22919025223
  num_samples: 1
  rmse: 206148.22919025223
  std: 0.0
trans:
  max: 21.52235398183579
  mean: 21.52235398183579
  median: 21.52235398183579
  min: 21.52235398183579
  num_samples: 1
  rmse: 21.52235398183579
  std: 0.0
