rot:
  max: 13.086180077447699
  mean: 5.42763618405166
  median: 5.022824688394978
  min: 0.0023198233863703107
  num_samples: 2095
  rmse: 5.945873901567153
  std: 2.4277936293907976
scale:
  max: 23102.95451575381
  mean: 150.54372059344118
  median: 1.909356061897849
  min: 0.0006454050555215751
  num_samples: 2095
  rmse: 1462.948992193631
  std: 1455.1825802799608
trans:
  max: 121.17210500630927
  mean: 71.10547137295353
  median: 78.35981751886555
  min: 0.0
  num_samples: 2095
  rmse: 79.87932358976227
  std: 36.39667949123978
