rot:
  max: 5.945873901567153
  mean: 5.945873901567153
  median: 5.945873901567153
  min: 5.945873901567153
  num_samples: 1
  rmse: 5.945873901567153
  std: 0.0
scale:
  max: 1462.948992193631
  mean: 1462.948992193631
  median: 1462.948992193631
  min: 1462.948992193631
  num_samples: 1
  rmse: 1462.948992193631
  std: 0.0
trans:
  max: 79.87932358976227
  mean: 79.87932358976227
  median: 79.87932358976227
  min: 79.87932358976227
  num_samples: 1
  rmse: 79.87932358976227
  std: 0.0
