rot:
  max: 179.90388337807855
  mean: 7.883132751949379
  median: 5.675287692760066
  min: 0.00010127516602241979
  num_samples: 2592
  rmse: 20.105908958415945
  std: 18.496048038952907
scale:
  max: 1227969.5772190748
  mean: 501.38083289634477
  median: 4.4822541081144145
  min: 0.016387145434371142
  num_samples: 2592
  rmse: 24119.78200710516
  std: 24114.57031196447
trans:
  max: 145.4971077948032
  mean: 82.15844280569988
  median: 99.64537394882757
  min: 0.0012280695772190749
  num_samples: 2592
  rmse: 91.61830133667988
  std: 40.54507880817621
