rot:
  max: 20.105908958415945
  mean: 20.105908958415945
  median: 20.105908958415945
  min: 20.105908958415945
  num_samples: 1
  rmse: 20.105908958415945
  std: 0.0
scale:
  max: 24119.78200710516
  mean: 24119.78200710516
  median: 24119.78200710516
  min: 24119.78200710516
  num_samples: 1
  rmse: 24119.78200710516
  std: 0.0
trans:
  max: 91.61830133667988
  mean: 91.61830133667988
  median: 91.61830133667988
  min: 91.61830133667988
  num_samples: 1
  rmse: 91.61830133667988
  std: 0.0
