rot:
  max: 34.306453138788335
  mean: 15.848294675270848
  median: 11.009891495476221
  min: 0.00042243057245074247
  num_samples: 1330
  rmse: 20.14755770462632
  std: 12.440081886668954
scale:
  max: 23085730.07557089
  mean: 28578.19853527848
  median: 8.543608439321172
  min: 0.08262467034505505
  num_samples: 1330
  rmse: 711845.0133037026
  std: 711271.1223814916
trans:
  max: 516.4535350420111
  mean: 151.30050823054012
  median: 113.48819625664585
  min: 9.678172040897828e-08
  num_samples: 1330
  rmse: 209.20386289680403
  std: 144.479799488112
