rot:
  max: 20.14755770462632
  mean: 20.14755770462632
  median: 20.14755770462632
  min: 20.14755770462632
  num_samples: 1
  rmse: 20.14755770462632
  std: 0.0
scale:
  max: 711845.0133037026
  mean: 711845.0133037026
  median: 711845.0133037026
  min: 711845.0133037026
  num_samples: 1
  rmse: 711845.0133037026
  std: 0.0
trans:
  max: 209.20386289680403
  mean: 209.20386289680403
  median: 209.20386289680403
  min: 209.20386289680403
  num_samples: 1
  rmse: 209.20386289680403
  std: 0.0
