rot:
  max: 20.89891218283675
  mean: 20.89891218283675
  median: 20.89891218283675
  min: 20.89891218283675
  num_samples: 1
  rmse: 20.89891218283675
  std: 0.0
scale:
  max: 13498.77935138258
  mean: 13498.77935138258
  median: 13498.77935138258
  min: 13498.77935138258
  num_samples: 1
  rmse: 13498.77935138258
  std: 0.0
trans:
  max: 145.8460658847551
  mean: 145.8460658847551
  median: 145.8460658847551
  min: 145.8460658847551
  num_samples: 1
  rmse: 145.8460658847551
  std: 0.0
