rot:
  max: 174.9305115450131
  mean: 10.026617291577294
  median: 7.604439638346738
  min: 0.03371887288229111
  num_samples: 2592
  rmse: 19.243720611521674
  std: 16.425216244011747
scale:
  max: 1227981.1363360449
  mean: 580.4149374007444
  median: 6.546654036483779
  min: 0.12977461068925944
  num_samples: 2592
  rmse: 24123.01308127788
  std: 24116.029495336625
trans:
  max: 280.34090753460447
  mean: 193.71341105610796
  median: 223.12627918330358
  min: 0.001228081136336045
  num_samples: 2592
  rmse: 208.10294723465069
  std: 76.03914139938169
