rot:
  max: 19.243720611521674
  mean: 19.243720611521674
  median: 19.243720611521674
  min: 19.243720611521674
  num_samples: 1
  rmse: 19.243720611521674
  std: 0.0
scale:
  max: 24123.01308127788
  mean: 24123.01308127788
  median: 24123.01308127788
  min: 24123.01308127788
  num_samples: 1
  rmse: 24123.01308127788
  std: 0.0
trans:
  max: 208.10294723465069
  mean: 208.10294723465069
  median: 208.10294723465069
  min: 208.10294723465069
  num_samples: 1
  rmse: 208.10294723465069
  std: 0.0
