rot:
  max: 62.08693463757386
  mean: 35.812531822143896
  median: 35.30419653053476
  min: 0.0
  num_samples: 2702
  rmse: 39.839648590150865
  std: 17.454517016366882
scale:
  max: 1492291.8945441826
  mean: 1748.889560106594
  median: 20.385951010389714
  min: 0.15433848649695214
  num_samples: 2702
  rmse: 30421.46230591004
  std: 30371.15002986314
trans:
  max: 934.9244073544255
  mean: 554.083414918386
  median: 682.8108355134052
  min: 0.0
  num_samples: 2702
  rmse: 623.9359856289061
  std: 286.85829859896717
