rot:
  max: 39.839648590150865
  mean: 39.839648590150865
  median: 39.839648590150865
  min: 39.839648590150865
  num_samples: 1
  rmse: 39.839648590150865
  std: 0.0
scale:
  max: 30421.46230591004
  mean: 30421.46230591004
  median: 30421.46230591004
  min: 30421.46230591004
  num_samples: 1
  rmse: 30421.46230591004
  std: 0.0
trans:
  max: 623.9359856289061
  mean: 623.9359856289061
  median: 623.9359856289061
  min: 623.9359856289061
  num_samples: 1
  rmse: 623.9359856289061
  std: 0.0
