rot:
  max: 13.995859211046447
  mean: 3.3147440878326098
  median: 3.399829775822207
  min: 0.0006741862031264913
  num_samples: 1330
  rmse: 3.8099978998617217
  std: 1.878445002955766
scale:
  max: 11823396.453366015
  mean: 17073.74364766793
  median: 1.7937251661107878
  min: 0.005694626520980073
  num_samples: 1330
  rmse: 399061.3532272965
  std: 398695.9379244474
trans:
  max: 99.8641528568462
  mean: 37.80695597217176
  median: 45.79354870957718
  min: 0.0
  num_samples: 1330
  rmse: 46.66598947746898
  std: 27.355961946703918
