rot:
  max: 3.8099978998617217
  mean: 3.8099978998617217
  median: 3.8099978998617217
  min: 3.8099978998617217
  num_samples: 1
  rmse: 3.8099978998617217
  std: 0.0
scale:
  max: 399061.3532272965
  mean: 399061.3532272965
  median: 399061.3532272965
  min: 399061.3532272965
  num_samples: 1
  rmse: 399061.3532272965
  std: 0.0
trans:
  max: 46.66598947746898
  mean: 46.66598947746898
  median: 46.66598947746898
  min: 46.66598947746898
  num_samples: 1
  rmse: 46.66598947746898
  std: 0.0
