rot:
  max: 9.98056649022758
  mean: 9.98056649022758
  median: 9.98056649022758
  min: 9.98056649022758
  num_samples: 1
  rmse: 9.98056649022758
  std: 0.0
scale:
  max: 438.69129750211357
  mean: 438.69129750211357
  median: 438.69129750211357
  min: 438.69129750211357
  num_samples: 1
  rmse: 438.69129750211357
  std: 0.0
trans:
  max: 25.602509280695216
  mean: 25.602509280695216
  median: 25.602509280695216
  min: 25.602509280695216
  num_samples: 1
  rmse: 25.602509280695216
  std: 0.0
