rot:
  max: 8.93977191909373
  mean: 2.4187539819307977
  median: 2.8633143558427596
  min: 0.0
  num_samples: 772
  rmse: 2.7319846185343843
  std: 1.27018468373791
scale:
  max: 8011.823320876869
  mean: 195.54539730279993
  median: 10.829646323900754
  min: 0.0026106617317056546
  num_samples: 772
  rmse: 812.5471737486167
  std: 788.6665373657962
trans:
  max: 15.071015732460374
  mean: 8.515617335942885
  median: 11.852762441002747
  min: 0.0
  num_samples: 772
  rmse: 10.224701245006244
  std: 5.659397223858847
