rot:
  max: 2.7319846185343843
  mean: 2.7319846185343843
  median: 2.7319846185343843
  min: 2.7319846185343843
  num_samples: 1
  rmse: 2.7319846185343843
  std: 0.0
scale:
  max: 812.5471737486167
  mean: 812.5471737486167
  median: 812.5471737486167
  min: 812.5471737486167
  num_samples: 1
  rmse: 812.5471737486167
  std: 0.0
trans:
  max: 10.224701245006244
  mean: 10.224701245006244
  median: 10.224701245006244
  min: 10.224701245006244
  num_samples: 1
  rmse: 10.224701245006244
  std: 0.0
