rot:
  max: 30.832169807997435
  mean: 17.718279642624083
  median: 16.811599883165854
  min: 0.0
  num_samples: 2686
  rmse: 19.566540705730446
  std: 8.301330115998258
scale:
  max: 177018.09044305497
  mean: 605.2305266491825
  median: 9.45001614169023
  min: 0.09715788948309045
  num_samples: 2686
  rmse: 5025.020982941066
  std: 4988.439825096614
trans:
  max: 453.45101564074423
  mean: 277.6908085400531
  median: 342.3713866499112
  min: 0.0
  num_samples: 2686
  rmse: 310.8834987728616
  std: 139.7725461656452
