rot:
  max: 19.566540705730446
  mean: 19.566540705730446
  median: 19.566540705730446
  min: 19.566540705730446
  num_samples: 1
  rmse: 19.566540705730446
  std: 0.0
scale:
  max: 5025.020982941066
  mean: 5025.020982941066
  median: 5025.020982941066
  min: 5025.020982941066
  num_samples: 1
  rmse: 5025.020982941066
  std: 0.0
trans:
  max: 310.8834987728616
  mean: 310.8834987728616
  median: 310.8834987728616
  min: 310.8834987728616
  num_samples: 1
  rmse: 310.8834987728616
  std: 0.0
