rot:
  max: 15.46808016306302
  mean: 7.766546168498062
  median: 6.978887484201305
  min: 0.00220490345408711
  num_samples: 1082
  rmse: 8.456227767129937
  std: 3.3449287977724462
scale:
  max: 5627666.859167118
  mean: 5204.680584477804
  median: 3.17682594868568
  min: 0.018409030613297794
  num_samples: 1082
  rmse: 171086.1094646713
  std: 171006.92428019113
trans:
  max: 169.63289714759102
  mean: 79.53339632097621
  median: 82.51421476126785
  min: 1.4310100525831956e-07
  num_samples: 1082
  rmse: 94.43852389880045
  std: 50.92223154806584
