rot:
  max: 8.456227767129937
  mean: 8.456227767129937
  median: 8.456227767129937
  min: 8.456227767129937
  num_samples: 1
  rmse: 8.456227767129937
  std: 0.0
scale:
  max: 171086.1094646713
  mean: 171086.1094646713
  median: 171086.1094646713
  min: 171086.1094646713
  num_samples: 1
  rmse: 171086.1094646713
  std: 0.0
trans:
  max: 94.43852389880045
  mean: 94.43852389880045
  median: 94.43852389880045
  min: 94.43852389880045
  num_samples: 1
  rmse: 94.43852389880045
  std: 0.0
