rot:
  max: 11.030670487361878
  mean: 7.2473742349746715
  median: 9.759577251615411
  min: 0.00014039785329892146
  num_samples: 772
  rmse: 8.236302385595195
  std: 3.913086209782045
scale:
  max: 86179.4514328059
  mean: 594.2334554630534
  median: 39.72129857684614
  min: 0.0005193534687752965
  num_samples: 772
  rmse: 5463.709687306484
  std: 5431.299121533922
trans:
  max: 25.698493593144345
  mean: 13.93846833693562
  median: 16.72200618452019
  min: 0.0
  num_samples: 772
  rmse: 15.653907546904463
  std: 7.124880483718703
