rot:
  max: 8.236302385595195
  mean: 8.236302385595195
  median: 8.236302385595195
  min: 8.236302385595195
  num_samples: 1
  rmse: 8.236302385595195
  std: 0.0
scale:
  max: 5463.709687306484
  mean: 5463.709687306484
  median: 5463.709687306484
  min: 5463.709687306484
  num_samples: 1
  rmse: 5463.709687306484
  std: 0.0
trans:
  max: 15.653907546904463
  mean: 15.653907546904463
  median: 15.653907546904463
  min: 15.653907546904463
  num_samples: 1
  rmse: 15.653907546904463
  std: 0.0
