rot:
  max: 18.15770644571461
  mean: 9.617558149318251
  median: 8.485468007707654
  min: 0.00042243057245074247
  num_samples: 1330
  rmse: 11.453691762063805
  std: 6.2200988918867175
scale:
  max: 23085730.07557089
  mean: 28518.73023032482
  median: 4.416970699576705
  min: 0.031793699123106034
  num_samples: 1330
  rmse: 711844.8693908937
  std: 711273.3652430609
trans:
  max: 255.28741051898774
  mean: 78.42295643291538
  median: 50.77571920365326
  min: 9.678172040897828e-08
  num_samples: 1330
  rmse: 108.41697738359015
  std: 74.86040935845162
