rot:
  max: 11.453691762063805
  mean: 11.453691762063805
  median: 11.453691762063805
  min: 11.453691762063805
  num_samples: 1
  rmse: 11.453691762063805
  std: 0.0
scale:
  max: 711844.8693908937
  mean: 711844.8693908937
  median: 711844.8693908937
  min: 711844.8693908937
  num_samples: 1
  rmse: 711844.8693908937
  std: 0.0
trans:
  max: 108.41697738359015
  mean: 108.41697738359015
  median: 108.41697738359015
  min: 108.41697738359015
  num_samples: 1
  rmse: 108.41697738359015
  std: 0.0
