rot:
  max: 18.505942171299704
  mean: 9.921732854892358
  median: 8.890238375829355
  min: 0.00042243057245074247
  num_samples: 1330
  rmse: 11.838961931321316
  std: 6.459120432955624
scale:
  max: 23102941.59570107
  mean: 28535.232669753364
  median: 4.8052801459531285
  min: 0.03358114821920832
  num_samples: 1330
  rmse: 712310.0214501992
  std: 711738.2293757069
trans:
  max: 280.5190669886473
  mean: 84.89710784410693
  median: 59.824463488312084
  min: 9.678172040897828e-08
  num_samples: 1330
  rmse: 116.53733344462646
  std: 79.83377208982508
