rot:
  max: 11.838961931321316
  mean: 11.838961931321316
  median: 11.838961931321316
  min: 11.838961931321316
  num_samples: 1
  rmse: 11.838961931321316
  std: 0.0
scale:
  max: 712310.0214501992
  mean: 712310.0214501992
  median: 712310.0214501992
  min: 712310.0214501992
  num_samples: 1
  rmse: 712310.0214501992
  std: 0.0
trans:
  max: 116.53733344462646
  mean: 116.53733344462646
  median: 116.53733344462646
  min: 116.53733344462646
  num_samples: 1
  rmse: 116.53733344462646
  std: 0.0
