rot:
  max: 2.376325315742952
  mean: 1.2176626898676393
  median: 1.296365296592819
  min: 5.109599479759417e-05
  num_samples: 1330
  rmse: 1.4064163575671713
  std: 0.7037787610725512
scale:
  max: 2176276.0445006993
  mean: 2830.7426509829033
  median: 1.6374085345441602
  min: 0.009062856812169784
  num_samples: 1330
  rmse: 68765.50521069794
  std: 68707.21652727922
trans:
  max: 52.754933831354066
  mean: 19.11341564466958
  median: 15.211413302523102
  min: 0.0
  num_samples: 1330
  rmse: 24.2005847592132
  std: 14.844044094584278
