rot:
  max: 1.4064163575671713
  mean: 1.4064163575671713
  median: 1.4064163575671713
  min: 1.4064163575671713
  num_samples: 1
  rmse: 1.4064163575671713
  std: 0.0
scale:
  max: 68765.50521069794
  mean: 68765.50521069794
  median: 68765.50521069794
  min: 68765.50521069794
  num_samples: 1
  rmse: 68765.50521069794
  std: 0.0
trans:
  max: 24.2005847592132
  mean: 24.2005847592132
  median: 24.2005847592132
  min: 24.2005847592132
  num_samples: 1
  rmse: 24.2005847592132
  std: 0.0
