rot:
  max: 6.890899420306953
  mean: 2.8259252352494553
  median: 3.7642141176946895
  min: 0.0
  num_samples: 772
  rmse: 3.491556890865131
  std: 2.050637970712553
scale:
  max: 24634.722806107526
  mean: 422.09933197743294
  median: 49.937690181245706
  min: 0.002997452503983311
  num_samples: 772
  rmse: 2102.716743474976
  std: 2059.915012138659
trans:
  max: 25.086559732357827
  mean: 13.369994446233978
  median: 20.415926601732306
  min: 0.0
  num_samples: 772
  rmse: 16.537318741555886
  std: 9.732736494300463
