rot:
  max: 3.491556890865131
  mean: 3.491556890865131
  median: 3.491556890865131
  min: 3.491556890865131
  num_samples: 1
  rmse: 3.491556890865131
  std: 0.0
scale:
  max: 2102.716743474976
  mean: 2102.716743474976
  median: 2102.716743474976
  min: 2102.716743474976
  num_samples: 1
  rmse: 2102.716743474976
  std: 0.0
trans:
  max: 16.537318741555886
  mean: 16.537318741555886
  median: 16.537318741555886
  min: 16.537318741555886
  num_samples: 1
  rmse: 16.537318741555886
  std: 0.0
