rot:
  max: 11.143265163642928
  mean: 6.145769313837769
  median: 5.330880341233742
  min: 0.0
  num_samples: 792
  rmse: 7.07381307277704
  std: 3.5026205803200257
scale:
  max: 80473.5457920929
  mean: 241.32229952931863
  median: 6.570399401960259
  min: 0.08572725035289608
  num_samples: 792
  rmse: 3216.1873209691776
  std: 3207.12089440245
trans:
  max: 29.59828529526979
  mean: 16.498555422964937
  median: 19.440310868983538
  min: 0.0
  num_samples: 792
  rmse: 18.416499583852207
  std: 8.18322221850188
