rot:
  max: 7.07381307277704
  mean: 7.07381307277704
  median: 7.07381307277704
  min: 7.07381307277704
  num_samples: 1
  rmse: 7.07381307277704
  std: 0.0
scale:
  max: 3216.1873209691776
  mean: 3216.1873209691776
  median: 3216.1873209691776
  min: 3216.1873209691776
  num_samples: 1
  rmse: 3216.1873209691776
  std: 0.0
trans:
  max: 18.416499583852207
  mean: 18.416499583852207
  median: 18.416499583852207
  min: 18.416499583852207
  num_samples: 1
  rmse: 18.416499583852207
  std: 0.0
