rot:
  max: 6.141962406563464
  mean: 2.7673206477811076
  median: 3.3055754866073848
  min: 0.00032952400690080326
  num_samples: 535
  rmse: 3.506970358635403
  std: 2.154246394614989
scale:
  max: 2413841.8271348034
  mean: 7700.015669047279
  median: 5.006189786035198
  min: 0.010291256736882914
  num_samples: 535
  rmse: 120121.22544681333
  std: 119874.17804323243
trans:
  max: 26.01075358769307
  mean: 10.084970655033834
  median: 11.04621530241778
  min: 0.0
  num_samples: 535
  rmse: 12.681121559865241
  std: 7.687926307086033
