rot:
  max: 3.506970358635403
  mean: 3.506970358635403
  median: 3.506970358635403
  min: 3.506970358635403
  num_samples: 1
  rmse: 3.506970358635403
  std: 0.0
scale:
  max: 120121.22544681333
  mean: 120121.22544681333
  median: 120121.22544681333
  min: 120121.22544681333
  num_samples: 1
  rmse: 120121.22544681333
  std: 0.0
trans:
  max: 12.681121559865241
  mean: 12.681121559865241
  median: 12.681121559865241
  min: 12.681121559865241
  num_samples: 1
  rmse: 12.681121559865241
  std: 0.0
