rot:
  max: 21.924748852592565
  mean: 10.507582852305237
  median: 7.8025420369554634
  min: 0.0007801794054116189
  num_samples: 1101
  rmse: 12.645341580669879
  std: 7.0352943288649605
scale:
  max: 1075.418366396347
  mean: 7.42657962046201
  median: 3.521337281748793
  min: 0.0032779999321719266
  num_samples: 1101
  rmse: 43.138506022827535
  std: 42.49443042355629
trans:
  max: 221.62381045943823
  mean: 94.07662134331623
  median: 89.3927870103847
  min: 1.2476799491734092e-08
  num_samples: 1101
  rmse: 116.09732665384297
  std: 68.03071786182632
