rot:
  max: 12.645341580669879
  mean: 12.645341580669879
  median: 12.645341580669879
  min: 12.645341580669879
  num_samples: 1
  rmse: 12.645341580669879
  std: 0.0
scale:
  max: 43.138506022827535
  mean: 43.138506022827535
  median: 43.138506022827535
  min: 43.138506022827535
  num_samples: 1
  rmse: 43.138506022827535
  std: 0.0
trans:
  max: 116.09732665384297
  mean: 116.09732665384297
  median: 116.09732665384297
  min: 116.09732665384297
  num_samples: 1
  rmse: 116.09732665384297
  std: 0.0
