rot:
  max: 28.23106506695115
  mean: 15.544316175174707
  median: 13.761888441904201
  min: 0.0
  num_samples: 808
  rmse: 18.28475499639345
  std: 9.62842146586537
scale:
  max: 472177.954236213
  mean: 2704.078922626676
  median: 9.407673646220127
  min: 0.0324407652173786
  num_samples: 808
  rmse: 25367.612520433824
  std: 25223.07915713458
trans:
  max: 86.60200580025251
  mean: 38.40793526875101
  median: 31.390962159011533
  min: 0.0
  num_samples: 808
  rmse: 46.126181363508294
  std: 25.54320096563256
