rot:
  max: 18.28475499639345
  mean: 18.28475499639345
  median: 18.28475499639345
  min: 18.28475499639345
  num_samples: 1
  rmse: 18.28475499639345
  std: 0.0
scale:
  max: 25367.612520433824
  mean: 25367.612520433824
  median: 25367.612520433824
  min: 25367.612520433824
  num_samples: 1
  rmse: 25367.612520433824
  std: 0.0
trans:
  max: 46.126181363508294
  mean: 46.126181363508294
  median: 46.126181363508294
  min: 46.126181363508294
  num_samples: 1
  rmse: 46.126181363508294
  std: 0.0
