rot:
  max: 3.878883461292673
  mean: 1.031865473434872
  median: 0.7150321261476575
  min: 0.0004746431245258161
  num_samples: 1101
  rmse: 1.4779525880332602
  std: 1.0581103426425997
scale:
  max: 13823.080277924504
  mean: 36.76147885764795
  median: 2.3880955466722087
  min: 0.016852420458324247
  num_samples: 1101
  rmse: 604.376563468511
  std: 603.2575106388693
trans:
  max: 45.88191053505759
  mean: 20.886344888935927
  median: 19.773141116585222
  min: 0.0
  num_samples: 1101
  rmse: 24.601134351473217
  std: 12.99909260524194
