rot:
  max: 1.4779525880332602
  mean: 1.4779525880332602
  median: 1.4779525880332602
  min: 1.4779525880332602
  num_samples: 1
  rmse: 1.4779525880332602
  std: 0.0
scale:
  max: 604.376563468511
  mean: 604.376563468511
  median: 604.376563468511
  min: 604.376563468511
  num_samples: 1
  rmse: 604.376563468511
  std: 0.0
trans:
  max: 24.601134351473217
  mean: 24.601134351473217
  median: 24.601134351473217
  min: 24.601134351473217
  num_samples: 1
  rmse: 24.601134351473217
  std: 0.0
