rot:
  max: 9.178650051126338
  mean: 3.7689887802489945
  median: 4.192872952255284
  min: 0.001859648472065016
  num_samples: 550
  rmse: 4.184602240798041
  std: 1.8181362677338535
scale:
  max: 7729.110968338806
  mean: 168.91053799710915
  median: 7.738902451759888
  min: 0.040378913544925066
  num_samples: 550
  rmse: 675.9087153781757
  std: 654.4630025277999
trans:
  max: 31.194019943670913
  mean: 17.360325854251435
  median: 23.510750794758184
  min: 4.283704852832585e-07
  num_samples: 550
  rmse: 21.708982107773252
  std: 13.034530693117734
