rot:
  max: 4.184602240798041
  mean: 4.184602240798041
  median: 4.184602240798041
  min: 4.184602240798041
  num_samples: 1
  rmse: 4.184602240798041
  std: 0.0
scale:
  max: 675.9087153781757
  mean: 675.9087153781757
  median: 675.9087153781757
  min: 675.9087153781757
  num_samples: 1
  rmse: 675.9087153781757
  std: 0.0
trans:
  max: 21.708982107773252
  mean: 21.708982107773252
  median: 21.708982107773252
  min: 21.708982107773252
  num_samples: 1
  rmse: 21.708982107773252
  std: 0.0
