rot:
  max: 10.211577230014624
  mean: 5.316287286623224
  median: 5.405547935541989
  min: 0.0
  num_samples: 772
  rmse: 5.782289519678898
  std: 2.2741947092271384
scale:
  max: 44258.20045893245
  mean: 1060.2055156090016
  median: 9.497257100021194
  min: 0.024814413883700315
  num_samples: 772
  rmse: 4515.563037255376
  std: 4389.336374453346
trans:
  max: 85.43906382950897
  mean: 51.46993909365856
  median: 80.11663630240508
  min: 0.0
  num_samples: 772
  rmse: 63.044127393188155
  std: 36.40614465256676
