rot:
  max: 6.063892744237389
  mean: 2.649526950965533
  median: 2.3000589597615217
  min: 0.00028484216398121505
  num_samples: 535
  rmse: 3.3797039551613106
  std: 2.0981910686685072
scale:
  max: 2557282.951710896
  mean: 8018.40852791088
  median: 7.630727184900987
  min: 0.0630123695348761
  num_samples: 535
  rmse: 126337.56397355389
  std: 126082.85052080377
trans:
  max: 23.398638042771797
  mean: 7.579799106263003
  median: 6.819509941751877
  min: 0.0
  num_samples: 535
  rmse: 9.765298232260779
  std: 6.156922532701712
