rot:
  max: 3.3797039551613106
  mean: 3.3797039551613106
  median: 3.3797039551613106
  min: 3.3797039551613106
  num_samples: 1
  rmse: 3.3797039551613106
  std: 0.0
scale:
  max: 126337.56397355389
  mean: 126337.56397355389
  median: 126337.56397355389
  min: 126337.56397355389
  num_samples: 1
  rmse: 126337.56397355389
  std: 0.0
trans:
  max: 9.765298232260779
  mean: 9.765298232260779
  median: 9.765298232260779
  min: 9.765298232260779
  num_samples: 1
  rmse: 9.765298232260779
  std: 0.0
