rot:
  max: 27.12824935335024
  mean: 27.12824935335024
  median: 27.12824935335024
  min: 27.12824935335024
  num_samples: 1
  rmse: 27.12824935335024
  std: 0.0
scale:
  max: 6269.055466748652
  mean: 6269.055466748652
  median: 6269.055466748652
  min: 6269.055466748652
  num_samples: 1
  rmse: 6269.055466748652
  std: 0.0
trans:
  max: 405.10431009173766
  mean: 405.10431009173766
  median: 405.10431009173766
  min: 405.10431009173766
  num_samples: 1
  rmse: 405.10431009173766
  std: 0.0
