rot:
  max: 15.219844989992817
  mean: 7.810033205078707
  median: 7.393535703486708
  min: 0.0023198233863703107
  num_samples: 2095
  rmse: 8.168519465956349
  std: 2.393343185018778
scale:
  max: 43408.219824521744
  mean: 281.17553007365507
  median: 1.3165474809522237
  min: 0.001632960809927475
  num_samples: 2095
  rmse: 2750.4305566062553
  std: 2736.0205715603074
trans:
  max: 207.86914997395715
  mean: 124.76320053354256
  median: 138.25511271947147
  min: 0.0
  num_samples: 2095
  rmse: 137.16660708474245
  std: 56.99843762566806
