rot:
  max: 8.168519465956349
  mean: 8.168519465956349
  median: 8.168519465956349
  min: 8.168519465956349
  num_samples: 1
  rmse: 8.168519465956349
  std: 0.0
scale:
  max: 2750.4305566062553
  mean: 2750.4305566062553
  median: 2750.4305566062553
  min: 2750.4305566062553
  num_samples: 1
  rmse: 2750.4305566062553
  std: 0.0
trans:
  max: 137.16660708474245
  mean: 137.16660708474245
  median: 137.16660708474245
  min: 137.16660708474245
  num_samples: 1
  rmse: 137.16660708474245
  std: 0.0
