rot:
  max: 176.30607140355735
  mean: 10.701626778678772
  median: 7.847478136754125
  min: 0.033718872882299765
  num_samples: 2592
  rmse: 21.033529248474558
  std: 18.1075823051091
scale:
  max: 1227981.1202201433
  mean: 517.8907299684264
  median: 5.887299386741873
  min: 0.030334001271403732
  num_samples: 2592
  rmse: 24120.333627786866
  std: 24114.77313821464
trans:
  max: 217.3067483762129
  mean: 132.13233330681317
  median: 150.19346255881317
  min: 0.0012280811202201433
  num_samples: 2592
  rmse: 144.7194736893385
  std: 59.03196218843122
