rot:
  max: 21.033529248474558
  mean: 21.033529248474558
  median: 21.033529248474558
  min: 21.033529248474558
  num_samples: 1
  rmse: 21.033529248474558
  std: 0.0
scale:
  max: 24120.333627786866
  mean: 24120.333627786866
  median: 24120.333627786866
  min: 24120.333627786866
  num_samples: 1
  rmse: 24120.333627786866
  std: 0.0
trans:
  max: 144.7194736893385
  mean: 144.7194736893385
  median: 144.7194736893385
  min: 144.7194736893385
  num_samples: 1
  rmse: 144.7194736893385
  std: 0.0
