rot:
  max: 12.024606459208654
  mean: 2.579037277832238
  median: 2.1320686849065273
  min: 0.0005860310670338717
  num_samples: 1101
  rmse: 3.1770956414830254
  std: 1.8553984571196873
scale:
  max: 331.15700950968846
  mean: 4.9613134746138705
  median: 1.219806654505251
  min: 0.004302758346952373
  num_samples: 1101
  rmse: 26.309460364301014
  std: 25.83743550098076
trans:
  max: 64.89275062475048
  mean: 34.09629670402141
  median: 35.70477110476699
  min: 0.0
  num_samples: 1101
  rmse: 40.6045252532409
  std: 22.049263527664973
