rot:
  max: 3.1770956414830254
  mean: 3.1770956414830254
  median: 3.1770956414830254
  min: 3.1770956414830254
  num_samples: 1
  rmse: 3.1770956414830254
  std: 0.0
scale:
  max: 26.309460364301014
  mean: 26.309460364301014
  median: 26.309460364301014
  min: 26.309460364301014
  num_samples: 1
  rmse: 26.309460364301014
  std: 0.0
trans:
  max: 40.6045252532409
  mean: 40.6045252532409
  median: 40.6045252532409
  min: 40.6045252532409
  num_samples: 1
  rmse: 40.6045252532409
  std: 0.0
