rot:
  max: 17.61450777432703
  mean: 9.40513564704749
  median: 13.121678808931437
  min: 0.0006785081735415092
  num_samples: 535
  rmse: 11.619593785346149
  std: 6.82337036933299
scale:
  max: 3152900.0099882293
  mean: 13775.130390994413
  median: 16.45596386325936
  min: 0.06159901748337138
  num_samples: 535
  rmse: 192948.1463319503
  std: 192455.79480921535
trans:
  max: 68.23220170275664
  mean: 28.07068264595629
  median: 25.123217066475213
  min: 3.8474106316268337e-08
  num_samples: 535
  rmse: 36.801396958458355
  std: 23.798730930115497
