rot:
  max: 11.619593785346149
  mean: 11.619593785346149
  median: 11.619593785346149
  min: 11.619593785346149
  num_samples: 1
  rmse: 11.619593785346149
  std: 0.0
scale:
  max: 192948.1463319503
  mean: 192948.1463319503
  median: 192948.1463319503
  min: 192948.1463319503
  num_samples: 1
  rmse: 192948.1463319503
  std: 0.0
trans:
  max: 36.801396958458355
  mean: 36.801396958458355
  median: 36.801396958458355
  min: 36.801396958458355
  num_samples: 1
  rmse: 36.801396958458355
  std: 0.0
