rot:
  max: 43.654767394281734
  mean: 24.873803343608355
  median: 34.161792758346195
  min: 0.0
  num_samples: 772
  rmse: 30.65242686343835
  std: 17.91271000831351
scale:
  max: 80277.96874638447
  mean: 2044.7783816454962
  median: 327.10825801785046
  min: 0.039168661105226654
  num_samples: 772
  rmse: 8170.910989600045
  std: 7910.920791533815
trans:
  max: 172.2320615716869
  mean: 88.36658651831283
  median: 134.2344084832699
  min: 0.0
  num_samples: 772
  rmse: 110.14789271597328
  std: 65.75640392289631
