rot:
  max: 30.65242686343835
  mean: 30.65242686343835
  median: 30.65242686343835
  min: 30.65242686343835
  num_samples: 1
  rmse: 30.65242686343835
  std: 0.0
scale:
  max: 8170.910989600045
  mean: 8170.910989600045
  median: 8170.910989600045
  min: 8170.910989600045
  num_samples: 1
  rmse: 8170.910989600045
  std: 0.0
trans:
  max: 110.14789271597328
  mean: 110.14789271597328
  median: 110.14789271597328
  min: 110.14789271597328
  num_samples: 1
  rmse: 110.14789271597328
  std: 0.0
