rot:
  max: 3.2202300710405085
  mean: 0.7335186137820323
  median: 0.43267271158360554
  min: 0.0003711555293504425
  num_samples: 1101
  rmse: 1.1404779243439713
  std: 0.8732928140957182
scale:
  max: 13900.967251066473
  mean: 36.25976089909668
  median: 1.8413777790480035
  min: 0.010338406682242063
  num_samples: 1101
  rmse: 607.2424043008037
  std: 606.1588631048473
trans:
  max: 31.84617180636897
  mean: 14.69867047404106
  median: 13.266195735418385
  min: 0.0
  num_samples: 1101
  rmse: 17.46025014573844
  std: 9.423875075960664
