rot:
  max: 1.1404779243439713
  mean: 1.1404779243439713
  median: 1.1404779243439713
  min: 1.1404779243439713
  num_samples: 1
  rmse: 1.1404779243439713
  std: 0.0
scale:
  max: 607.2424043008037
  mean: 607.2424043008037
  median: 607.2424043008037
  min: 607.2424043008037
  num_samples: 1
  rmse: 607.2424043008037
  std: 0.0
trans:
  max: 17.46025014573844
  mean: 17.46025014573844
  median: 17.46025014573844
  min: 17.46025014573844
  num_samples: 1
  rmse: 17.46025014573844
  std: 0.0
