rot:
  max: 17.99238699783713
  mean: 11.028525310970101
  median: 10.466454767168049
  min: 0.00212969360678017
  num_samples: 1330
  rmse: 12.382863067807886
  std: 5.630890446578795
scale:
  max: 24519810.477114342
  mean: 30672.190312715054
  median: 4.732589267554155
  min: 0.05892020910971407
  num_samples: 1330
  rmse: 762003.4726877175
  std: 761385.9134036836
trans:
  max: 289.5705941305477
  mean: 98.81988597703236
  median: 84.27429915923918
  min: 9.938361130639345e-08
  num_samples: 1330
  rmse: 127.31006754015743
  std: 80.26508227470879
