rot:
  max: 12.382863067807886
  mean: 12.382863067807886
  median: 12.382863067807886
  min: 12.382863067807886
  num_samples: 1
  rmse: 12.382863067807886
  std: 0.0
scale:
  max: 762003.4726877175
  mean: 762003.4726877175
  median: 762003.4726877175
  min: 762003.4726877175
  num_samples: 1
  rmse: 762003.4726877175
  std: 0.0
trans:
  max: 127.31006754015743
  mean: 127.31006754015743
  median: 127.31006754015743
  min: 127.31006754015743
  num_samples: 1
  rmse: 127.31006754015743
  std: 0.0
