rot:
  max: 18.396513126357842
  mean: 9.80427315305876
  median: 8.74020196831735
  min: 0.00042243057245074247
  num_samples: 1330
  rmse: 11.652476776071909
  std: 6.297336179457658
scale:
  max: 23085730.07557089
  mean: 28518.25798251587
  median: 4.3807972769430155
  min: 0.031793699123106034
  num_samples: 1330
  rmse: 711844.868720832
  std: 711273.3835072287
trans:
  max: 263.2266039418339
  mean: 79.8167996408508
  median: 50.928853888153796
  min: 9.678172040897828e-08
  num_samples: 1330
  rmse: 110.6026939569738
  std: 76.56522974322148
