rot:
  max: 11.652476776071909
  mean: 11.652476776071909
  median: 11.652476776071909
  min: 11.652476776071909
  num_samples: 1
  rmse: 11.652476776071909
  std: 0.0
scale:
  max: 711844.868720832
  mean: 711844.868720832
  median: 711844.868720832
  min: 711844.868720832
  num_samples: 1
  rmse: 711844.868720832
  std: 0.0
trans:
  max: 110.6026939569738
  mean: 110.6026939569738
  median: 110.6026939569738
  min: 110.6026939569738
  num_samples: 1
  rmse: 110.6026939569738
  std: 0.0
