rot:
  max: 19.358804753763096
  mean: 12.039418383468329
  median: 17.055053744072396
  min: 0.002037169356248867
  num_samples: 772
  rmse: 14.012847227074365
  std: 7.170236564934986
scale:
  max: 26205.639888577796
  mean: 678.5206171842801
  median: 64.5385686940053
  min: 0.07559241570489483
  num_samples: 772
  rmse: 2675.052396046607
  std: 2587.569340839112
trans:
  max: 62.35592431894732
  mean: 33.24004580358451
  median: 47.04458615748942
  min: 0.0
  num_samples: 772
  rmse: 39.42278173245476
  std: 21.195638100806793
