rot:
  max: 9.1136449076953
  mean: 2.09963147690316
  median: 1.9327396256654126
  min: 0.00260916829651933
  num_samples: 535
  rmse: 2.471437374224339
  std: 1.3036680390000945
scale:
  max: 2562392.305604331
  mean: 8174.577510546087
  median: 4.494291606930156
  min: 0.00045953364713469114
  num_samples: 535
  rmse: 127006.81397896826
  std: 126743.46957382982
trans:
  max: 9.822133031110582
  mean: 4.404975224628582
  median: 4.566433201549552
  min: 0.0
  num_samples: 535
  rmse: 5.598862704735283
  std: 3.4559306788308217
