rot:
  max: 2.471437374224339
  mean: 2.471437374224339
  median: 2.471437374224339
  min: 2.471437374224339
  num_samples: 1
  rmse: 2.471437374224339
  std: 0.0
scale:
  max: 127006.81397896826
  mean: 127006.81397896826
  median: 127006.81397896826
  min: 127006.81397896826
  num_samples: 1
  rmse: 127006.81397896826
  std: 0.0
trans:
  max: 5.598862704735283
  mean: 5.598862704735283
  median: 5.598862704735283
  min: 5.598862704735283
  num_samples: 1
  rmse: 5.598862704735283
  std: 0.0
