rot:
  max: 82.11008975104227
  mean: 48.17876077381936
  median: 76.81192672806239
  min: 0.00014039785329892146
  num_samples: 772
  rmse: 60.89066363743107
  std: 37.235466003608096
scale:
  max: 410653.1621472348
  mean: 6906.876051283611
  median: 999.8615146426453
  min: 0.02489001568892757
  num_samples: 772
  rmse: 28965.911998984764
  std: 28130.394969589997
trans:
  max: 478.2432851443888
  mean: 257.76235431268833
  median: 410.39024536100356
  min: 0.0
  num_samples: 772
  rmse: 328.5313872689045
  std: 203.6944798466837
