rot:
  max: 60.89066363743107
  mean: 60.89066363743107
  median: 60.89066363743107
  min: 60.89066363743107
  num_samples: 1
  rmse: 60.89066363743107
  std: 0.0
scale:
  max: 28965.911998984764
  mean: 28965.911998984764
  median: 28965.911998984764
  min: 28965.911998984764
  num_samples: 1
  rmse: 28965.911998984764
  std: 0.0
trans:
  max: 328.5313872689045
  mean: 328.5313872689045
  median: 328.5313872689045
  min: 328.5313872689045
  num_samples: 1
  rmse: 328.5313872689045
  std: 0.0
