rot:
  max: 101.99365947216359
  mean: 46.05878503559041
  median: 32.64534939312366
  min: 0.002891555654078782
  num_samples: 1116
  rmse: 57.338053986780906
  std: 34.150267290846706
scale:
  max: 2371.4468521558138
  mean: 35.09528657804911
  median: 10.178624904059376
  min: 0.005384321733714614
  num_samples: 1116
  rmse: 94.34417230002187
  std: 87.57364733172199
trans:
  max: 994.7823572660305
  mean: 409.9785228154768
  median: 381.3401839270253
  min: 1.135894081985687e-08
  num_samples: 1116
  rmse: 521.3057912638668
  std: 321.9896564103975
