rot:
  max: 57.338053986780906
  mean: 57.338053986780906
  median: 57.338053986780906
  min: 57.338053986780906
  num_samples: 1
  rmse: 57.338053986780906
  std: 0.0
scale:
  max: 94.34417230002187
  mean: 94.34417230002187
  median: 94.34417230002187
  min: 94.34417230002187
  num_samples: 1
  rmse: 94.34417230002187
  std: 0.0
trans:
  max: 521.3057912638668
  mean: 521.3057912638668
  median: 521.3057912638668
  min: 521.3057912638668
  num_samples: 1
  rmse: 521.3057912638668
  std: 0.0
