rot:
  max: 27.37961459254541
  mean: 16.441016308969814
  median: 16.435449689994737
  min: 0.0
  num_samples: 2686
  rmse: 18.20678109229452
  std: 7.8217555875213725
scale:
  max: 162619.48837797827
  mean: 514.3921763960983
  median: 9.132138953069202
  min: 0.47032605180705733
  num_samples: 2686
  rmse: 4422.1405437507665
  std: 4392.1210909476085
trans:
  max: 417.6597171212539
  mean: 248.49250408106604
  median: 304.6306474526685
  min: 0.0
  num_samples: 2686
  rmse: 276.6868881546441
  std: 121.68446693075454
