rot:
  max: 35.565376557047145
  mean: 16.1951094706657
  median: 11.566514477709616
  min: 0.0016653275185080497
  num_samples: 1101
  rmse: 19.8299933702463
  std: 11.443210489070205
scale:
  max: 288.1938007680652
  mean: 9.710232089075225
  median: 4.215899908137
  min: 0.001523132079217504
  num_samples: 1101
  rmse: 26.703983727409796
  std: 24.875975150535528
trans:
  max: 326.1624231115975
  mean: 136.0301825878806
  median: 121.28994566302747
  min: 9.29184417226616e-08
  num_samples: 1101
  rmse: 171.36526755873848
  std: 104.22017247436263
