rot:
  max: 19.8299933702463
  mean: 19.8299933702463
  median: 19.8299933702463
  min: 19.8299933702463
  num_samples: 1
  rmse: 19.8299933702463
  std: 0.0
scale:
  max: 26.703983727409796
  mean: 26.703983727409796
  median: 26.703983727409796
  min: 26.703983727409796
  num_samples: 1
  rmse: 26.703983727409796
  std: 0.0
trans:
  max: 171.36526755873848
  mean: 171.36526755873848
  median: 171.36526755873848
  min: 171.36526755873848
  num_samples: 1
  rmse: 171.36526755873848
  std: 0.0
