rot:
  max: 32.73780711230198
  mean: 17.072727693165962
  median: 15.652758343235963
  min: 1.1459155902616465e-14
  num_samples: 2095
  rmse: 19.28903243931995
  std: 8.977123234095727
scale:
  max: 119311.56846416536
  mean: 800.273219305723
  median: 11.543978779611397
  min: 0.013325984355150311
  num_samples: 2095
  rmse: 7571.189183251428
  std: 7528.776024231661
trans:
  max: 508.7266532938267
  mean: 277.3418887406452
  median: 344.27438889725266
  min: 0.0
  num_samples: 2095
  rmse: 322.96046582822174
  std: 165.4839546232612
