rot:
  max: 19.28903243931995
  mean: 19.28903243931995
  median: 19.28903243931995
  min: 19.28903243931995
  num_samples: 1
  rmse: 19.28903243931995
  std: 0.0
scale:
  max: 7571.189183251428
  mean: 7571.189183251428
  median: 7571.189183251428
  min: 7571.189183251428
  num_samples: 1
  rmse: 7571.189183251428
  std: 0.0
trans:
  max: 322.96046582822174
  mean: 322.96046582822174
  median: 322.96046582822174
  min: 322.96046582822174
  num_samples: 1
  rmse: 322.96046582822174
  std: 0.0
