rot:
  max: 13.562127633471738
  mean: 3.2382832198399507
  median: 3.2500606048012664
  min: 0.0006741862031264913
  num_samples: 1330
  rmse: 3.73594933139066
  std: 1.863018839094582
scale:
  max: 11823396.453366015
  mean: 17079.36062770608
  median: 2.5104556761821217
  min: 0.0018705139575136975
  num_samples: 1330
  rmse: 399061.35879556724
  std: 398695.70291679
trans:
  max: 109.33665933029555
  mean: 47.986704444775896
  median: 56.708392615618045
  min: 0.0
  num_samples: 1330
  rmse: 58.160285089722386
  std: 32.86175525207852
