rot:
  max: 3.73594933139066
  mean: 3.73594933139066
  median: 3.73594933139066
  min: 3.73594933139066
  num_samples: 1
  rmse: 3.73594933139066
  std: 0.0
scale:
  max: 399061.35879556724
  mean: 399061.35879556724
  median: 399061.35879556724
  min: 399061.35879556724
  num_samples: 1
  rmse: 399061.35879556724
  std: 0.0
trans:
  max: 58.160285089722386
  mean: 58.160285089722386
  median: 58.160285089722386
  min: 58.160285089722386
  num_samples: 1
  rmse: 58.160285089722386
  std: 0.0
