rot:
  max: 4.687945156745167
  mean: 2.4323253882549576
  median: 2.690482126023487
  min: 0.00016122290739021877
  num_samples: 2095
  rmse: 2.703759817071558
  std: 1.1807245038793748
scale:
  max: 10959.102430127547
  mean: 60.4647873078518
  median: 2.4045915444219412
  min: 0.020655087309917608
  num_samples: 2095
  rmse: 571.0551078339677
  std: 567.8450014564545
trans:
  max: 72.62362800982172
  mean: 45.68105204938491
  median: 49.63398603484525
  min: 0.0
  num_samples: 2095
  rmse: 50.59438013568751
  std: 21.749316885268783
