rot:
  max: 2.703759817071558
  mean: 2.703759817071558
  median: 2.703759817071558
  min: 2.703759817071558
  num_samples: 1
  rmse: 2.703759817071558
  std: 0.0
scale:
  max: 571.0551078339677
  mean: 571.0551078339677
  median: 571.0551078339677
  min: 571.0551078339677
  num_samples: 1
  rmse: 571.0551078339677
  std: 0.0
trans:
  max: 50.59438013568751
  mean: 50.59438013568751
  median: 50.59438013568751
  min: 50.59438013568751
  num_samples: 1
  rmse: 50.59438013568751
  std: 0.0
