rot:
  max: 18.705337521759336
  mean: 10.326783462877332
  median: 8.537420939968678
  min: 0.0016653275185080497
  num_samples: 1101
  rmse: 11.502027125070123
  std: 5.064994698584802
scale:
  max: 288.19372804930293
  mean: 7.255560747370594
  median: 3.686349854141535
  min: 0.012829582572537745
  num_samples: 1101
  rmse: 24.47520953323117
  std: 23.375044811439075
trans:
  max: 219.65662746488755
  mean: 99.73341840992065
  median: 105.2972679546153
  min: 9.29184417226616e-08
  num_samples: 1101
  rmse: 119.82200317498635
  std: 66.41202976222108
