rot:
  max: 18.509076771489145
  mean: 9.403647374300167
  median: 7.4299182294542
  min: 0.0007801794054116189
  num_samples: 1101
  rmse: 11.083425309219743
  std: 5.866321900890738
scale:
  max: 1075.418366396347
  mean: 7.463165455960109
  median: 3.8248587078136387
  min: 0.002476718342625528
  num_samples: 1101
  rmse: 43.092618416003745
  std: 42.44142932706519
trans:
  max: 209.958489546494
  mean: 87.55678902687157
  median: 85.0659434076902
  min: 1.2476799491734092e-08
  num_samples: 1101
  rmse: 107.5300863342997
  std: 62.422176847382126
