rot:
  max: 11.083425309219743
  mean: 11.083425309219743
  median: 11.083425309219743
  min: 11.083425309219743
  num_samples: 1
  rmse: 11.083425309219743
  std: 0.0
scale:
  max: 43.092618416003745
  mean: 43.092618416003745
  median: 43.092618416003745
  min: 43.092618416003745
  num_samples: 1
  rmse: 43.092618416003745
  std: 0.0
trans:
  max: 107.5300863342997
  mean: 107.5300863342997
  median: 107.5300863342997
  min: 107.5300863342997
  num_samples: 1
  rmse: 107.5300863342997
  std: 0.0
