rot:
  max: 7.289756053382107
  mean: 4.253063221710514
  median: 5.070773145160105
  min: 0.00028484216398121505
  num_samples: 535
  rmse: 5.043429619483007
  std: 2.7106522386340686
scale:
  max: 2557282.951710896
  mean: 7999.873115120924
  median: 3.344332446554832
  min: 0.009696309615292442
  num_samples: 535
  rmse: 126337.5113265704
  std: 126083.97518453037
trans:
  max: 31.413209550891292
  mean: 7.804097748524995
  median: 3.908073281352852
  min: 0.0
  num_samples: 535
  rmse: 11.894987879083072
  std: 8.977014814235314
