rot:
  max: 5.043429619483007
  mean: 5.043429619483007
  median: 5.043429619483007
  min: 5.043429619483007
  num_samples: 1
  rmse: 5.043429619483007
  std: 0.0
scale:
  max: 126337.5113265704
  mean: 126337.5113265704
  median: 126337.5113265704
  min: 126337.5113265704
  num_samples: 1
  rmse: 126337.5113265704
  std: 0.0
trans:
  max: 11.894987879083072
  mean: 11.894987879083072
  median: 11.894987879083072
  min: 11.894987879083072
  num_samples: 1
  rmse: 11.894987879083072
  std: 0.0
