rot:
  max: 16.39260343722704
  mean: 6.993713811130791
  median: 6.944068312846591
  min: 0.0016653275185080497
  num_samples: 1101
  rmse: 7.3723105750278135
  std: 2.332151440765663
scale:
  max: 288.1865500329191
  mean: 6.671080898239972
  median: 3.468660051737915
  min: 0.07422842298014931
  num_samples: 1101
  rmse: 24.237924290769318
  std: 23.301795071929607
trans:
  max: 204.07502362367873
  mean: 89.34160876870135
  median: 72.6865679483491
  min: 9.29184417226616e-08
  num_samples: 1101
  rmse: 109.34920774440752
  std: 63.050187763002725
