rot:
  max: 7.3723105750278135
  mean: 7.3723105750278135
  median: 7.3723105750278135
  min: 7.3723105750278135
  num_samples: 1
  rmse: 7.3723105750278135
  std: 0.0
scale:
  max: 24.237924290769318
  mean: 24.237924290769318
  median: 24.237924290769318
  min: 24.237924290769318
  num_samples: 1
  rmse: 24.237924290769318
  std: 0.0
trans:
  max: 109.34920774440752
  mean: 109.34920774440752
  median: 109.34920774440752
  min: 109.34920774440752
  num_samples: 1
  rmse: 109.34920774440752
  std: 0.0
