rot:
  max: 22.20722778310382
  mean: 14.033431751351475
  median: 14.457161565619241
  min: 0.0
  num_samples: 2686
  rmse: 15.40650261080395
  std: 6.357917581792737
scale:
  max: 125158.40924410663
  mean: 396.18420666320554
  median: 7.632542472065729
  min: 0.1011373953515915
  num_samples: 2686
  rmse: 3400.2944339517408
  std: 3377.134926524825
trans:
  max: 362.82901933465524
  mean: 212.58731291547238
  median: 248.0145215757163
  min: 0.0
  num_samples: 2686
  rmse: 236.43814804427683
  std: 103.48735303401283
