rot:
  max: 15.40650261080395
  mean: 15.40650261080395
  median: 15.40650261080395
  min: 15.40650261080395
  num_samples: 1
  rmse: 15.40650261080395
  std: 0.0
scale:
  max: 3400.2944339517408
  mean: 3400.2944339517408
  median: 3400.2944339517408
  min: 3400.2944339517408
  num_samples: 1
  rmse: 3400.2944339517408
  std: 0.0
trans:
  max: 236.43814804427683
  mean: 236.43814804427683
  median: 236.43814804427683
  min: 236.43814804427683
  num_samples: 1
  rmse: 236.43814804427683
  std: 0.0
