rot:
  max: 14.700532687490341
  mean: 3.676251498023742
  median: 3.5195553805711857
  min: 0.001030879990381007
  num_samples: 1116
  rmse: 4.19251394450364
  std: 2.0155267545075324
scale:
  max: 136.1167152294809
  mean: 4.3263863504489795
  median: 1.790552777199561
  min: 0.05137056560016173
  num_samples: 1116
  rmse: 14.971983944121849
  std: 14.333271935245323
trans:
  max: 121.18424603571387
  mean: 55.947129397700195
  median: 53.52116299830108
  min: 0.0
  num_samples: 1116
  rmse: 67.91590382336274
  std: 38.503099931060724
