rot:
  max: 4.19251394450364
  mean: 4.19251394450364
  median: 4.19251394450364
  min: 4.19251394450364
  num_samples: 1
  rmse: 4.19251394450364
  std: 0.0
scale:
  max: 14.971983944121849
  mean: 14.971983944121849
  median: 14.971983944121849
  min: 14.971983944121849
  num_samples: 1
  rmse: 14.971983944121849
  std: 0.0
trans:
  max: 67.91590382336274
  mean: 67.91590382336274
  median: 67.91590382336274
  min: 67.91590382336274
  num_samples: 1
  rmse: 67.91590382336274
  std: 0.0
