rot:
  max: 8.449744943623875
  mean: 3.1617705874563633
  median: 2.929304215495975
  min: 0.0023198233863703107
  num_samples: 2095
  rmse: 3.4857949575564775
  std: 1.467642067543041
scale:
  max: 17529.961131815715
  mean: 110.61097016829922
  median: 0.6057638695405876
  min: 0.00012910568223389873
  num_samples: 2095
  rmse: 1108.3213280730392
  std: 1102.7880029906082
trans:
  max: 80.61208993514266
  mean: 46.66150545993077
  median: 55.88008496719485
  min: 0.0
  num_samples: 2095
  rmse: 53.588574702503614
  std: 26.352215217295512
