rot:
  max: 3.4857949575564775
  mean: 3.4857949575564775
  median: 3.4857949575564775
  min: 3.4857949575564775
  num_samples: 1
  rmse: 3.4857949575564775
  std: 0.0
scale:
  max: 1108.3213280730392
  mean: 1108.3213280730392
  median: 1108.3213280730392
  min: 1108.3213280730392
  num_samples: 1
  rmse: 1108.3213280730392
  std: 0.0
trans:
  max: 53.588574702503614
  mean: 53.588574702503614
  median: 53.588574702503614
  min: 53.588574702503614
  num_samples: 1
  rmse: 53.588574702503614
  std: 0.0
