rot:
  max: 30.989111125213633
  mean: 17.810789514284664
  median: 16.89495584785372
  min: 0.0
  num_samples: 2686
  rmse: 19.663672783536608
  std: 8.332814903491247
scale:
  max: 185742.15873698116
  mean: 635.3356017619795
  median: 9.38261279457282
  min: 0.47192805539368887
  num_samples: 2686
  rmse: 5273.617722303458
  std: 5235.2070211336295
trans:
  max: 447.5859182875835
  mean: 278.51237600947195
  median: 339.0883518462487
  min: 0.0
  num_samples: 2686
  rmse: 311.5066275085654
  std: 139.5250349984496
