rot:
  max: 19.663672783536608
  mean: 19.663672783536608
  median: 19.663672783536608
  min: 19.663672783536608
  num_samples: 1
  rmse: 19.663672783536608
  std: 0.0
scale:
  max: 5273.617722303458
  mean: 5273.617722303458
  median: 5273.617722303458
  min: 5273.617722303458
  num_samples: 1
  rmse: 5273.617722303458
  std: 0.0
trans:
  max: 311.5066275085654
  mean: 311.5066275085654
  median: 311.5066275085654
  min: 311.5066275085654
  num_samples: 1
  rmse: 311.5066275085654
  std: 0.0
