rot:
  max: 16.991636574519898
  mean: 8.570500213911668
  median: 6.6602086656085
  min: 0.0007801794054116189
  num_samples: 1101
  rmse: 10.207820484795175
  std: 5.544918857219109
scale:
  max: 1075.418366396347
  mean: 6.9704713493056545
  median: 3.444705893308053
  min: 0.02593405768345214
  num_samples: 1101
  rmse: 42.99299415382814
  std: 42.42416853020941
trans:
  max: 188.1735023916845
  mean: 79.02386003470511
  median: 76.29294187488091
  min: 1.2476799491734092e-08
  num_samples: 1101
  rmse: 96.98940884460859
  std: 56.23321948138817
