rot:
  max: 175.01986248572558
  mean: 12.103047025989655
  median: 9.088192401394286
  min: 0.0029522144394527328
  num_samples: 2592
  rmse: 24.19340185979457
  std: 20.948435412607648
scale:
  max: 1227967.965611622
  mean: 555.2659258914362
  median: 7.321973351156663
  min: 0.14369642563766272
  num_samples: 2592
  rmse: 24121.266977888878
  std: 24114.875085103315
trans:
  max: 248.6026188131216
  mean: 144.2565608360214
  median: 166.3428610752402
  min: 0.001228067965611622
  num_samples: 2592
  rmse: 161.37431992807268
  std: 72.33060063355758
