rot:
  max: 15.382608120056208
  mean: 7.447592118784891
  median: 7.198625310746131
  min: 0.00212969360678017
  num_samples: 1330
  rmse: 8.284831787031521
  std: 3.629298743782479
scale:
  max: 24519810.477114342
  mean: 30662.058041233176
  median: 3.2725460419230856
  min: 0.0066379986915388045
  num_samples: 1330
  rmse: 762003.4611258159
  std: 761386.3099402289
trans:
  max: 204.89604882795734
  mean: 72.37373253958587
  median: 75.3504656993695
  min: 9.938361130639345e-08
  num_samples: 1330
  rmse: 91.27825479654035
  std: 55.62160225119942
