rot:
  max: 8.284831787031521
  mean: 8.284831787031521
  median: 8.284831787031521
  min: 8.284831787031521
  num_samples: 1
  rmse: 8.284831787031521
  std: 0.0
scale:
  max: 762003.4611258159
  mean: 762003.4611258159
  median: 762003.4611258159
  min: 762003.4611258159
  num_samples: 1
  rmse: 762003.4611258159
  std: 0.0
trans:
  max: 91.27825479654035
  mean: 91.27825479654035
  median: 91.27825479654035
  min: 91.27825479654035
  num_samples: 1
  rmse: 91.27825479654035
  std: 0.0
