rot:
  max: 14.877925476781519
  mean: 7.3441397781074365
  median: 10.949033083336325
  min: 0.00028484216398121505
  num_samples: 535
  rmse: 9.406915710573974
  std: 5.8782373298007915
scale:
  max: 2557282.951710896
  mean: 8384.63668535561
  median: 49.11884332105806
  min: 0.007026623454242653
  num_samples: 535
  rmse: 126347.3200778557
  std: 126068.80327230325
trans:
  max: 77.57247469764059
  mean: 32.69897396737006
  median: 12.874288125098564
  min: 0.0
  num_samples: 535
  rmse: 45.376303785316374
  std: 31.460865320244643
