rot:
  max: 9.406915710573974
  mean: 9.406915710573974
  median: 9.406915710573974
  min: 9.406915710573974
  num_samples: 1
  rmse: 9.406915710573974
  std: 0.0
scale:
  max: 126347.3200778557
  mean: 126347.3200778557
  median: 126347.3200778557
  min: 126347.3200778557
  num_samples: 1
  rmse: 126347.3200778557
  std: 0.0
trans:
  max: 45.376303785316374
  mean: 45.376303785316374
  median: 45.376303785316374
  min: 45.376303785316374
  num_samples: 1
  rmse: 45.376303785316374
  std: 0.0
