rot:
  max: 12.105166440404995
  mean: 2.1309732869707774
  median: 1.497587905541656
  min: 0.0
  num_samples: 792
  rmse: 3.2444348260066858
  std: 2.4464893603737563
scale:
  max: 95045.45683651343
  mean: 250.58738142538223
  median: 5.334701467527086
  min: 0.024506079196406905
  num_samples: 792
  rmse: 3825.7004882312385
  std: 3817.4847989118575
trans:
  max: 14.78336380919524
  mean: 7.679343176126803
  median: 6.634993252679431
  min: 0.0
  num_samples: 792
  rmse: 8.791480229347261
  std: 4.2799314254177565
