rot:
  max: 3.2444348260066858
  mean: 3.2444348260066858
  median: 3.2444348260066858
  min: 3.2444348260066858
  num_samples: 1
  rmse: 3.2444348260066858
  std: 0.0
scale:
  max: 3825.7004882312385
  mean: 3825.7004882312385
  median: 3825.7004882312385
  min: 3825.7004882312385
  num_samples: 1
  rmse: 3825.7004882312385
  std: 0.0
trans:
  max: 8.791480229347261
  mean: 8.791480229347261
  median: 8.791480229347261
  min: 8.791480229347261
  num_samples: 1
  rmse: 8.791480229347261
  std: 0.0
