rot:
  max: 119.61620464167456
  mean: 59.293649941568695
  median: 111.90978071247329
  min: 0.00028484216398121505
  num_samples: 535
  rmse: 81.83316098322256
  std: 56.39972795247094
scale:
  max: 2557282.951710896
  mean: 11779.07331814901
  median: 92.10064049150253
  min: 0.020897934836017207
  num_samples: 535
  rmse: 127138.62016176776
  std: 126591.79344809019
trans:
  max: 674.3621360554349
  mean: 283.40197901052596
  median: 228.9857961161344
  min: 0.0
  num_samples: 535
  rmse: 404.86030303311486
  std: 289.12831626283685
