rot:
  max: 81.83316098322256
  mean: 81.83316098322256
  median: 81.83316098322256
  min: 81.83316098322256
  num_samples: 1
  rmse: 81.83316098322256
  std: 0.0
scale:
  max: 127138.62016176776
  mean: 127138.62016176776
  median: 127138.62016176776
  min: 127138.62016176776
  num_samples: 1
  rmse: 127138.62016176776
  std: 0.0
trans:
  max: 404.86030303311486
  mean: 404.86030303311486
  median: 404.86030303311486
  min: 404.86030303311486
  num_samples: 1
  rmse: 404.86030303311486
  std: 0.0
