rot:
  max: 5.420060275100155
  mean: 1.2570318224000194
  median: 0.628483980659281
  min: 0.00032436096708405394
  num_samples: 1101
  rmse: 2.00916652876755
  std: 1.5673612020825112
scale:
  max: 13823.080277924504
  mean: 35.96429562691053
  median: 1.8394179778079334
  min: 0.000816008791781897
  num_samples: 1101
  rmse: 604.3737169152847
  std: 603.3027093740395
trans:
  max: 35.164025166185176
  mean: 16.48311984042794
  median: 16.057335237520252
  min: 0.0
  num_samples: 1101
  rmse: 19.526054386696647
  std: 10.467739022268672
