rot:
  max: 2.00916652876755
  mean: 2.00916652876755
  median: 2.00916652876755
  min: 2.00916652876755
  num_samples: 1
  rmse: 2.00916652876755
  std: 0.0
scale:
  max: 604.3737169152847
  mean: 604.3737169152847
  median: 604.3737169152847
  min: 604.3737169152847
  num_samples: 1
  rmse: 604.3737169152847
  std: 0.0
trans:
  max: 19.526054386696647
  mean: 19.526054386696647
  median: 19.526054386696647
  min: 19.526054386696647
  num_samples: 1
  rmse: 19.526054386696647
  std: 0.0
