rot:
  max: 9.554861059219048
  mean: 9.554861059219048
  median: 9.554861059219048
  min: 9.554861059219048
  num_samples: 1
  rmse: 9.554861059219048
  std: 0.0
scale:
  max: 42.891172456704936
  mean: 42.891172456704936
  median: 42.891172456704936
  min: 42.891172456704936
  num_samples: 1
  rmse: 42.891172456704936
  std: 0.0
trans:
  max: 96.84123011218642
  mean: 96.84123011218642
  median: 96.84123011218642
  min: 96.84123011218642
  num_samples: 1
  rmse: 96.84123011218642
  std: 0.0
