rot:
  max: 140.71315311356526
  mean: 68.27387873164764
  median: 126.72074002949606
  min: 0.00028484216398121505
  num_samples: 535
  rmse: 94.50509854533763
  std: 65.34440399912027
scale:
  max: 2557282.951710896
  mean: 11986.520521678774
  median: 98.13326591381384
  min: 0.009507704457578647
  num_samples: 535
  rmse: 127228.00228647506
  std: 126662.10124417912
trans:
  max: 712.828640644107
  mean: 298.8802058865765
  median: 238.05768519269935
  min: 0.0
  num_samples: 535
  rmse: 427.012872362354
  std: 304.9764182561427
