rot:
  max: 94.50509854533763
  mean: 94.50509854533763
  median: 94.50509854533763
  min: 94.50509854533763
  num_samples: 1
  rmse: 94.50509854533763
  std: 0.0
scale:
  max: 127228.00228647506
  mean: 127228.00228647506
  median: 127228.00228647506
  min: 127228.00228647506
  num_samples: 1
  rmse: 127228.00228647506
  std: 0.0
trans:
  max: 427.012872362354
  mean: 427.012872362354
  median: 427.012872362354
  min: 427.012872362354
  num_samples: 1
  rmse: 427.012872362354
  std: 0.0
