rot:
  max: 20.60755269328345
  mean: 20.60755269328345
  median: 20.60755269328345
  min: 20.60755269328345
  num_samples: 1
  rmse: 20.60755269328345
  std: 0.0
scale:
  max: 24119.921695804132
  mean: 24119.921695804132
  median: 24119.921695804132
  min: 24119.921695804132
  num_samples: 1
  rmse: 24119.921695804132
  std: 0.0
trans:
  max: 123.22861522095721
  mean: 123.22861522095721
  median: 123.22861522095721
  min: 123.22861522095721
  num_samples: 1
  rmse: 123.22861522095721
  std: 0.0
