rot:
  max: 3.703080461638854
  mean: 3.703080461638854
  median: 3.703080461638854
  min: 3.703080461638854
  num_samples: 1
  rmse: 3.703080461638854
  std: 0.0
scale:
  max: 399061.35831431125
  mean: 399061.35831431125
  median: 399061.35831431125
  min: 399061.35831431125
  num_samples: 1
  rmse: 399061.35831431125
  std: 0.0
trans:
  max: 50.80450332614096
  mean: 50.80450332614096
  median: 50.80450332614096
  min: 50.80450332614096
  num_samples: 1
  rmse: 50.80450332614096
  std: 0.0
