rot:
  max: 16.290161822466448
  mean: 8.592345275766375
  median: 7.815780329220466
  min: 0.000869411600468224
  num_samples: 1311
  rmse: 9.80574248535706
  std: 4.724847971221053
scale:
  max: 3027.2999945230504
  mean: 25.478438797152954
  median: 4.046729168908403
  min: 0.020742485696745305
  num_samples: 1311
  rmse: 156.8244052922484
  std: 154.7408906906223
trans:
  max: 209.90140480216144
  mean: 80.18839455486932
  median: 82.92671926077325
  min: 6.282971232067328e-08
  num_samples: 1311
  rmse: 100.88703617826133
  std: 61.22103762226198
