rot:
  max: 9.80574248535706
  mean: 9.80574248535706
  median: 9.80574248535706
  min: 9.80574248535706
  num_samples: 1
  rmse: 9.80574248535706
  std: 0.0
scale:
  max: 156.8244052922484
  mean: 156.8244052922484
  median: 156.8244052922484
  min: 156.8244052922484
  num_samples: 1
  rmse: 156.8244052922484
  std: 0.0
trans:
  max: 100.88703617826133
  mean: 100.88703617826133
  median: 100.88703617826133
  min: 100.88703617826133
  num_samples: 1
  rmse: 100.88703617826133
  std: 0.0
