rot:
  max: 108.00016755982215
  mean: 108.00016755982215
  median: 108.00016755982215
  min: 108.00016755982215
  num_samples: 1
  rmse: 108.00016755982215
  std: 0.0
scale:
  max: 42670.07022943869
  mean: 42670.07022943869
  median: 42670.07022943869
  min: 42670.07022943869
  num_samples: 1
  rmse: 42670.07022943869
  std: 0.0
trans:
  max: 485.81977362181044
  mean: 485.81977362181044
  median: 485.81977362181044
  min: 485.81977362181044
  num_samples: 1
  rmse: 485.81977362181044
  std: 0.0
