rot:
  max: 18.170866840033028
  mean: 11.906457281788045
  median: 13.172846781160494
  min: 1.1459155902616465e-14
  num_samples: 2095
  rmse: 12.522297812982284
  std: 3.878687602008874
scale:
  max: 55563.55300492156
  mean: 371.92433546009727
  median: 9.236081572733724
  min: 0.014687080927755503
  num_samples: 2095
  rmse: 3523.1672296505085
  std: 3503.4810712740837
trans:
  max: 441.03814792210795
  mean: 239.6694335735823
  median: 244.17453124799596
  min: 0.0
  num_samples: 2095
  rmse: 274.26399446676425
  std: 133.33904631196197
