rot:
  max: 12.522297812982284
  mean: 12.522297812982284
  median: 12.522297812982284
  min: 12.522297812982284
  num_samples: 1
  rmse: 12.522297812982284
  std: 0.0
scale:
  max: 3523.1672296505085
  mean: 3523.1672296505085
  median: 3523.1672296505085
  min: 3523.1672296505085
  num_samples: 1
  rmse: 3523.1672296505085
  std: 0.0
trans:
  max: 274.26399446676425
  mean: 274.26399446676425
  median: 274.26399446676425
  min: 274.26399446676425
  num_samples: 1
  rmse: 274.26399446676425
  std: 0.0
