rot:
  max: 20.793020041378405
  mean: 12.16382008242291
  median: 12.024174537710971
  min: 0.00212969360678017
  num_samples: 1330
  rmse: 13.884203745473904
  std: 6.694220988903544
scale:
  max: 24519810.477114342
  mean: 30683.68761274177
  median: 6.064347329023878
  min: 0.06173884898589277
  num_samples: 1330
  rmse: 762003.4913994485
  std: 761385.4688785656
trans:
  max: 292.61721110102906
  mean: 108.82827409755004
  median: 99.31679324596124
  min: 9.938361130639345e-08
  num_samples: 1330
  rmse: 140.8677660185115
  std: 89.44346963302925
