rot:
  max: 13.884203745473904
  mean: 13.884203745473904
  median: 13.884203745473904
  min: 13.884203745473904
  num_samples: 1
  rmse: 13.884203745473904
  std: 0.0
scale:
  max: 762003.4913994485
  mean: 762003.4913994485
  median: 762003.4913994485
  min: 762003.4913994485
  num_samples: 1
  rmse: 762003.4913994485
  std: 0.0
trans:
  max: 140.8677660185115
  mean: 140.8677660185115
  median: 140.8677660185115
  min: 140.8677660185115
  num_samples: 1
  rmse: 140.8677660185115
  std: 0.0
