rot:
  max: 175.00407139953612
  mean: 8.088640244910732
  median: 5.57518078840435
  min: 0.0006753148437301834
  num_samples: 2592
  rmse: 18.76379807686637
  std: 16.9308599089894
scale:
  max: 1227967.965611622
  mean: 523.9779224680437
  median: 4.536328031388148
  min: 0.17864515092747002
  num_samples: 2592
  rmse: 24120.215720605072
  std: 24114.523705544965
trans:
  max: 156.22400701539763
  mean: 89.44150188253352
  median: 90.76329926690964
  min: 0.001228067965611622
  num_samples: 2592
  rmse: 101.45709380931437
  std: 47.893210638135045
