rot:
  max: 18.76379807686637
  mean: 18.76379807686637
  median: 18.76379807686637
  min: 18.76379807686637
  num_samples: 1
  rmse: 18.76379807686637
  std: 0.0
scale:
  max: 24120.215720605072
  mean: 24120.215720605072
  median: 24120.215720605072
  min: 24120.215720605072
  num_samples: 1
  rmse: 24120.215720605072
  std: 0.0
trans:
  max: 101.45709380931437
  mean: 101.45709380931437
  median: 101.45709380931437
  min: 101.45709380931437
  num_samples: 1
  rmse: 101.45709380931437
  std: 0.0
