rot:
  max: 25.477233471769043
  mean: 15.913108323307554
  median: 16.307978318808143
  min: 0.0
  num_samples: 2686
  rmse: 17.54215114868763
  std: 7.382414944588429
scale:
  max: 145332.29186235726
  mean: 460.7595530532594
  median: 8.92236843536115
  min: 0.10017199660338205
  num_samples: 2686
  rmse: 3950.7467595090197
  std: 3923.786512036706
trans:
  max: 415.78774845406014
  mean: 243.9760300324607
  median: 286.6922770468743
  min: 0.0
  num_samples: 2686
  rmse: 272.0953774549236
  std: 120.46406601944487
