rot:
  max: 17.54215114868763
  mean: 17.54215114868763
  median: 17.54215114868763
  min: 17.54215114868763
  num_samples: 1
  rmse: 17.54215114868763
  std: 0.0
scale:
  max: 3950.7467595090197
  mean: 3950.7467595090197
  median: 3950.7467595090197
  min: 3950.7467595090197
  num_samples: 1
  rmse: 3950.7467595090197
  std: 0.0
trans:
  max: 272.0953774549236
  mean: 272.0953774549236
  median: 272.0953774549236
  min: 272.0953774549236
  num_samples: 1
  rmse: 272.0953774549236
  std: 0.0
