rot:
  max: 45.14168798617085
  mean: 25.320487079064694
  median: 37.64465923878046
  min: 0.0
  num_samples: 772
  rmse: 32.018461415318484
  std: 19.59731628267392
scale:
  max: 121125.93890656924
  mean: 3094.852616960556
  median: 510.042042565139
  min: 0.016155917504168116
  num_samples: 772
  rmse: 12343.28974920017
  std: 11949.003687002629
trans:
  max: 246.8950601354227
  mean: 130.87801321946318
  median: 208.76476738073782
  min: 0.0
  num_samples: 772
  rmse: 167.45882732512626
  std: 104.46724130000023
