rot:
  max: 32.018461415318484
  mean: 32.018461415318484
  median: 32.018461415318484
  min: 32.018461415318484
  num_samples: 1
  rmse: 32.018461415318484
  std: 0.0
scale:
  max: 12343.28974920017
  mean: 12343.28974920017
  median: 12343.28974920017
  min: 12343.28974920017
  num_samples: 1
  rmse: 12343.28974920017
  std: 0.0
trans:
  max: 167.45882732512626
  mean: 167.45882732512626
  median: 167.45882732512626
  min: 167.45882732512626
  num_samples: 1
  rmse: 167.45882732512626
  std: 0.0
