rot:
  max: 10.191354517138391
  mean: 5.623538190311718
  median: 4.809890873794848
  min: 0.0
  num_samples: 792
  rmse: 6.438932089288477
  std: 3.13618632618894
scale:
  max: 80473.5457920929
  mean: 229.0421361330152
  median: 5.9234423275274946
  min: 0.058234545706215
  num_samples: 792
  rmse: 3212.654848826218
  std: 3204.4798138796627
trans:
  max: 24.547578987491097
  mean: 14.063286845427912
  median: 15.055087739432754
  min: 0.0
  num_samples: 792
  rmse: 15.847943011413959
  std: 7.3062480656106095
