rot:
  max: 6.438932089288477
  mean: 6.438932089288477
  median: 6.438932089288477
  min: 6.438932089288477
  num_samples: 1
  rmse: 6.438932089288477
  std: 0.0
scale:
  max: 3212.654848826218
  mean: 3212.654848826218
  median: 3212.654848826218
  min: 3212.654848826218
  num_samples: 1
  rmse: 3212.654848826218
  std: 0.0
trans:
  max: 15.847943011413959
  mean: 15.847943011413959
  median: 15.847943011413959
  min: 15.847943011413959
  num_samples: 1
  rmse: 15.847943011413959
  std: 0.0
