rot:
  max: 17.890087831084756
  mean: 17.890087831084756
  median: 17.890087831084756
  min: 17.890087831084756
  num_samples: 1
  rmse: 17.890087831084756
  std: 0.0
scale:
  max: 4273.763207480911
  mean: 4273.763207480911
  median: 4273.763207480911
  min: 4273.763207480911
  num_samples: 1
  rmse: 4273.763207480911
  std: 0.0
trans:
  max: 273.42682153289223
  mean: 273.42682153289223
  median: 273.42682153289223
  min: 273.42682153289223
  num_samples: 1
  rmse: 273.42682153289223
  std: 0.0
