rot:
  max: 13.935281961964899
  mean: 3.455685750957583
  median: 3.0459113614097326
  min: 0.0
  num_samples: 792
  rmse: 4.228626136269034
  std: 2.437112018551118
scale:
  max: 2929.6328254855607
  mean: 64.1461415214652
  median: 2.262426454675104
  min: 0.05282243393107677
  num_samples: 792
  rmse: 246.74424913403175
  std: 238.2603555118335
trans:
  max: 20.74914251014159
  mean: 13.223608340599768
  median: 13.747210129407915
  min: 0.0
  num_samples: 792
  rmse: 14.789405849745826
  std: 6.62289270960328
