rot:
  max: 4.228626136269034
  mean: 4.228626136269034
  median: 4.228626136269034
  min: 4.228626136269034
  num_samples: 1
  rmse: 4.228626136269034
  std: 0.0
scale:
  max: 246.74424913403175
  mean: 246.74424913403175
  median: 246.74424913403175
  min: 246.74424913403175
  num_samples: 1
  rmse: 246.74424913403175
  std: 0.0
trans:
  max: 14.789405849745826
  mean: 14.789405849745826
  median: 14.789405849745826
  min: 14.789405849745826
  num_samples: 1
  rmse: 14.789405849745826
  std: 0.0
