rot:
  max: 51.70888187137423
  mean: 22.163826871695424
  median: 18.650917642854505
  min: 1.1459155902616465e-14
  num_samples: 2095
  rmse: 26.631206417723845
  std: 14.764346706337108
scale:
  max: 191444.49554410603
  mean: 1264.543907530592
  median: 13.256675551594132
  min: 0.017738504682518474
  num_samples: 2095
  rmse: 11979.223745912735
  std: 11912.29324104166
trans:
  max: 768.2824717589351
  mean: 380.93984180593895
  median: 451.6401260583478
  min: 0.0
  num_samples: 2095
  rmse: 454.9348672834346
  std: 248.69774907518246
