rot:
  max: 26.631206417723845
  mean: 26.631206417723845
  median: 26.631206417723845
  min: 26.631206417723845
  num_samples: 1
  rmse: 26.631206417723845
  std: 0.0
scale:
  max: 11979.223745912735
  mean: 11979.223745912735
  median: 11979.223745912735
  min: 11979.223745912735
  num_samples: 1
  rmse: 11979.223745912735
  std: 0.0
trans:
  max: 454.9348672834346
  mean: 454.9348672834346
  median: 454.9348672834346
  min: 454.9348672834346
  num_samples: 1
  rmse: 454.9348672834346
  std: 0.0
