rot:
  max: 14.650186186563761
  mean: 3.3646116400030057
  median: 2.3013705849638852
  min: 0.0
  num_samples: 792
  rmse: 4.54317599414562
  std: 3.05284074686796
scale:
  max: 2275.937585812097
  mean: 53.417812775638524
  median: 3.639673068567606
  min: 0.0024266726591060106
  num_samples: 792
  rmse: 200.98603123986913
  std: 193.7573792964296
trans:
  max: 16.95388830343434
  mean: 10.00396755386481
  median: 9.534267439102315
  min: 0.0
  num_samples: 792
  rmse: 11.283752228568048
  std: 5.219549553068206
