rot:
  max: 11.034692269422598
  mean: 2.3668433549444226
  median: 1.9796806972382726
  min: 0.0005860310670338717
  num_samples: 1101
  rmse: 2.931180080286717
  std: 1.7291238232772903
scale:
  max: 333.5583779348822
  mean: 5.044598738633703
  median: 1.2142328691362447
  min: 0.006909704906699066
  num_samples: 1101
  rmse: 26.723967408393484
  std: 26.243522202841834
trans:
  max: 36.2793517622124
  mean: 17.58980127399911
  median: 19.03947761354302
  min: 0.0
  num_samples: 1101
  rmse: 20.406231506892574
  std: 10.344717272797475
