rot:
  max: 2.931180080286717
  mean: 2.931180080286717
  median: 2.931180080286717
  min: 2.931180080286717
  num_samples: 1
  rmse: 2.931180080286717
  std: 0.0
scale:
  max: 26.723967408393484
  mean: 26.723967408393484
  median: 26.723967408393484
  min: 26.723967408393484
  num_samples: 1
  rmse: 26.723967408393484
  std: 0.0
trans:
  max: 20.406231506892574
  mean: 20.406231506892574
  median: 20.406231506892574
  min: 20.406231506892574
  num_samples: 1
  rmse: 20.406231506892574
  std: 0.0
