rot:
  max: 9.719232449693413
  mean: 1.429843373157091
  median: 1.0236129693923854
  min: 0.0
  num_samples: 792
  rmse: 2.404505176997506
  std: 1.9331821110403853
scale:
  max: 95045.45683651343
  mean: 237.0210314704043
  median: 4.569701360314083
  min: 0.039797708958089206
  num_samples: 792
  rmse: 3824.2509019519557
  std: 3816.8987400402766
trans:
  max: 8.94579343523953
  mean: 4.332133576839404
  median: 3.470710941030668
  min: 0.0
  num_samples: 792
  rmse: 4.956482803172553
  std: 2.408181980367324
