rot:
  max: 2.404505176997506
  mean: 2.404505176997506
  median: 2.404505176997506
  min: 2.404505176997506
  num_samples: 1
  rmse: 2.404505176997506
  std: 0.0
scale:
  max: 3824.2509019519557
  mean: 3824.2509019519557
  median: 3824.2509019519557
  min: 3824.2509019519557
  num_samples: 1
  rmse: 3824.2509019519557
  std: 0.0
trans:
  max: 4.956482803172553
  mean: 4.956482803172553
  median: 4.956482803172553
  min: 4.956482803172553
  num_samples: 1
  rmse: 4.956482803172553
  std: 0.0
