rot:
  max: 9.437102801845423
  mean: 4.100927129001919
  median: 4.010931228426887
  min: 0.0
  num_samples: 2078
  rmse: 4.249041208088448
  std: 1.1120916646795858
scale:
  max: 24708.44788628026
  mean: 173.69203568270862
  median: 3.042716006401369
  min: 0.24534556098165794
  num_samples: 2078
  rmse: 1604.4451738366265
  std: 1595.015796971315
trans:
  max: 149.89475001335745
  mean: 87.89713028323561
  median: 96.91973393562242
  min: 0.0
  num_samples: 2078
  rmse: 98.11904553429201
  std: 43.60552240866262
