rot:
  max: 4.249041208088448
  mean: 4.249041208088448
  median: 4.249041208088448
  min: 4.249041208088448
  num_samples: 1
  rmse: 4.249041208088448
  std: 0.0
scale:
  max: 1604.4451738366265
  mean: 1604.4451738366265
  median: 1604.4451738366265
  min: 1604.4451738366265
  num_samples: 1
  rmse: 1604.4451738366265
  std: 0.0
trans:
  max: 98.11904553429201
  mean: 98.11904553429201
  median: 98.11904553429201
  min: 98.11904553429201
  num_samples: 1
  rmse: 98.11904553429201
  std: 0.0
