rot:
  max: 29.959686447212302
  mean: 16.694202090008933
  median: 16.474883297880986
  min: 0.0
  num_samples: 2686
  rmse: 18.732752741909067
  std: 8.498214039869968
scale:
  max: 166006.6390080671
  mean: 525.2315846715518
  median: 8.264701418531729
  min: 0.0951039682262178
  num_samples: 2686
  rmse: 4515.47534943849
  std: 4484.824345930404
trans:
  max: 411.6929635118417
  mean: 243.92728174462684
  median: 294.37108992098575
  min: 0.0
  num_samples: 2686
  rmse: 272.09288735665746
  std: 120.55712575687964
