rot:
  max: 18.732752741909067
  mean: 18.732752741909067
  median: 18.732752741909067
  min: 18.732752741909067
  num_samples: 1
  rmse: 18.732752741909067
  std: 0.0
scale:
  max: 4515.47534943849
  mean: 4515.47534943849
  median: 4515.47534943849
  min: 4515.47534943849
  num_samples: 1
  rmse: 4515.47534943849
  std: 0.0
trans:
  max: 272.09288735665746
  mean: 272.09288735665746
  median: 272.09288735665746
  min: 272.09288735665746
  num_samples: 1
  rmse: 272.09288735665746
  std: 0.0
