rot:
  max: 24.270935686814774
  mean: 14.646958890405871
  median: 14.934287885289512
  min: 0.0
  num_samples: 2686
  rmse: 15.999920175265808
  std: 6.439257789344846
scale:
  max: 107949.04548078116
  mean: 342.5955185283899
  median: 9.520493718556644
  min: 0.10017199660338205
  num_samples: 2686
  rmse: 2930.6322884106116
  std: 2910.5384245117057
trans:
  max: 397.523672124417
  mean: 230.89311905157948
  median: 267.2716424105638
  min: 0.0
  num_samples: 2686
  rmse: 258.5438415074356
  std: 116.3326504299423
