rot:
  max: 15.999920175265808
  mean: 15.999920175265808
  median: 15.999920175265808
  min: 15.999920175265808
  num_samples: 1
  rmse: 15.999920175265808
  std: 0.0
scale:
  max: 2930.6322884106116
  mean: 2930.6322884106116
  median: 2930.6322884106116
  min: 2930.6322884106116
  num_samples: 1
  rmse: 2930.6322884106116
  std: 0.0
trans:
  max: 258.5438415074356
  mean: 258.5438415074356
  median: 258.5438415074356
  min: 258.5438415074356
  num_samples: 1
  rmse: 258.5438415074356
  std: 0.0
