rot:
  max: 103.00407838967936
  mean: 103.00407838967936
  median: 103.00407838967936
  min: 103.00407838967936
  num_samples: 1
  rmse: 103.00407838967936
  std: 0.0
scale:
  max: 193756.40588239432
  mean: 193756.40588239432
  median: 193756.40588239432
  min: 193756.40588239432
  num_samples: 1
  rmse: 193756.40588239432
  std: 0.0
trans:
  max: 504.04380641520066
  mean: 504.04380641520066
  median: 504.04380641520066
  min: 504.04380641520066
  num_samples: 1
  rmse: 504.04380641520066
  std: 0.0
