rot:
  max: 11.47550315864789
  mean: 6.103741637750869
  median: 5.6550188798302266
  min: 0.0
  num_samples: 772
  rmse: 7.024207427607002
  std: 3.476180088205402
scale:
  max: 24634.722806107526
  mean: 369.9911639524822
  median: 35.62524382347904
  min: 0.03036460287910714
  num_samples: 772
  rmse: 1948.0229398321878
  std: 1912.5637016082699
trans:
  max: 22.053923057033447
  mean: 12.344692520123187
  median: 15.59806496175401
  min: 0.0
  num_samples: 772
  rmse: 13.84886340688773
  std: 6.2769088129626915
