rot:
  max: 7.024207427607002
  mean: 7.024207427607002
  median: 7.024207427607002
  min: 7.024207427607002
  num_samples: 1
  rmse: 7.024207427607002
  std: 0.0
scale:
  max: 1948.0229398321878
  mean: 1948.0229398321878
  median: 1948.0229398321878
  min: 1948.0229398321878
  num_samples: 1
  rmse: 1948.0229398321878
  std: 0.0
trans:
  max: 13.84886340688773
  mean: 13.84886340688773
  median: 13.84886340688773
  min: 13.84886340688773
  num_samples: 1
  rmse: 13.84886340688773
  std: 0.0
