rot:
  max: 31.05657976198712
  mean: 17.71865684005642
  median: 9.73030284090135
  min: 0.0023003763404545654
  num_samples: 550
  rmse: 21.39167302546255
  std: 11.98552771523324
scale:
  max: 26883.590399796878
  mean: 683.8197819475054
  median: 25.081449823503725
  min: 0.024700571018110296
  num_samples: 550
  rmse: 2476.43351790787
  std: 2380.1498848675087
trans:
  max: 122.91084421695699
  mean: 49.786646525783034
  median: 39.5653899478694
  min: 1.1842025490100266e-07
  num_samples: 550
  rmse: 67.50477264640624
  std: 45.58710516977068
