rot:
  max: 21.39167302546255
  mean: 21.39167302546255
  median: 21.39167302546255
  min: 21.39167302546255
  num_samples: 1
  rmse: 21.39167302546255
  std: 0.0
scale:
  max: 2476.43351790787
  mean: 2476.43351790787
  median: 2476.43351790787
  min: 2476.43351790787
  num_samples: 1
  rmse: 2476.43351790787
  std: 0.0
trans:
  max: 67.50477264640624
  mean: 67.50477264640624
  median: 67.50477264640624
  min: 67.50477264640624
  num_samples: 1
  rmse: 67.50477264640624
  std: 0.0
