rot:
  max: 8.799334441945506
  mean: 4.773789070926975
  median: 4.267831694869651
  min: 0.0
  num_samples: 792
  rmse: 5.467723321894835
  std: 2.6658837617365942
scale:
  max: 80532.30749436346
  mean: 235.59278397877432
  median: 5.918148216128866
  min: 0.01000721892616685
  num_samples: 792
  rmse: 3216.3444137457245
  std: 3207.704386001063
trans:
  max: 23.77340726620311
  mean: 12.440087497876966
  median: 14.183871486503062
  min: 0.0
  num_samples: 792
  rmse: 13.995799331059505
  std: 6.4130041291465645
