rot:
  max: 5.467723321894835
  mean: 5.467723321894835
  median: 5.467723321894835
  min: 5.467723321894835
  num_samples: 1
  rmse: 5.467723321894835
  std: 0.0
scale:
  max: 3216.3444137457245
  mean: 3216.3444137457245
  median: 3216.3444137457245
  min: 3216.3444137457245
  num_samples: 1
  rmse: 3216.3444137457245
  std: 0.0
trans:
  max: 13.995799331059505
  mean: 13.995799331059505
  median: 13.995799331059505
  min: 13.995799331059505
  num_samples: 1
  rmse: 13.995799331059505
  std: 0.0
