rot:
  max: 17.647360825478803
  mean: 8.940580226845524
  median: 7.568135804362564
  min: 0.00042243057245074247
  num_samples: 1330
  rmse: 10.957573439730577
  std: 6.335174890595193
scale:
  max: 23085730.07557089
  mean: 28524.145185206886
  median: 5.272198574602294
  min: 0.005185521530659543
  num_samples: 1330
  rmse: 711844.8769027558
  std: 711273.1556259892
trans:
  max: 232.24922810263223
  mean: 77.23556138969839
  median: 58.674038242632754
  min: 9.678172040897828e-08
  num_samples: 1330
  rmse: 106.2534500838661
  std: 72.96892291614806
