rot:
  max: 10.957573439730577
  mean: 10.957573439730577
  median: 10.957573439730577
  min: 10.957573439730577
  num_samples: 1
  rmse: 10.957573439730577
  std: 0.0
scale:
  max: 711844.8769027558
  mean: 711844.8769027558
  median: 711844.8769027558
  min: 711844.8769027558
  num_samples: 1
  rmse: 711844.8769027558
  std: 0.0
trans:
  max: 106.2534500838661
  mean: 106.2534500838661
  median: 106.2534500838661
  min: 106.2534500838661
  num_samples: 1
  rmse: 106.2534500838661
  std: 0.0
