rot:
  max: 6.173503005478564
  mean: 2.8482845637302074
  median: 3.608557097908616
  min: 0.00027936561933297657
  num_samples: 535
  rmse: 3.599317442392171
  std: 2.2005365471004428
scale:
  max: 2558879.210329206
  mean: 8039.687621527212
  median: 4.739467013033982
  min: 0.011480155606147235
  num_samples: 535
  rmse: 126406.44935288202
  std: 126150.52065271467
trans:
  max: 26.136472743111558
  mean: 9.437646365304024
  median: 9.580563368453925
  min: 0.0
  num_samples: 535
  rmse: 12.090529142112688
  std: 7.557230049412276
