rot:
  max: 3.599317442392171
  mean: 3.599317442392171
  median: 3.599317442392171
  min: 3.599317442392171
  num_samples: 1
  rmse: 3.599317442392171
  std: 0.0
scale:
  max: 126406.44935288202
  mean: 126406.44935288202
  median: 126406.44935288202
  min: 126406.44935288202
  num_samples: 1
  rmse: 126406.44935288202
  std: 0.0
trans:
  max: 12.090529142112688
  mean: 12.090529142112688
  median: 12.090529142112688
  min: 12.090529142112688
  num_samples: 1
  rmse: 12.090529142112688
  std: 0.0
