rot:
  max: 3.6359874330857123
  mean: 1.3269922645585028
  median: 0.6158628534592094
  min: 5.109599479759417e-05
  num_samples: 1330
  rmse: 1.8327764375170807
  std: 1.2641839263808485
scale:
  max: 2176276.0445006993
  mean: 2826.8001503777577
  median: 1.5321778185484192
  min: 0.04262421909719816
  num_samples: 1330
  rmse: 68765.48898749478
  std: 68707.36260837768
trans:
  max: 42.96137212361046
  mean: 12.171274289451024
  median: 8.318642221841271
  min: 0.0
  num_samples: 1330
  rmse: 16.06804219661603
  std: 10.490093526903454
