rot:
  max: 22.233481444363555
  mean: 14.087402874443429
  median: 14.490419975301869
  min: 0.0
  num_samples: 2686
  rmse: 15.46307263488148
  std: 6.375868220465629
scale:
  max: 129402.8161268392
  mean: 407.6055334626334
  median: 8.17529057709232
  min: 0.4678163986386652
  num_samples: 2686
  rmse: 3515.0610629613006
  std: 3491.348164454136
trans:
  max: 371.49477352958263
  mean: 217.83099335896733
  median: 251.3380457592031
  min: 0.0
  num_samples: 2686
  rmse: 242.33717406227817
  std: 106.19305186657189
