rot:
  max: 15.46307263488148
  mean: 15.46307263488148
  median: 15.46307263488148
  min: 15.46307263488148
  num_samples: 1
  rmse: 15.46307263488148
  std: 0.0
scale:
  max: 3515.0610629613006
  mean: 3515.0610629613006
  median: 3515.0610629613006
  min: 3515.0610629613006
  num_samples: 1
  rmse: 3515.0610629613006
  std: 0.0
trans:
  max: 242.33717406227817
  mean: 242.33717406227817
  median: 242.33717406227817
  min: 242.33717406227817
  num_samples: 1
  rmse: 242.33717406227817
  std: 0.0
