rot:
  max: 44.15678324737194
  mean: 25.63221489773082
  median: 39.06887752437321
  min: 0.0
  num_samples: 772
  rmse: 31.47932399602725
  std: 18.27395410641614
scale:
  max: 141930.78266454142
  mean: 3561.4989940567584
  median: 426.8188638806188
  min: 0.0031382311294736454
  num_samples: 772
  rmse: 14488.89224266248
  std: 14044.348448212813
trans:
  max: 286.3562342004584
  mean: 156.9124659722435
  median: 250.18350428617407
  min: 0.0
  num_samples: 772
  rmse: 198.45049555179844
  std: 121.49517359658324
