rot:
  max: 31.47932399602725
  mean: 31.47932399602725
  median: 31.47932399602725
  min: 31.47932399602725
  num_samples: 1
  rmse: 31.47932399602725
  std: 0.0
scale:
  max: 14488.89224266248
  mean: 14488.89224266248
  median: 14488.89224266248
  min: 14488.89224266248
  num_samples: 1
  rmse: 14488.89224266248
  std: 0.0
trans:
  max: 198.45049555179844
  mean: 198.45049555179844
  median: 198.45049555179844
  min: 198.45049555179844
  num_samples: 1
  rmse: 198.45049555179844
  std: 0.0
