rot:
  max: 9.776430156123443
  mean: 2.6588616663939146
  median: 2.4848970410739915
  min: 0.0
  num_samples: 792
  rmse: 2.994738548953649
  std: 1.3780107458107804
scale:
  max: 1967.6730776109455
  mean: 49.54959409879493
  median: 3.988119954050562
  min: 0.023003321056747073
  num_samples: 792
  rmse: 182.28175035296113
  std: 175.41799861013098
trans:
  max: 14.382806353125737
  mean: 9.280611370178253
  median: 10.955555985237268
  min: 0.0
  num_samples: 792
  rmse: 10.248749438391725
  std: 4.3482315539369365
