rot:
  max: 2.994738548953649
  mean: 2.994738548953649
  median: 2.994738548953649
  min: 2.994738548953649
  num_samples: 1
  rmse: 2.994738548953649
  std: 0.0
scale:
  max: 182.28175035296113
  mean: 182.28175035296113
  median: 182.28175035296113
  min: 182.28175035296113
  num_samples: 1
  rmse: 182.28175035296113
  std: 0.0
trans:
  max: 10.248749438391725
  mean: 10.248749438391725
  median: 10.248749438391725
  min: 10.248749438391725
  num_samples: 1
  rmse: 10.248749438391725
  std: 0.0
