rot:
  max: 3.849677225055639
  mean: 3.849677225055639
  median: 3.849677225055639
  min: 3.849677225055639
  num_samples: 1
  rmse: 3.849677225055639
  std: 0.0
scale:
  max: 26.347659860475407
  mean: 26.347659860475407
  median: 26.347659860475407
  min: 26.347659860475407
  num_samples: 1
  rmse: 26.347659860475407
  std: 0.0
trans:
  max: 65.13299985200581
  mean: 65.13299985200581
  median: 65.13299985200581
  min: 65.13299985200581
  num_samples: 1
  rmse: 65.13299985200581
  std: 0.0
