rot:
  max: 58.96404885895582
  mean: 33.61770290799284
  median: 50.58621368285421
  min: 0.002037169356248867
  num_samples: 772
  rmse: 41.90787096759272
  std: 25.022383983672114
scale:
  max: 180054.75432952627
  mean: 4636.743668483002
  median: 758.6600566351117
  min: 0.13815955269969038
  num_samples: 772
  rmse: 18363.636949206593
  std: 17768.61756454476
trans:
  max: 359.41479569081787
  mean: 195.4949414031614
  median: 310.4467469726262
  min: 0.0
  num_samples: 772
  rmse: 248.28496687620662
  std: 153.05931093041517
