rot:
  max: 41.90787096759272
  mean: 41.90787096759272
  median: 41.90787096759272
  min: 41.90787096759272
  num_samples: 1
  rmse: 41.90787096759272
  std: 0.0
scale:
  max: 18363.636949206593
  mean: 18363.636949206593
  median: 18363.636949206593
  min: 18363.636949206593
  num_samples: 1
  rmse: 18363.636949206593
  std: 0.0
trans:
  max: 248.28496687620662
  mean: 248.28496687620662
  median: 248.28496687620662
  min: 248.28496687620662
  num_samples: 1
  rmse: 248.28496687620662
  std: 0.0
