rot:
  max: 3.5126928633022936
  mean: 1.2609687939223841
  median: 0.6068062115884267
  min: 5.109599479759417e-05
  num_samples: 1330
  rmse: 1.7550244789343334
  std: 1.220683670085193
scale:
  max: 2176276.0445006993
  mean: 2826.8614391074343
  median: 1.3874954419275276
  min: 0.012512103334449964
  num_samples: 1330
  rmse: 68765.48924756663
  std: 68707.3603470639
trans:
  max: 42.62607566703492
  mean: 11.74738877777667
  median: 7.84681631587083
  min: 0.0
  num_samples: 1330
  rmse: 15.604982076378281
  std: 10.272016477199315
