rot:
  max: 1.7550244789343334
  mean: 1.7550244789343334
  median: 1.7550244789343334
  min: 1.7550244789343334
  num_samples: 1
  rmse: 1.7550244789343334
  std: 0.0
scale:
  max: 68765.48924756663
  mean: 68765.48924756663
  median: 68765.48924756663
  min: 68765.48924756663
  num_samples: 1
  rmse: 68765.48924756663
  std: 0.0
trans:
  max: 15.604982076378281
  mean: 15.604982076378281
  median: 15.604982076378281
  min: 15.604982076378281
  num_samples: 1
  rmse: 15.604982076378281
  std: 0.0
