rot:
  max: 179.97662828562488
  mean: 25.57484298324081
  median: 24.37532667759081
  min: 0.0064659125719170995
  num_samples: 2592
  rmse: 31.471037957518163
  std: 18.33994646955457
scale:
  max: 1227967.965611622
  mean: 623.1859224394724
  median: 26.53240153749029
  min: 0.04401446018931221
  num_samples: 2592
  rmse: 24124.99468370894
  std: 24116.944412488454
trans:
  max: 802.5533314654244
  mean: 469.6833796193957
  median: 545.3465799735625
  min: 0.001228067965611622
  num_samples: 2592
  rmse: 532.3190758068981
  std: 250.52169841595096
