rot:
  max: 31.471037957518163
  mean: 31.471037957518163
  median: 31.471037957518163
  min: 31.471037957518163
  num_samples: 1
  rmse: 31.471037957518163
  std: 0.0
scale:
  max: 24124.99468370894
  mean: 24124.99468370894
  median: 24124.99468370894
  min: 24124.99468370894
  num_samples: 1
  rmse: 24124.99468370894
  std: 0.0
trans:
  max: 532.3190758068981
  mean: 532.3190758068981
  median: 532.3190758068981
  min: 532.3190758068981
  num_samples: 1
  rmse: 532.3190758068981
  std: 0.0
