rot:
  max: 177.91387576911265
  mean: 27.015850796338626
  median: 25.947478519862145
  min: 0.03371887288229111
  num_samples: 2592
  rmse: 32.2692669598546
  std: 17.647928940142897
scale:
  max: 1227981.1363360449
  mean: 638.5501963595748
  median: 26.914269050100902
  min: 0.09543554514281904
  num_samples: 2592
  rmse: 24126.568829719192
  std: 24118.117197283595
trans:
  max: 817.1742237136726
  mean: 484.5687610969587
  median: 560.9816597643925
  min: 0.001228081136336045
  num_samples: 2592
  rmse: 544.3057800175259
  std: 247.91510226173375
