rot:
  max: 32.2692669598546
  mean: 32.2692669598546
  median: 32.2692669598546
  min: 32.2692669598546
  num_samples: 1
  rmse: 32.2692669598546
  std: 0.0
scale:
  max: 24126.568829719192
  mean: 24126.568829719192
  median: 24126.568829719192
  min: 24126.568829719192
  num_samples: 1
  rmse: 24126.568829719192
  std: 0.0
trans:
  max: 544.3057800175259
  mean: 544.3057800175259
  median: 544.3057800175259
  min: 544.3057800175259
  num_samples: 1
  rmse: 544.3057800175259
  std: 0.0
