rot:
  max: 12.220783429981966
  mean: 3.0901083193226264
  median: 2.416077635794463
  min: 0.0
  num_samples: 792
  rmse: 3.8845953103246944
  std: 2.3539990016671
scale:
  max: 2916.6534132259358
  mean: 64.34101258265979
  median: 2.6347163672915452
  min: 0.03318876518516589
  num_samples: 792
  rmse: 245.8277123460911
  std: 237.2582943906293
trans:
  max: 21.1515195582658
  mean: 11.801374393165183
  median: 9.780824572735401
  min: 0.0
  num_samples: 792
  rmse: 13.671023350442267
  std: 6.901046433743418
