rot:
  max: 3.8845953103246944
  mean: 3.8845953103246944
  median: 3.8845953103246944
  min: 3.8845953103246944
  num_samples: 1
  rmse: 3.8845953103246944
  std: 0.0
scale:
  max: 245.8277123460911
  mean: 245.8277123460911
  median: 245.8277123460911
  min: 245.8277123460911
  num_samples: 1
  rmse: 245.8277123460911
  std: 0.0
trans:
  max: 13.671023350442267
  mean: 13.671023350442267
  median: 13.671023350442267
  min: 13.671023350442267
  num_samples: 1
  rmse: 13.671023350442267
  std: 0.0
