rot:
  max: 8.046721742623312
  mean: 4.488841455128248
  median: 4.711909259470219
  min: 0.00016122290739021877
  num_samples: 2095
  rmse: 4.958998686576302
  std: 2.107598245441384
scale:
  max: 24668.190690753217
  mean: 173.4522406592624
  median: 4.465765448942993
  min: 0.06259700864258422
  num_samples: 2095
  rmse: 1574.988531801833
  std: 1565.408315909167
trans:
  max: 158.09838832833995
  mean: 82.6567558988572
  median: 81.19712918460334
  min: 0.0
  num_samples: 2095
  rmse: 94.95156073880801
  std: 46.72964360031306
