rot:
  max: 4.958998686576302
  mean: 4.958998686576302
  median: 4.958998686576302
  min: 4.958998686576302
  num_samples: 1
  rmse: 4.958998686576302
  std: 0.0
scale:
  max: 1574.988531801833
  mean: 1574.988531801833
  median: 1574.988531801833
  min: 1574.988531801833
  num_samples: 1
  rmse: 1574.988531801833
  std: 0.0
trans:
  max: 94.95156073880801
  mean: 94.95156073880801
  median: 94.95156073880801
  min: 94.95156073880801
  num_samples: 1
  rmse: 94.95156073880801
  std: 0.0
