rot:
  max: 27.67132127837884
  mean: 15.997503517622627
  median: 23.607262515714964
  min: 0.00014039785329892146
  num_samples: 772
  rmse: 19.36381762442868
  std: 10.910422273944597
scale:
  max: 186186.44945348531
  mean: 3307.961205720922
  median: 449.4561308345626
  min: 0.08044142793572906
  num_samples: 772
  rmse: 13887.87578868835
  std: 13488.160978557507
trans:
  max: 207.8009487687446
  mean: 118.02557363935284
  median: 183.88236566547857
  min: 0.0
  num_samples: 772
  rmse: 147.16786709967568
  std: 87.91100655645744
