rot:
  max: 15.783368514227782
  mean: 8.93347953383972
  median: 14.019259929473082
  min: 0.0006785081735415092
  num_samples: 535
  rmse: 10.91419131919662
  std: 6.269969343664587
scale:
  max: 3152900.0099882293
  mean: 13778.67401985364
  median: 10.49206832520313
  min: 0.005562068802755782
  num_samples: 535
  rmse: 192948.30632413068
  std: 192455.70154091352
trans:
  max: 62.760485000287815
  mean: 25.69917161012935
  median: 20.43715055009858
  min: 3.8474106316268337e-08
  num_samples: 535
  rmse: 34.54485920721494
  std: 23.084624237778364
