rot:
  max: 10.91419131919662
  mean: 10.91419131919662
  median: 10.91419131919662
  min: 10.91419131919662
  num_samples: 1
  rmse: 10.91419131919662
  std: 0.0
scale:
  max: 192948.30632413068
  mean: 192948.30632413068
  median: 192948.30632413068
  min: 192948.30632413068
  num_samples: 1
  rmse: 192948.30632413068
  std: 0.0
trans:
  max: 34.54485920721494
  mean: 34.54485920721494
  median: 34.54485920721494
  min: 34.54485920721494
  num_samples: 1
  rmse: 34.54485920721494
  std: 0.0
