rot:
  max: 21.97354638543609
  mean: 12.503213644580946
  median: 12.185224015323085
  min: 0.0
  num_samples: 2078
  rmse: 13.881151916928417
  std: 6.029595931636742
scale:
  max: 55267.25348687586
  mean: 396.6566902881278
  median: 8.707184273036406
  min: 0.09965125741346892
  num_samples: 2078
  rmse: 3574.132431793316
  std: 3552.053787606047
trans:
  max: 383.9272850655347
  mean: 203.81167216247988
  median: 218.83325874931677
  min: 0.0
  num_samples: 2078
  rmse: 234.59551540736567
  std: 116.17167528955308
