rot:
  max: 13.881151916928417
  mean: 13.881151916928417
  median: 13.881151916928417
  min: 13.881151916928417
  num_samples: 1
  rmse: 13.881151916928417
  std: 0.0
scale:
  max: 3574.132431793316
  mean: 3574.132431793316
  median: 3574.132431793316
  min: 3574.132431793316
  num_samples: 1
  rmse: 3574.132431793316
  std: 0.0
trans:
  max: 234.59551540736567
  mean: 234.59551540736567
  median: 234.59551540736567
  min: 234.59551540736567
  num_samples: 1
  rmse: 234.59551540736567
  std: 0.0
