rot:
  max: 1.3327484297929681
  mean: 1.3327484297929681
  median: 1.3327484297929681
  min: 1.3327484297929681
  num_samples: 1
  rmse: 1.3327484297929681
  std: 0.0
scale:
  max: 68765.48581887507
  mean: 68765.48581887507
  median: 68765.48581887507
  min: 68765.48581887507
  num_samples: 1
  rmse: 68765.48581887507
  std: 0.0
trans:
  max: 11.701871443022739
  mean: 11.701871443022739
  median: 11.701871443022739
  min: 11.701871443022739
  num_samples: 1
  rmse: 11.701871443022739
  std: 0.0
