rot:
  max: 176.40271996855495
  mean: 13.517378559699202
  median: 9.84663204990132
  min: 0.03371887288229111
  num_samples: 2592
  rmse: 25.285822986982527
  std: 21.369448308339603
scale:
  max: 1227981.1363360449
  mean: 586.2118020909537
  median: 8.42062234888662
  min: 0.04424654630270641
  num_samples: 2592
  rmse: 24123.265258272615
  std: 24116.14153309089
trans:
  max: 297.9106983724918
  mean: 209.15174025566583
  median: 248.33440753208976
  min: 0.001228081136336045
  num_samples: 2592
  rmse: 225.43977492020073
  std: 84.13466386750031
