rot:
  max: 6.870826857710331
  mean: 3.7910486087701254
  median: 4.677858218225003
  min: 4.837670944998572e-05
  num_samples: 535
  rmse: 4.523195697690416
  std: 2.4672352473056116
scale:
  max: 2557282.951710896
  mean: 8029.408962971957
  median: 6.87508631637388
  min: 0.021350837629063868
  num_samples: 535
  rmse: 126337.6407156169
  std: 126082.2273490346
trans:
  max: 28.380774794484488
  mean: 9.00542112596536
  median: 8.952730052920506
  min: 0.0
  num_samples: 535
  rmse: 11.624121570809825
  std: 7.350006301832884
