rot:
  max: 4.523195697690416
  mean: 4.523195697690416
  median: 4.523195697690416
  min: 4.523195697690416
  num_samples: 1
  rmse: 4.523195697690416
  std: 0.0
scale:
  max: 126337.6407156169
  mean: 126337.6407156169
  median: 126337.6407156169
  min: 126337.6407156169
  num_samples: 1
  rmse: 126337.6407156169
  std: 0.0
trans:
  max: 11.624121570809825
  mean: 11.624121570809825
  median: 11.624121570809825
  min: 11.624121570809825
  num_samples: 1
  rmse: 11.624121570809825
  std: 0.0
