rot:
  max: 33.135059961253816
  mean: 18.007285034420622
  median: 17.24802832150114
  min: 1.1459155902616465e-14
  num_samples: 2095
  rmse: 20.191013452245393
  std: 9.133165383254891
scale:
  max: 103285.38040556728
  mean: 698.9440319386192
  median: 12.344042078888284
  min: 0.013325984355172515
  num_samples: 2095
  rmse: 6568.99200176183
  std: 6531.7021640173
trans:
  max: 553.8451904295077
  mean: 292.41859516906834
  median: 344.3223101847237
  min: 0.0
  num_samples: 2095
  rmse: 340.8747420595737
  std: 175.17692477472428
