rot:
  max: 5.897479948463308
  mean: 2.5426469295558456
  median: 2.6964314454477027
  min: 0.00016122290739021877
  num_samples: 2095
  rmse: 2.857607751881975
  std: 1.3041735525750338
scale:
  max: 10959.102430127547
  mean: 68.04075386312552
  median: 2.7834562144710695
  min: 0.11648945602051874
  num_samples: 2095
  rmse: 623.7787837737337
  std: 620.056793285886
trans:
  max: 81.81575859852558
  mean: 48.94687119060187
  median: 48.477248230653636
  min: 0.0
  num_samples: 2095
  rmse: 54.073015840225096
  std: 22.98031424301815
