rot:
  max: 2.857607751881975
  mean: 2.857607751881975
  median: 2.857607751881975
  min: 2.857607751881975
  num_samples: 1
  rmse: 2.857607751881975
  std: 0.0
scale:
  max: 623.7787837737337
  mean: 623.7787837737337
  median: 623.7787837737337
  min: 623.7787837737337
  num_samples: 1
  rmse: 623.7787837737337
  std: 0.0
trans:
  max: 54.073015840225096
  mean: 54.073015840225096
  median: 54.073015840225096
  min: 54.073015840225096
  num_samples: 1
  rmse: 54.073015840225096
  std: 0.0
