rot:
  max: 8.767284719124108
  mean: 2.6107357185714695
  median: 2.1075408560078848
  min: 0.00021487619757696975
  num_samples: 773
  rmse: 3.0054310589783473
  std: 1.4888501798525013
scale:
  max: 2427.741069301062
  mean: 39.67406654492327
  median: 2.4271316872874316
  min: 0.027408876846279906
  num_samples: 773
  rmse: 183.98668299243386
  std: 179.65819759294968
trans:
  max: 17.006148670158225
  mean: 10.40351683185282
  median: 9.615637625659152
  min: 0.0
  num_samples: 773
  rmse: 11.639001608385003
  std: 5.218543472018197
