rot:
  max: 3.0054310589783473
  mean: 3.0054310589783473
  median: 3.0054310589783473
  min: 3.0054310589783473
  num_samples: 1
  rmse: 3.0054310589783473
  std: 0.0
scale:
  max: 183.98668299243386
  mean: 183.98668299243386
  median: 183.98668299243386
  min: 183.98668299243386
  num_samples: 1
  rmse: 183.98668299243386
  std: 0.0
trans:
  max: 11.639001608385003
  mean: 11.639001608385003
  median: 11.639001608385003
  min: 11.639001608385003
  num_samples: 1
  rmse: 11.639001608385003
  std: 0.0
