rot:
  max: 11.978065764007242
  mean: 6.037533355096477
  median: 6.33451790507607
  min: 0.0011563767715691445
  num_samples: 535
  rmse: 6.741249939157624
  std: 2.9987733706117488
scale:
  max: 3375844.9481039
  mean: 14539.894248299652
  median: 6.784096472288947
  min: 0.002312761294154253
  num_samples: 535
  rmse: 206147.543469856
  std: 205634.14393992172
trans:
  max: 34.755717036691685
  mean: 12.18433769615122
  median: 14.693186353006206
  min: 4.0797911805097564e-08
  num_samples: 535
  rmse: 15.300585585606534
  std: 9.254719561857009
