rot:
  max: 6.741249939157624
  mean: 6.741249939157624
  median: 6.741249939157624
  min: 6.741249939157624
  num_samples: 1
  rmse: 6.741249939157624
  std: 0.0
scale:
  max: 206147.543469856
  mean: 206147.543469856
  median: 206147.543469856
  min: 206147.543469856
  num_samples: 1
  rmse: 206147.543469856
  std: 0.0
trans:
  max: 15.300585585606534
  mean: 15.300585585606534
  median: 15.300585585606534
  min: 15.300585585606534
  num_samples: 1
  rmse: 15.300585585606534
  std: 0.0
