rot:
  max: 3.1607879956873917
  mean: 1.359643489833031
  median: 1.1351559017878916
  min: 5.109599479759417e-05
  num_samples: 1330
  rmse: 1.6423352644234104
  std: 0.9212137109940183
scale:
  max: 2176276.0445006993
  mean: 2830.155699749526
  median: 1.4126554993904472
  min: 0.026741955721365507
  num_samples: 1330
  rmse: 68765.50268614286
  std: 68707.2381805083
trans:
  max: 55.07626861082329
  mean: 15.679557587252782
  median: 12.0148544369947
  min: 0.0
  num_samples: 1330
  rmse: 21.394635735750327
  std: 14.556164059719464
