rot:
  max: 1.6423352644234104
  mean: 1.6423352644234104
  median: 1.6423352644234104
  min: 1.6423352644234104
  num_samples: 1
  rmse: 1.6423352644234104
  std: 0.0
scale:
  max: 68765.50268614286
  mean: 68765.50268614286
  median: 68765.50268614286
  min: 68765.50268614286
  num_samples: 1
  rmse: 68765.50268614286
  std: 0.0
trans:
  max: 21.394635735750327
  mean: 21.394635735750327
  median: 21.394635735750327
  min: 21.394635735750327
  num_samples: 1
  rmse: 21.394635735750327
  std: 0.0
