rot:
  max: 1.9325292856428986
  mean: 0.69267196043984
  median: 0.6299083289905596
  min: 0.0
  num_samples: 772
  rmse: 0.8148051852761694
  std: 0.42908396051747427
scale:
  max: 24696.94495131935
  mean: 140.28077744115163
  median: 0.9637843544440527
  min: 0.0006941572924801243
  num_samples: 772
  rmse: 1545.8953003151414
  std: 1539.5173214410245
trans:
  max: 4.2599347823571305
  mean: 2.3035297826654006
  median: 2.509766515209905
  min: 0.0
  num_samples: 772
  rmse: 2.5100460306283403
  std: 0.997036416710333
