rot:
  max: 0.8148051852761694
  mean: 0.8148051852761694
  median: 0.8148051852761694
  min: 0.8148051852761694
  num_samples: 1
  rmse: 0.8148051852761694
  std: 0.0
scale:
  max: 1545.8953003151414
  mean: 1545.8953003151414
  median: 1545.8953003151414
  min: 1545.8953003151414
  num_samples: 1
  rmse: 1545.8953003151414
  std: 0.0
trans:
  max: 2.5100460306283403
  mean: 2.5100460306283403
  median: 2.5100460306283403
  min: 2.5100460306283403
  num_samples: 1
  rmse: 2.5100460306283403
  std: 0.0
