rot:
  max: 8.668241126200735
  mean: 4.220065855192068
  median: 4.538329143824779
  min: 0.002037169356248867
  num_samples: 772
  rmse: 4.431547323403909
  std: 1.3526477211049404
scale:
  max: 15443.960623778321
  mean: 421.61225660534654
  median: 63.87681817368677
  min: 0.026758016946870633
  num_samples: 772
  rmse: 1563.2537085668262
  std: 1505.3256333524926
trans:
  max: 32.36323499766746
  mean: 21.178418747683743
  median: 28.011015003947136
  min: 0.0
  num_samples: 772
  rmse: 24.281385373736104
  std: 11.87687900989327
