rot:
  max: 4.431547323403909
  mean: 4.431547323403909
  median: 4.431547323403909
  min: 4.431547323403909
  num_samples: 1
  rmse: 4.431547323403909
  std: 0.0
scale:
  max: 1563.2537085668262
  mean: 1563.2537085668262
  median: 1563.2537085668262
  min: 1563.2537085668262
  num_samples: 1
  rmse: 1563.2537085668262
  std: 0.0
trans:
  max: 24.281385373736104
  mean: 24.281385373736104
  median: 24.281385373736104
  min: 24.281385373736104
  num_samples: 1
  rmse: 24.281385373736104
  std: 0.0
