rot:
  max: 179.75808934076247
  mean: 14.602235729472094
  median: 10.522029599350585
  min: 0.03371887288227116
  num_samples: 2592
  rmse: 27.017698058890556
  std: 22.731711772374453
scale:
  max: 1227981.1363360449
  mean: 588.0896243667771
  median: 8.703877967041485
  min: 0.04424421426030278
  num_samples: 2592
  rmse: 24123.302078788496
  std: 24116.132645558944
trans:
  max: 298.8800778931868
  mean: 207.17422692120994
  median: 243.59911392987772
  min: 0.001228081136336045
  num_samples: 2592
  rmse: 223.34896097040945
  std: 83.4481759306966
