rot:
  max: 27.017698058890556
  mean: 27.017698058890556
  median: 27.017698058890556
  min: 27.017698058890556
  num_samples: 1
  rmse: 27.017698058890556
  std: 0.0
scale:
  max: 24123.302078788496
  mean: 24123.302078788496
  median: 24123.302078788496
  min: 24123.302078788496
  num_samples: 1
  rmse: 24123.302078788496
  std: 0.0
trans:
  max: 223.34896097040945
  mean: 223.34896097040945
  median: 223.34896097040945
  min: 223.34896097040945
  num_samples: 1
  rmse: 223.34896097040945
  std: 0.0
