rot:
  max: 28.20480614808584
  mean: 16.48066189476637
  median: 16.037101798734703
  min: 0.0
  num_samples: 2686
  rmse: 18.41090181082025
  std: 8.206649072432688
scale:
  max: 170446.80120700444
  mean: 539.5877737964244
  median: 8.771798005635645
  min: 0.004039998423888136
  num_samples: 2686
  rmse: 4636.339333634981
  std: 4604.833053540625
trans:
  max: 412.87835581532534
  mean: 245.56884195820842
  median: 296.8163336449869
  min: 0.0
  num_samples: 2686
  rmse: 274.3593888893483
  std: 122.34793880994114
