rot:
  max: 18.41090181082025
  mean: 18.41090181082025
  median: 18.41090181082025
  min: 18.41090181082025
  num_samples: 1
  rmse: 18.41090181082025
  std: 0.0
scale:
  max: 4636.339333634981
  mean: 4636.339333634981
  median: 4636.339333634981
  min: 4636.339333634981
  num_samples: 1
  rmse: 4636.339333634981
  std: 0.0
trans:
  max: 274.3593888893483
  mean: 274.3593888893483
  median: 274.3593888893483
  min: 274.3593888893483
  num_samples: 1
  rmse: 274.3593888893483
  std: 0.0
