rot:
  max: 12.856791731899959
  mean: 6.862758318615756
  median: 9.166187129422708
  min: 0.0011563767715691445
  num_samples: 535
  rmse: 7.805659234681808
  std: 3.718987005656731
scale:
  max: 3375844.9481039
  mean: 14599.908845882035
  median: 8.476736866047307
  min: 0.02229246284257691
  num_samples: 535
  rmse: 206148.0493678976
  std: 205630.39882245302
trans:
  max: 33.23962057545505
  mean: 16.25470065338971
  median: 20.11388787976128
  min: 4.0797911805097564e-08
  num_samples: 535
  rmse: 20.016120314486034
  std: 11.680315882401159
