rot:
  max: 7.805659234681808
  mean: 7.805659234681808
  median: 7.805659234681808
  min: 7.805659234681808
  num_samples: 1
  rmse: 7.805659234681808
  std: 0.0
scale:
  max: 206148.0493678976
  mean: 206148.0493678976
  median: 206148.0493678976
  min: 206148.0493678976
  num_samples: 1
  rmse: 206148.0493678976
  std: 0.0
trans:
  max: 20.016120314486034
  mean: 20.016120314486034
  median: 20.016120314486034
  min: 20.016120314486034
  num_samples: 1
  rmse: 20.016120314486034
  std: 0.0
