rot:
  max: 1.822908210318813
  mean: 1.0451750471296848
  median: 1.1551923208676065
  min: 0.00012259034733774256
  num_samples: 2095
  rmse: 1.141030372631207
  std: 0.4577766181494778
scale:
  max: 10228.256790146785
  mean: 27.39971876423037
  median: 0.49146219139919456
  min: 0.01605620923661455
  num_samples: 2095
  rmse: 352.564181569926
  std: 351.49787700313755
trans:
  max: 30.56927402695045
  mean: 14.224205565550287
  median: 12.051897038498868
  min: 0.0
  num_samples: 2095
  rmse: 16.59574792809265
  std: 8.549317243017693
