rot:
  max: 1.141030372631207
  mean: 1.141030372631207
  median: 1.141030372631207
  min: 1.141030372631207
  num_samples: 1
  rmse: 1.141030372631207
  std: 0.0
scale:
  max: 352.564181569926
  mean: 352.564181569926
  median: 352.564181569926
  min: 352.564181569926
  num_samples: 1
  rmse: 352.564181569926
  std: 0.0
trans:
  max: 16.59574792809265
  mean: 16.59574792809265
  median: 16.59574792809265
  min: 16.59574792809265
  num_samples: 1
  rmse: 16.59574792809265
  std: 0.0
