rot:
  max: 22.414804660803192
  mean: 14.625959824123699
  median: 15.798636233252296
  min: 1.1459155902616465e-14
  num_samples: 2095
  rmse: 15.662484953174518
  std: 5.6031004034853495
scale:
  max: 114245.48128369049
  mean: 763.2080099681061
  median: 10.430323796158959
  min: 0.004972124963043001
  num_samples: 2095
  rmse: 7248.6255891673245
  std: 7208.33451398115
trans:
  max: 527.2263308465521
  mean: 295.2912932448514
  median: 377.1690960688867
  min: 0.0
  num_samples: 2095
  rmse: 341.6736683827505
  std: 171.88352975171577
