rot:
  max: 15.662484953174518
  mean: 15.662484953174518
  median: 15.662484953174518
  min: 15.662484953174518
  num_samples: 1
  rmse: 15.662484953174518
  std: 0.0
scale:
  max: 7248.6255891673245
  mean: 7248.6255891673245
  median: 7248.6255891673245
  min: 7248.6255891673245
  num_samples: 1
  rmse: 7248.6255891673245
  std: 0.0
trans:
  max: 341.6736683827505
  mean: 341.6736683827505
  median: 341.6736683827505
  min: 341.6736683827505
  num_samples: 1
  rmse: 341.6736683827505
  std: 0.0
