rot:
  max: 49.102001442691005
  mean: 28.279920065326074
  median: 28.454921653932857
  min: 0.0
  num_samples: 2111
  rmse: 31.23091849924399
  std: 13.252033481892063
scale:
  max: 20993992.132364765
  mean: 18031.8275563674
  median: 20.941215106273315
  min: 0.023492029159810635
  num_samples: 2111
  rmse: 538361.0047518737
  std: 538058.9415969446
trans:
  max: 948.0168261931196
  mean: 483.4350801392544
  median: 478.6157253776967
  min: 0.0
  num_samples: 2111
  rmse: 567.864067443483
  std: 297.92637074319106
