rot:
  max: 31.23091849924399
  mean: 31.23091849924399
  median: 31.23091849924399
  min: 31.23091849924399
  num_samples: 1
  rmse: 31.23091849924399
  std: 0.0
scale:
  max: 538361.0047518737
  mean: 538361.0047518737
  median: 538361.0047518737
  min: 538361.0047518737
  num_samples: 1
  rmse: 538361.0047518737
  std: 0.0
trans:
  max: 567.864067443483
  mean: 567.864067443483
  median: 567.864067443483
  min: 567.864067443483
  num_samples: 1
  rmse: 567.864067443483
  std: 0.0
