rot:
  max: 17.899722334210608
  mean: 9.163039171236298
  median: 7.359213903904147
  min: 0.0007801794054116189
  num_samples: 1101
  rmse: 10.766158935263334
  std: 5.652335036579106
scale:
  max: 1075.418366396347
  mean: 6.886644848070293
  median: 3.4825970970257636
  min: 0.0032779999321719266
  num_samples: 1101
  rmse: 42.98618333859059
  std: 42.43095663257511
trans:
  max: 211.10539037762345
  mean: 83.4930271557606
  median: 78.35711742760847
  min: 1.2476799491734092e-08
  num_samples: 1101
  rmse: 104.38250095966053
  std: 62.64679499352665
