rot:
  max: 10.766158935263334
  mean: 10.766158935263334
  median: 10.766158935263334
  min: 10.766158935263334
  num_samples: 1
  rmse: 10.766158935263334
  std: 0.0
scale:
  max: 42.98618333859059
  mean: 42.98618333859059
  median: 42.98618333859059
  min: 42.98618333859059
  num_samples: 1
  rmse: 42.98618333859059
  std: 0.0
trans:
  max: 104.38250095966053
  mean: 104.38250095966053
  median: 104.38250095966053
  min: 104.38250095966053
  num_samples: 1
  rmse: 104.38250095966053
  std: 0.0
