rot:
  max: 178.54534117754432
  mean: 10.650872919333496
  median: 8.046824960512406
  min: 0.006610887093053061
  num_samples: 2592
  rmse: 19.18842518304786
  std: 15.961032769267582
scale:
  max: 1227967.965611622
  mean: 544.287088096069
  median: 6.155699556236261
  min: 0.14369642574793007
  num_samples: 2592
  rmse: 24120.838753769734
  std: 24114.697048710594
trans:
  max: 221.78444498657976
  mean: 129.17044019516678
  median: 144.94716244608236
  min: 0.001228067965611622
  num_samples: 2592
  rmse: 144.10501639294546
  std: 63.88468618845936
