rot:
  max: 19.18842518304786
  mean: 19.18842518304786
  median: 19.18842518304786
  min: 19.18842518304786
  num_samples: 1
  rmse: 19.18842518304786
  std: 0.0
scale:
  max: 24120.838753769734
  mean: 24120.838753769734
  median: 24120.838753769734
  min: 24120.838753769734
  num_samples: 1
  rmse: 24120.838753769734
  std: 0.0
trans:
  max: 144.10501639294546
  mean: 144.10501639294546
  median: 144.10501639294546
  min: 144.10501639294546
  num_samples: 1
  rmse: 144.10501639294546
  std: 0.0
