rot:
  max: 11.280599219333073
  mean: 4.666989763886947
  median: 4.574783001051806
  min: 0.0023198233863703107
  num_samples: 2095
  rmse: 4.858361176305487
  std: 1.3501406827463915
scale:
  max: 30227.25077256846
  mean: 198.59224187579878
  median: 2.885180884593508
  min: 0.11144497197890235
  num_samples: 2095
  rmse: 1914.9872658649178
  std: 1904.6620041076942
trans:
  max: 164.7713481896021
  mean: 93.29085906635132
  median: 101.17966493901939
  min: 0.0
  num_samples: 2095
  rmse: 105.49012956892733
  std: 49.244116918991
