rot:
  max: 4.858361176305487
  mean: 4.858361176305487
  median: 4.858361176305487
  min: 4.858361176305487
  num_samples: 1
  rmse: 4.858361176305487
  std: 0.0
scale:
  max: 1914.9872658649178
  mean: 1914.9872658649178
  median: 1914.9872658649178
  min: 1914.9872658649178
  num_samples: 1
  rmse: 1914.9872658649178
  std: 0.0
trans:
  max: 105.49012956892733
  mean: 105.49012956892733
  median: 105.49012956892733
  min: 105.49012956892733
  num_samples: 1
  rmse: 105.49012956892733
  std: 0.0
