rot:
  max: 20.157949831263025
  mean: 12.166306394078722
  median: 12.67330480983817
  min: 1.1459155902616465e-14
  num_samples: 2095
  rmse: 13.21567048887004
  std: 5.16090449396128
scale:
  max: 50496.2244397862
  mean: 343.4435442589415
  median: 8.6353217136097
  min: 0.0002588637725065013
  num_samples: 2095
  rmse: 3168.4815964598647
  std: 3149.813035564446
trans:
  max: 397.189537705796
  mean: 206.63788323293048
  median: 205.62553060279436
  min: 0.0
  num_samples: 2095
  rmse: 238.87252244348701
  std: 119.83683570391871
