rot:
  max: 13.21567048887004
  mean: 13.21567048887004
  median: 13.21567048887004
  min: 13.21567048887004
  num_samples: 1
  rmse: 13.21567048887004
  std: 0.0
scale:
  max: 3168.4815964598647
  mean: 3168.4815964598647
  median: 3168.4815964598647
  min: 3168.4815964598647
  num_samples: 1
  rmse: 3168.4815964598647
  std: 0.0
trans:
  max: 238.87252244348701
  mean: 238.87252244348701
  median: 238.87252244348701
  min: 238.87252244348701
  num_samples: 1
  rmse: 238.87252244348701
  std: 0.0
