rot:
  max: 179.19220010694957
  mean: 14.860850471038873
  median: 11.302992321666045
  min: 0.03371887288229111
  num_samples: 2592
  rmse: 27.78680136870348
  std: 23.47895767663474
scale:
  max: 1227981.1363360449
  mean: 634.5739275332344
  median: 10.68033769814225
  min: 0.07078367471387015
  num_samples: 2592
  rmse: 24127.04260478834
  std: 24118.696083821917
trans:
  max: 393.12635437140443
  mean: 275.9695780136552
  median: 334.70621538002047
  min: 0.001228081136336045
  num_samples: 2592
  rmse: 300.03483474399263
  std: 117.73569582255
