rot:
  max: 40.21400831401512
  mean: 22.85789536136167
  median: 34.19501410180115
  min: 0.00014039785329892146
  num_samples: 772
  rmse: 28.21285913131656
  std: 16.53729240270465
scale:
  max: 244754.2290279754
  mean: 4244.713614198158
  median: 590.3018502599795
  min: 0.28040729273857146
  num_samples: 772
  rmse: 17737.78770590012
  std: 17222.41327552623
trans:
  max: 275.29358971225236
  mean: 153.82920478136555
  median: 241.17686933939154
  min: 0.0
  num_samples: 772
  rmse: 193.18303042783768
  std: 116.85999743973798
