rot:
  max: 28.21285913131656
  mean: 28.21285913131656
  median: 28.21285913131656
  min: 28.21285913131656
  num_samples: 1
  rmse: 28.21285913131656
  std: 0.0
scale:
  max: 17737.78770590012
  mean: 17737.78770590012
  median: 17737.78770590012
  min: 17737.78770590012
  num_samples: 1
  rmse: 17737.78770590012
  std: 0.0
trans:
  max: 193.18303042783768
  mean: 193.18303042783768
  median: 193.18303042783768
  min: 193.18303042783768
  num_samples: 1
  rmse: 193.18303042783768
  std: 0.0
