rot:
  max: 2.863215526372519
  mean: 0.6039276260556294
  median: 0.35270138150167574
  min: 0.0004746431245258161
  num_samples: 1101
  rmse: 0.9089170547674886
  std: 0.6792655113679905
scale:
  max: 13823.080277924504
  mean: 36.95132717967224
  median: 2.368928284298377
  min: 0.016852420458324247
  num_samples: 1101
  rmse: 604.377589402196
  std: 603.2469394794063
trans:
  max: 45.32417743703148
  mean: 22.347191601420374
  median: 25.402766981979763
  min: 0.0
  num_samples: 1101
  rmse: 25.69861471798859
  std: 12.68943757433821
