rot:
  max: 21.796457588646522
  mean: 11.496693135593173
  median: 11.479813936963598
  min: 0.00212969360678017
  num_samples: 1330
  rmse: 13.29465199130432
  std: 6.676362671087956
scale:
  max: 24519810.477114342
  mean: 30696.802701960274
  median: 5.565316386699415
  min: 0.007861543896625633
  num_samples: 1330
  rmse: 762003.5190349076
  std: 761384.9678877696
trans:
  max: 309.47924815422255
  mean: 113.54334489350929
  median: 115.92753583710987
  min: 9.938361130639345e-08
  num_samples: 1330
  rmse: 145.1169155177776
  std: 90.37050403636908
