rot:
  max: 13.29465199130432
  mean: 13.29465199130432
  median: 13.29465199130432
  min: 13.29465199130432
  num_samples: 1
  rmse: 13.29465199130432
  std: 0.0
scale:
  max: 762003.5190349076
  mean: 762003.5190349076
  median: 762003.5190349076
  min: 762003.5190349076
  num_samples: 1
  rmse: 762003.5190349076
  std: 0.0
trans:
  max: 145.1169155177776
  mean: 145.1169155177776
  median: 145.1169155177776
  min: 145.1169155177776
  num_samples: 1
  rmse: 145.1169155177776
  std: 0.0
