rot:
  max: 20.739334437683546
  mean: 10.359044386249659
  median: 8.600502474702168
  min: 0.00042243057245074247
  num_samples: 1330
  rmse: 12.528071376149025
  std: 7.045762684734276
scale:
  max: 23085730.07557089
  mean: 28524.692826761417
  median: 6.264266575892269
  min: 0.06336977549912248
  num_samples: 1330
  rmse: 711844.8763978493
  std: 711273.1331584291
trans:
  max: 267.9249844079204
  mean: 87.55756211916335
  median: 63.60041400603113
  min: 9.678172040897828e-08
  num_samples: 1330
  rmse: 118.93584771839315
  std: 80.49477739730482
