rot:
  max: 12.528071376149025
  mean: 12.528071376149025
  median: 12.528071376149025
  min: 12.528071376149025
  num_samples: 1
  rmse: 12.528071376149025
  std: 0.0
scale:
  max: 711844.8763978493
  mean: 711844.8763978493
  median: 711844.8763978493
  min: 711844.8763978493
  num_samples: 1
  rmse: 711844.8763978493
  std: 0.0
trans:
  max: 118.93584771839315
  mean: 118.93584771839315
  median: 118.93584771839315
  min: 118.93584771839315
  num_samples: 1
  rmse: 118.93584771839315
  std: 0.0
