rot:
  max: 8.154276706699854
  mean: 3.1412761666621773
  median: 1.3264120284637035
  min: 0.0006785081735415092
  num_samples: 535
  rmse: 4.287911635904001
  std: 2.9186589800936145
scale:
  max: 3152900.0099882293
  mean: 13791.341334800778
  median: 35.49512425718265
  min: 0.02345169319909468
  num_samples: 535
  rmse: 192948.4204828232
  std: 192454.90866954616
trans:
  max: 57.37559467954419
  mean: 32.09184020991297
  median: 49.433028272160016
  min: 3.8474106316268337e-08
  num_samples: 535
  rmse: 39.60214512214922
  std: 23.20438946012544
