rot:
  max: 4.287911635904001
  mean: 4.287911635904001
  median: 4.287911635904001
  min: 4.287911635904001
  num_samples: 1
  rmse: 4.287911635904001
  std: 0.0
scale:
  max: 192948.4204828232
  mean: 192948.4204828232
  median: 192948.4204828232
  min: 192948.4204828232
  num_samples: 1
  rmse: 192948.4204828232
  std: 0.0
trans:
  max: 39.60214512214922
  mean: 39.60214512214922
  median: 39.60214512214922
  min: 39.60214512214922
  num_samples: 1
  rmse: 39.60214512214922
  std: 0.0
