rot:
  max: 10.724652451382376
  mean: 5.730675181360582
  median: 6.034123442460729
  min: 0.0
  num_samples: 772
  rmse: 6.576348309156681
  std: 3.2260996650887575
scale:
  max: 24634.722806107526
  mean: 463.0256012096354
  median: 31.50036882490712
  min: 0.02017084801441138
  num_samples: 772
  rmse: 2249.370351223457
  std: 2201.1983712486235
trans:
  max: 27.03590062258467
  mean: 15.337434133912334
  median: 19.724036052627362
  min: 0.0
  num_samples: 772
  rmse: 17.42806012325194
  std: 8.27649647179199
