rot:
  max: 2.3474429888876998
  mean: 0.5161648711150748
  median: 0.46966746092063816
  min: 0.0
  num_samples: 792
  rmse: 0.6865395734840005
  std: 0.45267031246410616
scale:
  max: 95045.45683651343
  mean: 229.178253609373
  median: 6.163949582560568
  min: 0.035364857376285475
  num_samples: 792
  rmse: 3823.710572455876
  std: 3816.8363692963576
trans:
  max: 9.170495452033927
  mean: 4.156936764482068
  median: 4.950784963410172
  min: 0.0
  num_samples: 792
  rmse: 4.5722864721576295
  std: 1.904121928756932
