rot:
  max: 0.6865395734840005
  mean: 0.6865395734840005
  median: 0.6865395734840005
  min: 0.6865395734840005
  num_samples: 1
  rmse: 0.6865395734840005
  std: 0.0
scale:
  max: 3823.710572455876
  mean: 3823.710572455876
  median: 3823.710572455876
  min: 3823.710572455876
  num_samples: 1
  rmse: 3823.710572455876
  std: 0.0
trans:
  max: 4.5722864721576295
  mean: 4.5722864721576295
  median: 4.5722864721576295
  min: 4.5722864721576295
  num_samples: 1
  rmse: 4.5722864721576295
  std: 0.0
