rot:
  max: 11.623280474693605
  mean: 6.282126184718144
  median: 6.969001608858996
  min: 0.0
  num_samples: 772
  rmse: 6.916172789009463
  std: 2.892807744512863
scale:
  max: 52009.25955358523
  mean: 1257.2829279064936
  median: 40.415899671948054
  min: 0.07267084031300497
  num_samples: 772
  rmse: 5307.692022018335
  std: 5156.630124392475
trans:
  max: 100.10508449184124
  mean: 59.675715560018446
  median: 92.79473047305447
  min: 0.0
  num_samples: 772
  rmse: 73.22704889260314
  std: 42.43830418288959
