rot:
  max: 6.916172789009463
  mean: 6.916172789009463
  median: 6.916172789009463
  min: 6.916172789009463
  num_samples: 1
  rmse: 6.916172789009463
  std: 0.0
scale:
  max: 5307.692022018335
  mean: 5307.692022018335
  median: 5307.692022018335
  min: 5307.692022018335
  num_samples: 1
  rmse: 5307.692022018335
  std: 0.0
trans:
  max: 73.22704889260314
  mean: 73.22704889260314
  median: 73.22704889260314
  min: 73.22704889260314
  num_samples: 1
  rmse: 73.22704889260314
  std: 0.0
