rot:
  max: 9.567552138038014
  mean: 6.219886362777267
  median: 7.888645565905804
  min: 0.00014039785329892146
  num_samples: 772
  rmse: 6.961236126312787
  std: 3.1259913692170747
scale:
  max: 82179.4422051431
  mean: 396.7734082911466
  median: 5.875088823345553
  min: 0.033177244656013016
  num_samples: 772
  rmse: 5121.813262926257
  std: 5106.421639735632
trans:
  max: 20.517588892230272
  mean: 7.987168064730444
  median: 8.798538924260075
  min: 0.0
  num_samples: 772
  rmse: 9.752949456872205
  std: 5.596889262264706
