rot:
  max: 6.961236126312787
  mean: 6.961236126312787
  median: 6.961236126312787
  min: 6.961236126312787
  num_samples: 1
  rmse: 6.961236126312787
  std: 0.0
scale:
  max: 5121.813262926257
  mean: 5121.813262926257
  median: 5121.813262926257
  min: 5121.813262926257
  num_samples: 1
  rmse: 5121.813262926257
  std: 0.0
trans:
  max: 9.752949456872205
  mean: 9.752949456872205
  median: 9.752949456872205
  min: 9.752949456872205
  num_samples: 1
  rmse: 9.752949456872205
  std: 0.0
