rot:
  max: 13.755824064813375
  mean: 7.498377599285888
  median: 8.103197010116228
  min: 0.0011563767715691445
  num_samples: 535
  rmse: 8.717913208873604
  std: 4.4470601632967
scale:
  max: 3374449.4128054874
  mean: 14630.922001813315
  median: 9.324914274215557
  min: 0.024758038839267638
  num_samples: 535
  rmse: 206107.9528617055
  std: 205587.9966199872
trans:
  max: 40.19714036945536
  mean: 18.287531500919506
  median: 21.12203490395781
  min: 4.0797911805097564e-08
  num_samples: 535
  rmse: 22.988044601137272
  std: 13.928976494586857
