rot:
  max: 8.717913208873604
  mean: 8.717913208873604
  median: 8.717913208873604
  min: 8.717913208873604
  num_samples: 1
  rmse: 8.717913208873604
  std: 0.0
scale:
  max: 206107.9528617055
  mean: 206107.9528617055
  median: 206107.9528617055
  min: 206107.9528617055
  num_samples: 1
  rmse: 206107.9528617055
  std: 0.0
trans:
  max: 22.988044601137272
  mean: 22.988044601137272
  median: 22.988044601137272
  min: 22.988044601137272
  num_samples: 1
  rmse: 22.988044601137272
  std: 0.0
