rot:
  max: 28.627786500143614
  mean: 15.778444598007184
  median: 13.941228514331762
  min: 0.0
  num_samples: 808
  rmse: 18.428004520268054
  std: 9.520085958994162
scale:
  max: 10558.179484313026
  mean: 254.55714107964732
  median: 8.990001017938422
  min: 0.008965374692448957
  num_samples: 808
  rmse: 982.6698014817239
  std: 949.1262301029759
trans:
  max: 86.88982984885253
  mean: 38.6209196237208
  median: 31.49740425700911
  min: 0.0
  num_samples: 808
  rmse: 46.358175934036936
  std: 25.641861152210044
