rot:
  max: 18.428004520268054
  mean: 18.428004520268054
  median: 18.428004520268054
  min: 18.428004520268054
  num_samples: 1
  rmse: 18.428004520268054
  std: 0.0
scale:
  max: 982.6698014817239
  mean: 982.6698014817239
  median: 982.6698014817239
  min: 982.6698014817239
  num_samples: 1
  rmse: 982.6698014817239
  std: 0.0
trans:
  max: 46.358175934036936
  mean: 46.358175934036936
  median: 46.358175934036936
  min: 46.358175934036936
  num_samples: 1
  rmse: 46.358175934036936
  std: 0.0
