rot:
  max: 8.63644210761991
  mean: 5.4151624176194675
  median: 5.566254332838784
  min: 0.0007801794054116189
  num_samples: 1101
  rmse: 5.897645390706263
  std: 2.3362870425785687
scale:
  max: 1074.9600677022745
  mean: 5.678584497852715
  median: 2.897338498387758
  min: 0.00250258144043336
  num_samples: 1101
  rmse: 42.82103031212972
  std: 42.44283585121381
trans:
  max: 161.28090727912343
  mean: 59.80306433616902
  median: 41.589999184025686
  min: 1.2476799491734092e-08
  num_samples: 1101
  rmse: 79.15834716071156
  std: 51.861714406870114
