rot:
  max: 5.897645390706263
  mean: 5.897645390706263
  median: 5.897645390706263
  min: 5.897645390706263
  num_samples: 1
  rmse: 5.897645390706263
  std: 0.0
scale:
  max: 42.82103031212972
  mean: 42.82103031212972
  median: 42.82103031212972
  min: 42.82103031212972
  num_samples: 1
  rmse: 42.82103031212972
  std: 0.0
trans:
  max: 79.15834716071156
  mean: 79.15834716071156
  median: 79.15834716071156
  min: 79.15834716071156
  num_samples: 1
  rmse: 79.15834716071156
  std: 0.0
