rot:
  max: 9.779005442465625
  mean: 5.229070797938858
  median: 4.4379523084288195
  min: 0.0
  num_samples: 792
  rmse: 6.049427366555988
  std: 3.0417741621263716
scale:
  max: 80473.5457920929
  mean: 239.70675556331702
  median: 5.973787334809739
  min: 0.006558270102874353
  num_samples: 792
  rmse: 3215.551909501949
  std: 3206.6048640328195
trans:
  max: 26.19661878743985
  mean: 13.288054427144978
  median: 14.576825520955529
  min: 0.0
  num_samples: 792
  rmse: 15.023880925885448
  std: 7.010321505923774
