rot:
  max: 6.049427366555988
  mean: 6.049427366555988
  median: 6.049427366555988
  min: 6.049427366555988
  num_samples: 1
  rmse: 6.049427366555988
  std: 0.0
scale:
  max: 3215.551909501949
  mean: 3215.551909501949
  median: 3215.551909501949
  min: 3215.551909501949
  num_samples: 1
  rmse: 3215.551909501949
  std: 0.0
trans:
  max: 15.023880925885448
  mean: 15.023880925885448
  median: 15.023880925885448
  min: 15.023880925885448
  num_samples: 1
  rmse: 15.023880925885448
  std: 0.0
