rot:
  max: 9.446501216865299
  mean: 2.795607481416002
  median: 3.322217596945719
  min: 0.00260916829651933
  num_samples: 535
  rmse: 3.3624183463423707
  std: 1.8682708437672095
scale:
  max: 2560772.933327428
  mean: 8258.316552379933
  median: 11.140839592996144
  min: 0.05100741757402272
  num_samples: 535
  rmse: 126938.13293655546
  std: 126669.21410168818
trans:
  max: 25.626083422435414
  mean: 12.051549918448746
  median: 12.135916534465753
  min: 0.0
  num_samples: 535
  rmse: 16.26267879884271
  std: 10.919471886381052
