rot:
  max: 3.3624183463423707
  mean: 3.3624183463423707
  median: 3.3624183463423707
  min: 3.3624183463423707
  num_samples: 1
  rmse: 3.3624183463423707
  std: 0.0
scale:
  max: 126938.13293655546
  mean: 126938.13293655546
  median: 126938.13293655546
  min: 126938.13293655546
  num_samples: 1
  rmse: 126938.13293655546
  std: 0.0
trans:
  max: 16.26267879884271
  mean: 16.26267879884271
  median: 16.26267879884271
  min: 16.26267879884271
  num_samples: 1
  rmse: 16.26267879884271
  std: 0.0
