rot:
  max: 28.835531944151406
  mean: 17.522982223958753
  median: 17.661103713259273
  min: 0.0
  num_samples: 2686
  rmse: 18.925065673031906
  std: 7.148650551495448
scale:
  max: 166664.68731842787
  mean: 569.7735156303611
  median: 10.994662964303238
  min: 0.11291162847399949
  num_samples: 2686
  rmse: 4728.301421155838
  std: 4693.846234186899
trans:
  max: 503.70779797489314
  mean: 300.06407264571885
  median: 362.1924569929329
  min: 0.0
  num_samples: 2686
  rmse: 337.84792891742694
  std: 155.2506856057631
