rot:
  max: 18.925065673031906
  mean: 18.925065673031906
  median: 18.925065673031906
  min: 18.925065673031906
  num_samples: 1
  rmse: 18.925065673031906
  std: 0.0
scale:
  max: 4728.301421155838
  mean: 4728.301421155838
  median: 4728.301421155838
  min: 4728.301421155838
  num_samples: 1
  rmse: 4728.301421155838
  std: 0.0
trans:
  max: 337.84792891742694
  mean: 337.84792891742694
  median: 337.84792891742694
  min: 337.84792891742694
  num_samples: 1
  rmse: 337.84792891742694
  std: 0.0
