rot:
  max: 9.622672782515584
  mean: 5.448479225121273
  median: 5.401041667515994
  min: 0.0
  num_samples: 772
  rmse: 5.8647404913635555
  std: 2.170081833586265
scale:
  max: 25937.27882746204
  mean: 630.9806526200733
  median: 39.58275899873926
  min: 0.01739570670044044
  num_samples: 772
  rmse: 2641.6056596986573
  std: 2565.1401282134907
trans:
  max: 47.00297000703783
  mean: 30.368837588187645
  median: 44.503012254453594
  min: 0.0
  num_samples: 772
  rmse: 35.570406839967816
  std: 18.51992295618723
