rot:
  max: 5.8647404913635555
  mean: 5.8647404913635555
  median: 5.8647404913635555
  min: 5.8647404913635555
  num_samples: 1
  rmse: 5.8647404913635555
  std: 0.0
scale:
  max: 2641.6056596986573
  mean: 2641.6056596986573
  median: 2641.6056596986573
  min: 2641.6056596986573
  num_samples: 1
  rmse: 2641.6056596986573
  std: 0.0
trans:
  max: 35.570406839967816
  mean: 35.570406839967816
  median: 35.570406839967816
  min: 35.570406839967816
  num_samples: 1
  rmse: 35.570406839967816
  std: 0.0
