rot:
  max: 22.4490607127935
  mean: 13.33640117803086
  median: 13.04632383114361
  min: 0.0
  num_samples: 2667
  rmse: 14.508181543219493
  std: 5.7120692668797215
scale:
  max: 7269440.2587495195
  mean: 3911.266959572882
  median: 6.902402630058213
  min: 0.06360814266744841
  num_samples: 2667
  rmse: 146396.70419048023
  std: 146344.44638798537
trans:
  max: 346.42045169732006
  mean: 211.33664587628476
  median: 254.2423763048387
  min: 0.0
  num_samples: 2667
  rmse: 234.74082171145767
  std: 102.1766875932673
