rot:
  max: 14.508181543219493
  mean: 14.508181543219493
  median: 14.508181543219493
  min: 14.508181543219493
  num_samples: 1
  rmse: 14.508181543219493
  std: 0.0
scale:
  max: 146396.70419048023
  mean: 146396.70419048023
  median: 146396.70419048023
  min: 146396.70419048023
  num_samples: 1
  rmse: 146396.70419048023
  std: 0.0
trans:
  max: 234.74082171145767
  mean: 234.74082171145767
  median: 234.74082171145767
  min: 234.74082171145767
  num_samples: 1
  rmse: 234.74082171145767
  std: 0.0
