rot:
  max: 176.9813776486875
  mean: 9.401022641955894
  median: 7.087361829323457
  min: 0.0020552652294739838
  num_samples: 2592
  rmse: 20.60802406612731
  std: 18.33879574005652
scale:
  max: 1227967.965611622
  mean: 510.6143670181226
  median: 5.817695076183716
  min: 0.010770945729299264
  num_samples: 2592
  rmse: 24119.92318395192
  std: 24114.517771830644
trans:
  max: 193.5424396330286
  mean: 109.39920913195412
  median: 129.64152254567745
  min: 0.001228067965611622
  num_samples: 2592
  rmse: 123.50705328095333
  std: 57.32194389103719
