rot:
  max: 20.60802406612731
  mean: 20.60802406612731
  median: 20.60802406612731
  min: 20.60802406612731
  num_samples: 1
  rmse: 20.60802406612731
  std: 0.0
scale:
  max: 24119.92318395192
  mean: 24119.92318395192
  median: 24119.92318395192
  min: 24119.92318395192
  num_samples: 1
  rmse: 24119.92318395192
  std: 0.0
trans:
  max: 123.50705328095333
  mean: 123.50705328095333
  median: 123.50705328095333
  min: 123.50705328095333
  num_samples: 1
  rmse: 123.50705328095333
  std: 0.0
