rot:
  max: 179.8311214240174
  mean: 26.960104640235695
  median: 25.86009420154999
  min: 0.03371887288229111
  num_samples: 2592
  rmse: 32.16320395488063
  std: 17.539225935906945
scale:
  max: 1227981.1363360449
  mean: 637.2184559022426
  median: 26.406710422494726
  min: 0.004503725357896116
  num_samples: 2592
  rmse: 24126.474564571396
  std: 24118.058121548012
trans:
  max: 811.6531930513288
  mean: 481.21647616704394
  median: 556.9349269957588
  min: 0.001228081136336045
  num_samples: 2592
  rmse: 540.3037625925936
  std: 245.6803999856043
