rot:
  max: 32.16320395488063
  mean: 32.16320395488063
  median: 32.16320395488063
  min: 32.16320395488063
  num_samples: 1
  rmse: 32.16320395488063
  std: 0.0
scale:
  max: 24126.474564571396
  mean: 24126.474564571396
  median: 24126.474564571396
  min: 24126.474564571396
  num_samples: 1
  rmse: 24126.474564571396
  std: 0.0
trans:
  max: 540.3037625925936
  mean: 540.3037625925936
  median: 540.3037625925936
  min: 540.3037625925936
  num_samples: 1
  rmse: 540.3037625925936
  std: 0.0
