rot:
  max: 23.233338716995785
  mean: 15.43913238877997
  median: 17.03617494360628
  min: 1.1459155902616465e-14
  num_samples: 2095
  rmse: 16.52534119756832
  std: 5.892375817764353
scale:
  max: 125822.89624576629
  mean: 839.9240177796894
  median: 11.23878538604217
  min: 0.17901581168140446
  num_samples: 2095
  rmse: 7983.266147787649
  std: 7938.95874978382
trans:
  max: 563.5031616117565
  mean: 315.59784169246416
  median: 399.62444004283407
  min: 0.0
  num_samples: 2095
  rmse: 366.6296212491884
  std: 186.5885352758354
