rot:
  max: 16.52534119756832
  mean: 16.52534119756832
  median: 16.52534119756832
  min: 16.52534119756832
  num_samples: 1
  rmse: 16.52534119756832
  std: 0.0
scale:
  max: 7983.266147787649
  mean: 7983.266147787649
  median: 7983.266147787649
  min: 7983.266147787649
  num_samples: 1
  rmse: 7983.266147787649
  std: 0.0
trans:
  max: 366.6296212491884
  mean: 366.6296212491884
  median: 366.6296212491884
  min: 366.6296212491884
  num_samples: 1
  rmse: 366.6296212491884
  std: 0.0
