rot:
  max: 11.93218335168192
  mean: 5.40305848455772
  median: 5.260126436525341
  min: 0.0023198233863703107
  num_samples: 2095
  rmse: 5.668156417138481
  std: 1.7131713812683722
scale:
  max: 32341.516642160284
  mean: 209.71710284763265
  median: 1.8488910107603784
  min: 0.019780567395843995
  num_samples: 2095
  rmse: 2048.459687537931
  std: 2037.6962060722387
trans:
  max: 165.48134181742603
  mean: 93.10786941037702
  median: 107.61444918831897
  min: 0.0
  num_samples: 2095
  rmse: 104.89933048318858
  std: 48.319708087708825
