rot:
  max: 6.224966975844869
  mean: 3.12308811378256
  median: 3.244460393101983
  min: 0.00028484216398121505
  num_samples: 535
  rmse: 3.8514522243950475
  std: 2.253886614350343
scale:
  max: 2557282.951710896
  mean: 8172.0702884772145
  median: 9.767235572042843
  min: 0.00883520968926188
  num_samples: 535
  rmse: 126339.90904013647
  std: 126075.33415966084
trans:
  max: 36.582131156625984
  mean: 20.41280044182638
  median: 30.88350810031415
  min: 0.0
  num_samples: 535
  rmse: 25.315847361180882
  std: 14.973633685140749
