rot:
  max: 3.8514522243950475
  mean: 3.8514522243950475
  median: 3.8514522243950475
  min: 3.8514522243950475
  num_samples: 1
  rmse: 3.8514522243950475
  std: 0.0
scale:
  max: 126339.90904013647
  mean: 126339.90904013647
  median: 126339.90904013647
  min: 126339.90904013647
  num_samples: 1
  rmse: 126339.90904013647
  std: 0.0
trans:
  max: 25.315847361180882
  mean: 25.315847361180882
  median: 25.315847361180882
  min: 25.315847361180882
  num_samples: 1
  rmse: 25.315847361180882
  std: 0.0
