rot:
  max: 3.572256016458257
  mean: 2.4013281951938823
  median: 2.7960297581385194
  min: 0.0
  num_samples: 792
  rmse: 2.6104355564379973
  std: 1.0237170963125737
scale:
  max: 80473.26291938446
  mean: 213.08665183354464
  median: 7.564983717126649
  min: 0.18472419760724446
  num_samples: 792
  rmse: 3209.6602942793756
  std: 3202.5791611580717
trans:
  max: 23.000845828608846
  mean: 11.232648722671838
  median: 10.798666772494432
  min: 0.0
  num_samples: 792
  rmse: 12.901668936624677
  std: 6.346704973710761
