rot:
  max: 2.6104355564379973
  mean: 2.6104355564379973
  median: 2.6104355564379973
  min: 2.6104355564379973
  num_samples: 1
  rmse: 2.6104355564379973
  std: 0.0
scale:
  max: 3209.6602942793756
  mean: 3209.6602942793756
  median: 3209.6602942793756
  min: 3209.6602942793756
  num_samples: 1
  rmse: 3209.6602942793756
  std: 0.0
trans:
  max: 12.901668936624677
  mean: 12.901668936624677
  median: 12.901668936624677
  min: 12.901668936624677
  num_samples: 1
  rmse: 12.901668936624677
  std: 0.0
