rot:
  max: 16.913607888210564
  mean: 8.825167332213729
  median: 6.893553554778145
  min: 0.0007801794054116189
  num_samples: 1101
  rmse: 10.341144053331565
  std: 5.390332261575573
scale:
  max: 1075.418366396347
  mean: 7.321020089285382
  median: 3.8605129255419035
  min: 0.021190875317900204
  num_samples: 1101
  rmse: 43.04573529921278
  std: 42.41860431817828
trans:
  max: 208.46235284773857
  mean: 83.46886826121
  median: 78.42606245854435
  min: 1.2476799491734092e-08
  num_samples: 1101
  rmse: 103.32523249191772
  std: 60.90198437408765
