rot:
  max: 10.341144053331565
  mean: 10.341144053331565
  median: 10.341144053331565
  min: 10.341144053331565
  num_samples: 1
  rmse: 10.341144053331565
  std: 0.0
scale:
  max: 43.04573529921278
  mean: 43.04573529921278
  median: 43.04573529921278
  min: 43.04573529921278
  num_samples: 1
  rmse: 43.04573529921278
  std: 0.0
trans:
  max: 103.32523249191772
  mean: 103.32523249191772
  median: 103.32523249191772
  min: 103.32523249191772
  num_samples: 1
  rmse: 103.32523249191772
  std: 0.0
