rot:
  max: 5.904786569712579
  mean: 1.3952462621204256
  median: 0.5638080900797997
  min: 6.40075287484883e-05
  num_samples: 1101
  rmse: 2.23363751559663
  std: 1.7442546887194161
scale:
  max: 13823.080277924504
  mean: 36.32442839887106
  median: 2.196961212744819
  min: 0.0067700313777341314
  num_samples: 1101
  rmse: 604.3750855863087
  std: 603.2825042871319
trans:
  max: 52.28785789462967
  mean: 21.083307505566754
  median: 22.73797061774939
  min: 0.0
  num_samples: 1101
  rmse: 25.032581374652572
  std: 13.495342711628906
