rot:
  max: 2.23363751559663
  mean: 2.23363751559663
  median: 2.23363751559663
  min: 2.23363751559663
  num_samples: 1
  rmse: 2.23363751559663
  std: 0.0
scale:
  max: 604.3750855863087
  mean: 604.3750855863087
  median: 604.3750855863087
  min: 604.3750855863087
  num_samples: 1
  rmse: 604.3750855863087
  std: 0.0
trans:
  max: 25.032581374652572
  mean: 25.032581374652572
  median: 25.032581374652572
  min: 25.032581374652572
  num_samples: 1
  rmse: 25.032581374652572
  std: 0.0
