rot:
  max: 20.33227233871487
  mean: 10.253982424376533
  median: 9.144186221329534
  min: 0.00042243057245074247
  num_samples: 1330
  rmse: 12.229637019159057
  std: 6.664823032981653
scale:
  max: 23085730.07557089
  mean: 28514.89691920592
  median: 4.217838518805728
  min: 0.024884909979216996
  num_samples: 1330
  rmse: 711844.8643269225
  std: 711273.5138624955
trans:
  max: 285.2848133297772
  mean: 83.98944014609401
  median: 54.32964900367733
  min: 9.678172040897828e-08
  num_samples: 1330
  rmse: 116.59015175003604
  std: 80.86431492965313
