rot:
  max: 22.404120971060134
  mean: 13.960135759915696
  median: 14.754545559523178
  min: 1.1459155902616465e-14
  num_samples: 1929
  rmse: 15.169076025019747
  std: 5.934262971722095
scale:
  max: 9702.577302847705
  mean: 25.38070033193457
  median: 11.757358258575135
  min: 0.013785796801069061
  num_samples: 1929
  rmse: 285.98995423408326
  std: 284.86149963354745
trans:
  max: 496.21696792892755
  mean: 260.7510030827119
  median: 285.54432581876875
  min: 0.0
  num_samples: 1929
  rmse: 305.29189888298845
  std: 158.783052984065
