rot:
  max: 15.169076025019747
  mean: 15.169076025019747
  median: 15.169076025019747
  min: 15.169076025019747
  num_samples: 1
  rmse: 15.169076025019747
  std: 0.0
scale:
  max: 285.98995423408326
  mean: 285.98995423408326
  median: 285.98995423408326
  min: 285.98995423408326
  num_samples: 1
  rmse: 285.98995423408326
  std: 0.0
trans:
  max: 305.29189888298845
  mean: 305.29189888298845
  median: 305.29189888298845
  min: 305.29189888298845
  num_samples: 1
  rmse: 305.29189888298845
  std: 0.0
