rot:
  max: 19.816328286988494
  mean: 9.246559866269976
  median: 7.006830299550463
  min: 0.00042243057245074247
  num_samples: 1330
  rmse: 11.727049292652369
  std: 7.212823008488688
scale:
  max: 23085730.07557089
  mean: 28530.742669443684
  median: 5.292949760490773
  min: 0.02582252590914713
  num_samples: 1330
  rmse: 711844.8870976851
  std: 711272.9012199509
trans:
  max: 262.9727122298406
  mean: 81.1687827541796
  median: 63.90314170747381
  min: 9.678172040897828e-08
  num_samples: 1330
  rmse: 111.77268842542306
  std: 76.84245300646965
