rot:
  max: 11.727049292652369
  mean: 11.727049292652369
  median: 11.727049292652369
  min: 11.727049292652369
  num_samples: 1
  rmse: 11.727049292652369
  std: 0.0
scale:
  max: 711844.8870976851
  mean: 711844.8870976851
  median: 711844.8870976851
  min: 711844.8870976851
  num_samples: 1
  rmse: 711844.8870976851
  std: 0.0
trans:
  max: 111.77268842542306
  mean: 111.77268842542306
  median: 111.77268842542306
  min: 111.77268842542306
  num_samples: 1
  rmse: 111.77268842542306
  std: 0.0
