rot:
  max: 12.547144986414947
  mean: 7.482447103711595
  median: 8.413307240034296
  min: 0.00016122290739021877
  num_samples: 2095
  rmse: 7.9992315724199745
  std: 2.8285492906008383
scale:
  max: 37952.545268996204
  mean: 262.2830167677268
  median: 10.037304386124513
  min: 0.0074140355494023424
  num_samples: 2095
  rmse: 2392.842084550984
  std: 2378.4240287874495
trans:
  max: 337.31025155809215
  mean: 179.2182795059396
  median: 184.21093955624076
  min: 0.0
  num_samples: 2095
  rmse: 209.09581944172763
  std: 107.71197704498084
