rot:
  max: 7.9992315724199745
  mean: 7.9992315724199745
  median: 7.9992315724199745
  min: 7.9992315724199745
  num_samples: 1
  rmse: 7.9992315724199745
  std: 0.0
scale:
  max: 2392.842084550984
  mean: 2392.842084550984
  median: 2392.842084550984
  min: 2392.842084550984
  num_samples: 1
  rmse: 2392.842084550984
  std: 0.0
trans:
  max: 209.09581944172763
  mean: 209.09581944172763
  median: 209.09581944172763
  min: 209.09581944172763
  num_samples: 1
  rmse: 209.09581944172763
  std: 0.0
