rot:
  max: 8.791969869481257
  mean: 1.4792867863471846
  median: 1.133539128094837
  min: 0.0
  num_samples: 792
  rmse: 2.223049577673059
  std: 1.6594155683646534
scale:
  max: 95045.45683651343
  mean: 228.07999446039247
  median: 3.9251757020426714
  min: 0.03955943078168822
  num_samples: 792
  rmse: 3823.6811413993005
  std: 3816.8726710776723
trans:
  max: 10.208758442097977
  mean: 4.748833452244718
  median: 4.322436501016137
  min: 0.0
  num_samples: 792
  rmse: 5.373256661930843
  std: 2.514054096042028
