rot:
  max: 2.223049577673059
  mean: 2.223049577673059
  median: 2.223049577673059
  min: 2.223049577673059
  num_samples: 1
  rmse: 2.223049577673059
  std: 0.0
scale:
  max: 3823.6811413993005
  mean: 3823.6811413993005
  median: 3823.6811413993005
  min: 3823.6811413993005
  num_samples: 1
  rmse: 3823.6811413993005
  std: 0.0
trans:
  max: 5.373256661930843
  mean: 5.373256661930843
  median: 5.373256661930843
  min: 5.373256661930843
  num_samples: 1
  rmse: 5.373256661930843
  std: 0.0
