rot:
  max: 86.95933300888103
  mean: 86.95933300888103
  median: 86.95933300888103
  min: 86.95933300888103
  num_samples: 1
  rmse: 86.95933300888103
  std: 0.0
scale:
  max: 127792.3230759248
  mean: 127792.3230759248
  median: 127792.3230759248
  min: 127792.3230759248
  num_samples: 1
  rmse: 127792.3230759248
  std: 0.0
trans:
  max: 424.54468547389075
  mean: 424.54468547389075
  median: 424.54468547389075
  min: 424.54468547389075
  num_samples: 1
  rmse: 424.54468547389075
  std: 0.0
