rot:
  max: 19.992739707384636
  mean: 10.733090131277232
  median: 10.263573665193908
  min: 0.0016653275185080497
  num_samples: 1101
  rmse: 12.182034826949463
  std: 5.76218263845298
scale:
  max: 288.1865500329191
  mean: 7.024459634827849
  median: 3.99432126361996
  min: 0.02296831961018375
  num_samples: 1101
  rmse: 24.385878267201
  std: 23.352259541667916
trans:
  max: 232.33448910402672
  mean: 93.56025213187502
  median: 85.92983455808243
  min: 9.29184417226616e-08
  num_samples: 1101
  rmse: 116.5833409353725
  std: 69.55684441284896
