rot:
  max: 12.182034826949463
  mean: 12.182034826949463
  median: 12.182034826949463
  min: 12.182034826949463
  num_samples: 1
  rmse: 12.182034826949463
  std: 0.0
scale:
  max: 24.385878267201
  mean: 24.385878267201
  median: 24.385878267201
  min: 24.385878267201
  num_samples: 1
  rmse: 24.385878267201
  std: 0.0
trans:
  max: 116.5833409353725
  mean: 116.5833409353725
  median: 116.5833409353725
  min: 116.5833409353725
  num_samples: 1
  rmse: 116.5833409353725
  std: 0.0
