rot:
  max: 13.316280323176986
  mean: 8.97662848742326
  median: 8.926040091059724
  min: 1.1459155902616465e-14
  num_samples: 2095
  rmse: 9.590676409816805
  std: 3.3765685239008114
scale:
  max: 18152.11699678873
  mean: 150.63905753121182
  median: 6.464308074440095
  min: 0.017285978540348967
  num_samples: 2095
  rmse: 1219.4401080212563
  std: 1210.1000171047851
trans:
  max: 283.86349200853954
  mean: 150.2996187975431
  median: 147.20420336111175
  min: 0.0
  num_samples: 2095
  rmse: 172.40645330152225
  std: 84.46306725026747
