rot:
  max: 9.590676409816805
  mean: 9.590676409816805
  median: 9.590676409816805
  min: 9.590676409816805
  num_samples: 1
  rmse: 9.590676409816805
  std: 0.0
scale:
  max: 1219.4401080212563
  mean: 1219.4401080212563
  median: 1219.4401080212563
  min: 1219.4401080212563
  num_samples: 1
  rmse: 1219.4401080212563
  std: 0.0
trans:
  max: 172.40645330152225
  mean: 172.40645330152225
  median: 172.40645330152225
  min: 172.40645330152225
  num_samples: 1
  rmse: 172.40645330152225
  std: 0.0
