rot:
  max: 26.822635523809904
  mean: 15.740562227050274
  median: 22.968611994934818
  min: 0.002037169356248867
  num_samples: 772
  rmse: 18.815607762624072
  std: 10.308336250495396
scale:
  max: 103589.45372196249
  mean: 2674.765865172578
  median: 437.88950456243094
  min: 0.15101566756097196
  num_samples: 772
  rmse: 10554.10185402016
  std: 10209.539338850669
trans:
  max: 201.2010084449735
  mean: 114.61065390642023
  median: 179.5376602791642
  min: 0.0
  num_samples: 772
  rmse: 142.68724819401922
  std: 84.99440457067983
