rot:
  max: 18.815607762624072
  mean: 18.815607762624072
  median: 18.815607762624072
  min: 18.815607762624072
  num_samples: 1
  rmse: 18.815607762624072
  std: 0.0
scale:
  max: 10554.10185402016
  mean: 10554.10185402016
  median: 10554.10185402016
  min: 10554.10185402016
  num_samples: 1
  rmse: 10554.10185402016
  std: 0.0
trans:
  max: 142.68724819401922
  mean: 142.68724819401922
  median: 142.68724819401922
  min: 142.68724819401922
  num_samples: 1
  rmse: 142.68724819401922
  std: 0.0
