rot:
  max: 4.542300977919629
  mean: 4.542300977919629
  median: 4.542300977919629
  min: 4.542300977919629
  num_samples: 1
  rmse: 4.542300977919629
  std: 0.0
scale:
  max: 218.81606419598472
  mean: 218.81606419598472
  median: 218.81606419598472
  min: 218.81606419598472
  num_samples: 1
  rmse: 218.81606419598472
  std: 0.0
trans:
  max: 12.228248119828693
  mean: 12.228248119828693
  median: 12.228248119828693
  min: 12.228248119828693
  num_samples: 1
  rmse: 12.228248119828693
  std: 0.0
