rot:
  max: 2.6356445963626456
  mean: 1.397127723858624
  median: 1.534538693109977
  min: 0.0004746431245258161
  num_samples: 1101
  rmse: 1.5637936624632733
  std: 0.70248469163813
scale:
  max: 13823.080277924504
  mean: 35.935296014111316
  median: 1.7022381696141897
  min: 0.07357306427728805
  num_samples: 1101
  rmse: 604.3735174266062
  std: 603.3042375675695
trans:
  max: 54.739609838890274
  mean: 21.85620115571866
  median: 16.38123695088725
  min: 0.0
  num_samples: 1101
  rmse: 27.801617910247156
  std: 17.182445386735196
