rot:
  max: 1.5637936624632733
  mean: 1.5637936624632733
  median: 1.5637936624632733
  min: 1.5637936624632733
  num_samples: 1
  rmse: 1.5637936624632733
  std: 0.0
scale:
  max: 604.3735174266062
  mean: 604.3735174266062
  median: 604.3735174266062
  min: 604.3735174266062
  num_samples: 1
  rmse: 604.3735174266062
  std: 0.0
trans:
  max: 27.801617910247156
  mean: 27.801617910247156
  median: 27.801617910247156
  min: 27.801617910247156
  num_samples: 1
  rmse: 27.801617910247156
  std: 0.0
