rot:
  max: 11.058468913704242
  mean: 5.029840644057996
  median: 5.542347990653004
  min: 0.00260916829651933
  num_samples: 535
  rmse: 5.651230942821558
  std: 2.5762597432103127
scale:
  max: 2560772.933327428
  mean: 8263.237436098027
  median: 15.507406446855775
  min: 0.005453906483920967
  num_samples: 535
  rmse: 126938.23745086117
  std: 126668.99792058782
trans:
  max: 28.17548002462318
  mean: 15.086705306060976
  median: 17.969743593998086
  min: 0.0
  num_samples: 535
  rmse: 18.567495146400066
  std: 10.8232711792536
