rot:
  max: 5.651230942821558
  mean: 5.651230942821558
  median: 5.651230942821558
  min: 5.651230942821558
  num_samples: 1
  rmse: 5.651230942821558
  std: 0.0
scale:
  max: 126938.23745086117
  mean: 126938.23745086117
  median: 126938.23745086117
  min: 126938.23745086117
  num_samples: 1
  rmse: 126938.23745086117
  std: 0.0
trans:
  max: 18.567495146400066
  mean: 18.567495146400066
  median: 18.567495146400066
  min: 18.567495146400066
  num_samples: 1
  rmse: 18.567495146400066
  std: 0.0
