rot:
  max: 10.571398291650588
  mean: 5.831474979387321
  median: 5.229122138162959
  min: 0.0
  num_samples: 792
  rmse: 6.464052814054609
  std: 2.7888847856566197
scale:
  max: 2290.038397671855
  mean: 58.98013943458187
  median: 5.783784220241028
  min: 0.10844456237368849
  num_samples: 792
  rmse: 201.74649582715097
  std: 192.9326092987184
trans:
  max: 25.6425894109344
  mean: 14.409457241628871
  median: 15.016288165208238
  min: 0.0
  num_samples: 792
  rmse: 16.199105083815574
  std: 7.401253104587689
