rot:
  max: 6.464052814054609
  mean: 6.464052814054609
  median: 6.464052814054609
  min: 6.464052814054609
  num_samples: 1
  rmse: 6.464052814054609
  std: 0.0
scale:
  max: 201.74649582715097
  mean: 201.74649582715097
  median: 201.74649582715097
  min: 201.74649582715097
  num_samples: 1
  rmse: 201.74649582715097
  std: 0.0
trans:
  max: 16.199105083815574
  mean: 16.199105083815574
  median: 16.199105083815574
  min: 16.199105083815574
  num_samples: 1
  rmse: 16.199105083815574
  std: 0.0
