rot:
  max: 13.534749773962359
  mean: 3.3181257654590652
  median: 3.2780921345606706
  min: 0.0006741862031264913
  num_samples: 1330
  rmse: 3.832939459846059
  std: 1.9187147540584804
scale:
  max: 11823396.453366015
  mean: 17085.10422287199
  median: 3.579789431017766
  min: 0.00130069840806879
  num_samples: 1330
  rmse: 399061.37031949026
  std: 398695.46836522105
trans:
  max: 107.46594166282331
  mean: 55.443811882111675
  median: 51.75096640932895
  min: 0.0
  num_samples: 1330
  rmse: 66.64620581959265
  std: 36.98243467010411
