rot:
  max: 3.832939459846059
  mean: 3.832939459846059
  median: 3.832939459846059
  min: 3.832939459846059
  num_samples: 1
  rmse: 3.832939459846059
  std: 0.0
scale:
  max: 399061.37031949026
  mean: 399061.37031949026
  median: 399061.37031949026
  min: 399061.37031949026
  num_samples: 1
  rmse: 399061.37031949026
  std: 0.0
trans:
  max: 66.64620581959265
  mean: 66.64620581959265
  median: 66.64620581959265
  min: 66.64620581959265
  num_samples: 1
  rmse: 66.64620581959265
  std: 0.0
