rot:
  max: 4.3277593439349324
  mean: 4.3277593439349324
  median: 4.3277593439349324
  min: 4.3277593439349324
  num_samples: 1
  rmse: 4.3277593439349324
  std: 0.0
scale:
  max: 1448.694711984983
  mean: 1448.694711984983
  median: 1448.694711984983
  min: 1448.694711984983
  num_samples: 1
  rmse: 1448.694711984983
  std: 0.0
trans:
  max: 19.030560793890036
  mean: 19.030560793890036
  median: 19.030560793890036
  min: 19.030560793890036
  num_samples: 1
  rmse: 19.030560793890036
  std: 0.0
