rot:
  max: 13.146659814071075
  mean: 5.461564674005974
  median: 5.043129525767258
  min: 0.0023198233863703107
  num_samples: 2095
  rmse: 5.98458228390691
  std: 2.446739958496297
scale:
  max: 24891.379774379708
  mean: 160.9279089767569
  median: 1.689820370933126
  min: 9.490798877909157e-05
  num_samples: 2095
  rmse: 1575.7777265482334
  std: 1567.5387241143
trans:
  max: 115.05609890394986
  mean: 70.73912339702464
  median: 82.33543962915684
  min: 0.0
  num_samples: 2095
  rmse: 78.4969088756834
  std: 34.02559513157509
