rot:
  max: 5.98458228390691
  mean: 5.98458228390691
  median: 5.98458228390691
  min: 5.98458228390691
  num_samples: 1
  rmse: 5.98458228390691
  std: 0.0
scale:
  max: 1575.7777265482334
  mean: 1575.7777265482334
  median: 1575.7777265482334
  min: 1575.7777265482334
  num_samples: 1
  rmse: 1575.7777265482334
  std: 0.0
trans:
  max: 78.4969088756834
  mean: 78.4969088756834
  median: 78.4969088756834
  min: 78.4969088756834
  num_samples: 1
  rmse: 78.4969088756834
  std: 0.0
