rot:
  max: 39.5194442286286
  mean: 21.98520783307057
  median: 19.959878216977238
  min: 0.005397198463737775
  num_samples: 1345
  rmse: 25.162528278936872
  std: 12.239422614036592
scale:
  max: 8670.2096221843
  mean: 87.51510108629836
  median: 14.32821537340645
  min: 0.026669171079674037
  num_samples: 1345
  rmse: 459.3462190508803
  std: 450.93242957032294
trans:
  max: 549.9778620725784
  mean: 207.07519593126392
  median: 207.46850618450583
  min: 1.3649380589281557e-07
  num_samples: 1345
  rmse: 265.7639974870429
  std: 166.58440980572465
