rot:
  max: 25.162528278936872
  mean: 25.162528278936872
  median: 25.162528278936872
  min: 25.162528278936872
  num_samples: 1
  rmse: 25.162528278936872
  std: 0.0
scale:
  max: 459.3462190508803
  mean: 459.3462190508803
  median: 459.3462190508803
  min: 459.3462190508803
  num_samples: 1
  rmse: 459.3462190508803
  std: 0.0
trans:
  max: 265.7639974870429
  mean: 265.7639974870429
  median: 265.7639974870429
  min: 265.7639974870429
  num_samples: 1
  rmse: 265.7639974870429
  std: 0.0
