rot:
  max: 9.42388279990132
  mean: 4.2843581922112675
  median: 4.6407987071193215
  min: 0.0
  num_samples: 772
  rmse: 4.529146085300282
  std: 1.4688223659868016
scale:
  max: 26184.555276321753
  mean: 637.0785321663368
  median: 34.96446511735623
  min: 0.024814413883700315
  num_samples: 772
  rmse: 2665.210274496558
  std: 2587.9483671694084
trans:
  max: 50.04210854789996
  mean: 32.33653979089869
  median: 47.46890345909938
  min: 0.0
  num_samples: 772
  rmse: 38.46291872369589
  std: 20.826529021833238
