rot:
  max: 4.529146085300282
  mean: 4.529146085300282
  median: 4.529146085300282
  min: 4.529146085300282
  num_samples: 1
  rmse: 4.529146085300282
  std: 0.0
scale:
  max: 2665.210274496558
  mean: 2665.210274496558
  median: 2665.210274496558
  min: 2665.210274496558
  num_samples: 1
  rmse: 2665.210274496558
  std: 0.0
trans:
  max: 38.46291872369589
  mean: 38.46291872369589
  median: 38.46291872369589
  min: 38.46291872369589
  num_samples: 1
  rmse: 38.46291872369589
  std: 0.0
