rot:
  max: 8.735399790275462
  mean: 1.851210483953703
  median: 1.891541717030613
  min: 0.00021487619757696975
  num_samples: 773
  rmse: 2.2481441657722026
  std: 1.2756064966107257
scale:
  max: 1699.545842017496
  mean: 26.650248348454248
  median: 1.0661119032695066
  min: 0.01501640039153207
  num_samples: 773
  rmse: 124.39170879553168
  std: 121.50333937813423
trans:
  max: 11.777309258746234
  mean: 5.9261754070994925
  median: 3.178315800006012
  min: 0.0
  num_samples: 773
  rmse: 7.122743304800979
  std: 3.9514449547445727
