rot:
  max: 2.2481441657722026
  mean: 2.2481441657722026
  median: 2.2481441657722026
  min: 2.2481441657722026
  num_samples: 1
  rmse: 2.2481441657722026
  std: 0.0
scale:
  max: 124.39170879553168
  mean: 124.39170879553168
  median: 124.39170879553168
  min: 124.39170879553168
  num_samples: 1
  rmse: 124.39170879553168
  std: 0.0
trans:
  max: 7.122743304800979
  mean: 7.122743304800979
  median: 7.122743304800979
  min: 7.122743304800979
  num_samples: 1
  rmse: 7.122743304800979
  std: 0.0
