rot:
  max: 2.9098888960566662
  mean: 0.8140375083562131
  median: 0.5937350161539396
  min: 0.0004746431245258161
  num_samples: 1101
  rmse: 1.1233933612322193
  std: 0.7741805855547089
scale:
  max: 13823.080277924504
  mean: 36.44876230878513
  median: 2.1955489371562997
  min: 0.024442510997813027
  num_samples: 1101
  rmse: 604.3751470185118
  std: 603.2750666651203
trans:
  max: 42.37443063922576
  mean: 18.176921617165586
  median: 14.130977673702919
  min: 0.0
  num_samples: 1101
  rmse: 21.94769074755448
  std: 12.300432905947126
