rot:
  max: 1.1233933612322193
  mean: 1.1233933612322193
  median: 1.1233933612322193
  min: 1.1233933612322193
  num_samples: 1
  rmse: 1.1233933612322193
  std: 0.0
scale:
  max: 604.3751470185118
  mean: 604.3751470185118
  median: 604.3751470185118
  min: 604.3751470185118
  num_samples: 1
  rmse: 604.3751470185118
  std: 0.0
trans:
  max: 21.94769074755448
  mean: 21.94769074755448
  median: 21.94769074755448
  min: 21.94769074755448
  num_samples: 1
  rmse: 21.94769074755448
  std: 0.0
