rot:
  max: 44.13625344517652
  mean: 25.38662182522846
  median: 38.944982817420076
  min: 0.0
  num_samples: 772
  rmse: 31.39763036986245
  std: 18.47513532143521
scale:
  max: 244386.9531595396
  mean: 3930.449748235687
  median: 424.5802009422657
  min: 0.05669471866623921
  num_samples: 772
  rmse: 17042.50439963068
  std: 16583.079357828123
trans:
  max: 284.9873081447114
  mean: 156.12611993545
  median: 248.6518115611617
  min: 0.0
  num_samples: 772
  rmse: 197.5617661694012
  std: 121.05901918434103
