rot:
  max: 31.39763036986245
  mean: 31.39763036986245
  median: 31.39763036986245
  min: 31.39763036986245
  num_samples: 1
  rmse: 31.39763036986245
  std: 0.0
scale:
  max: 17042.50439963068
  mean: 17042.50439963068
  median: 17042.50439963068
  min: 17042.50439963068
  num_samples: 1
  rmse: 17042.50439963068
  std: 0.0
trans:
  max: 197.5617661694012
  mean: 197.5617661694012
  median: 197.5617661694012
  min: 197.5617661694012
  num_samples: 1
  rmse: 197.5617661694012
  std: 0.0
