rot:
  max: 4.611449089473017
  mean: 1.6268574976222987
  median: 1.7827340468324455
  min: 3.698852765139375e-05
  num_samples: 2095
  rmse: 1.7849964120953545
  std: 0.7345385446818979
scale:
  max: 10967.264538775717
  mean: 67.8812329339963
  median: 0.4581629207152549
  min: 0.00024441291855969993
  num_samples: 2095
  rmse: 695.2157724431041
  std: 691.8938563602242
trans:
  max: 45.36207101365497
  mean: 21.082091640218074
  median: 19.73531657876537
  min: 0.0
  num_samples: 2095
  rmse: 25.009722893752972
  std: 13.454800306796045
