rot:
  max: 1.7849964120953545
  mean: 1.7849964120953545
  median: 1.7849964120953545
  min: 1.7849964120953545
  num_samples: 1
  rmse: 1.7849964120953545
  std: 0.0
scale:
  max: 695.2157724431041
  mean: 695.2157724431041
  median: 695.2157724431041
  min: 695.2157724431041
  num_samples: 1
  rmse: 695.2157724431041
  std: 0.0
trans:
  max: 25.009722893752972
  mean: 25.009722893752972
  median: 25.009722893752972
  min: 25.009722893752972
  num_samples: 1
  rmse: 25.009722893752972
  std: 0.0
