rot:
  max: 16.758724333614516
  mean: 9.768392651315162
  median: 8.988198548885016
  min: 0.00212969360678017
  num_samples: 1330
  rmse: 10.96700457372352
  std: 4.985347964766802
scale:
  max: 24519810.477114342
  mean: 30669.131594654493
  median: 4.784511377242051
  min: 0.023692977067613086
  num_samples: 1330
  rmse: 762003.4691523872
  std: 761386.0330788207
trans:
  max: 238.99816916357278
  mean: 84.31305523016587
  median: 74.76161656576728
  min: 9.938361130639345e-08
  num_samples: 1330
  rmse: 107.93379189849627
  std: 67.38703251622597
