rot:
  max: 10.96700457372352
  mean: 10.96700457372352
  median: 10.96700457372352
  min: 10.96700457372352
  num_samples: 1
  rmse: 10.96700457372352
  std: 0.0
scale:
  max: 762003.4691523872
  mean: 762003.4691523872
  median: 762003.4691523872
  min: 762003.4691523872
  num_samples: 1
  rmse: 762003.4691523872
  std: 0.0
trans:
  max: 107.93379189849627
  mean: 107.93379189849627
  median: 107.93379189849627
  min: 107.93379189849627
  num_samples: 1
  rmse: 107.93379189849627
  std: 0.0
