rot:
  max: 4.089306273530561
  mean: 4.089306273530561
  median: 4.089306273530561
  min: 4.089306273530561
  num_samples: 1
  rmse: 4.089306273530561
  std: 0.0
scale:
  max: 399061.3596077637
  mean: 399061.3596077637
  median: 399061.3596077637
  min: 399061.3596077637
  num_samples: 1
  rmse: 399061.3596077637
  std: 0.0
trans:
  max: 45.161194463936596
  mean: 45.161194463936596
  median: 45.161194463936596
  min: 45.161194463936596
  num_samples: 1
  rmse: 45.161194463936596
  std: 0.0
