rot:
  max: 13.906178043840335
  mean: 3.6740956585370097
  median: 3.479219366624266
  min: 0.0005860310670338717
  num_samples: 1101
  rmse: 4.104130996794378
  std: 1.8289101483582835
scale:
  max: 331.15703572743234
  mean: 5.807912251184594
  median: 2.2451181060702208
  min: 0.0264009476041438
  num_samples: 1101
  rmse: 26.37396676742559
  std: 25.726528687947958
trans:
  max: 110.73566371786627
  mean: 60.75387081155412
  median: 75.60291609238394
  min: 0.0
  num_samples: 1101
  rmse: 71.03583225272465
  std: 36.81109405125344
