rot:
  max: 4.104130996794378
  mean: 4.104130996794378
  median: 4.104130996794378
  min: 4.104130996794378
  num_samples: 1
  rmse: 4.104130996794378
  std: 0.0
scale:
  max: 26.37396676742559
  mean: 26.37396676742559
  median: 26.37396676742559
  min: 26.37396676742559
  num_samples: 1
  rmse: 26.37396676742559
  std: 0.0
trans:
  max: 71.03583225272465
  mean: 71.03583225272465
  median: 71.03583225272465
  min: 71.03583225272465
  num_samples: 1
  rmse: 71.03583225272465
  std: 0.0
