rot:
  max: 13.141438748009495
  mean: 4.933627386488317
  median: 4.556742974968749
  min: 0.0006741862031264913
  num_samples: 1330
  rmse: 5.649560134672806
  std: 2.75260795003151
scale:
  max: 11823396.453366015
  mean: 17079.64666218578
  median: 2.9807770177415316
  min: 0.010289776206440227
  num_samples: 1330
  rmse: 399061.3585542829
  std: 398695.69042201206
trans:
  max: 125.25596941323494
  mean: 51.81769199164866
  median: 63.23895793451756
  min: 0.0
  num_samples: 1330
  rmse: 63.59028490391525
  std: 36.85988511674637
