rot:
  max: 5.649560134672806
  mean: 5.649560134672806
  median: 5.649560134672806
  min: 5.649560134672806
  num_samples: 1
  rmse: 5.649560134672806
  std: 0.0
scale:
  max: 399061.3585542829
  mean: 399061.3585542829
  median: 399061.3585542829
  min: 399061.3585542829
  num_samples: 1
  rmse: 399061.3585542829
  std: 0.0
trans:
  max: 63.59028490391525
  mean: 63.59028490391525
  median: 63.59028490391525
  min: 63.59028490391525
  num_samples: 1
  rmse: 63.59028490391525
  std: 0.0
