rot:
  max: 3.7490484486475872
  mean: 1.000142011832771
  median: 0.7238167322187437
  min: 0.0004746431245258161
  num_samples: 1101
  rmse: 1.4247123472724732
  std: 1.0146532553723648
scale:
  max: 9791.463959588113
  mean: 26.547855483811443
  median: 1.895580430948196
  min: 0.07206329560880409
  num_samples: 1101
  rmse: 445.3988855145925
  std: 444.6069934074943
trans:
  max: 38.17084598057409
  mean: 16.57536280242185
  median: 14.630485669281162
  min: 0.0
  num_samples: 1101
  rmse: 20.162500758116817
  std: 11.47971187744497
