rot:
  max: 1.4247123472724732
  mean: 1.4247123472724732
  median: 1.4247123472724732
  min: 1.4247123472724732
  num_samples: 1
  rmse: 1.4247123472724732
  std: 0.0
scale:
  max: 445.3988855145925
  mean: 445.3988855145925
  median: 445.3988855145925
  min: 445.3988855145925
  num_samples: 1
  rmse: 445.3988855145925
  std: 0.0
trans:
  max: 20.162500758116817
  mean: 20.162500758116817
  median: 20.162500758116817
  min: 20.162500758116817
  num_samples: 1
  rmse: 20.162500758116817
  std: 0.0
