rot:
  max: 11.153433120875649
  mean: 5.312478078472318
  median: 5.410445793469286
  min: 0.0023198233863703107
  num_samples: 2095
  rmse: 5.490126639830072
  std: 1.3853040053081869
scale:
  max: 30822.764682113484
  mean: 200.275276292842
  median: 2.1905087611586938
  min: 0.03367363941744195
  num_samples: 2095
  rmse: 1952.277573698395
  std: 1941.97773892275
trans:
  max: 164.09326154416482
  mean: 95.69982703390367
  median: 102.86852559887532
  min: 0.0
  num_samples: 2095
  rmse: 106.42376732048929
  std: 46.55707632966834
