rot:
  max: 5.490126639830072
  mean: 5.490126639830072
  median: 5.490126639830072
  min: 5.490126639830072
  num_samples: 1
  rmse: 5.490126639830072
  std: 0.0
scale:
  max: 1952.277573698395
  mean: 1952.277573698395
  median: 1952.277573698395
  min: 1952.277573698395
  num_samples: 1
  rmse: 1952.277573698395
  std: 0.0
trans:
  max: 106.42376732048929
  mean: 106.42376732048929
  median: 106.42376732048929
  min: 106.42376732048929
  num_samples: 1
  rmse: 106.42376732048929
  std: 0.0
