rot:
  max: 22.315544691162625
  mean: 12.072499298028696
  median: 10.556529423084656
  min: 0.0016653275185080497
  num_samples: 1101
  rmse: 13.49331709571003
  std: 6.026969963794174
scale:
  max: 288.19372804930293
  mean: 7.367806869731601
  median: 3.8770094114157327
  min: 0.00844454390185323
  num_samples: 1101
  rmse: 24.56608826789929
  std: 23.43518966675019
trans:
  max: 252.39187680539405
  mean: 117.49191198812332
  median: 128.09600373241358
  min: 9.29184417226616e-08
  num_samples: 1101
  rmse: 141.50901243590522
  std: 78.86983718735735
