rot:
  max: 13.49331709571003
  mean: 13.49331709571003
  median: 13.49331709571003
  min: 13.49331709571003
  num_samples: 1
  rmse: 13.49331709571003
  std: 0.0
scale:
  max: 24.56608826789929
  mean: 24.56608826789929
  median: 24.56608826789929
  min: 24.56608826789929
  num_samples: 1
  rmse: 24.56608826789929
  std: 0.0
trans:
  max: 141.50901243590522
  mean: 141.50901243590522
  median: 141.50901243590522
  min: 141.50901243590522
  num_samples: 1
  rmse: 141.50901243590522
  std: 0.0
