rot:
  max: 9.202747036161663
  mean: 3.0140945567197783
  median: 3.9666735838782143
  min: 0.00022627366472156559
  num_samples: 535
  rmse: 4.221925489056813
  std: 2.9563302992561264
scale:
  max: 2557282.951710896
  mean: 8099.250684219936
  median: 8.449064029667298
  min: 0.009055247817213452
  num_samples: 535
  rmse: 126338.42353670459
  std: 126078.544566845
trans:
  max: 26.279771809325172
  mean: 10.77151494797828
  median: 5.074693394632075
  min: 0.0
  num_samples: 535
  rmse: 14.68558976211625
  std: 9.982034481339667
