rot:
  max: 4.221925489056813
  mean: 4.221925489056813
  median: 4.221925489056813
  min: 4.221925489056813
  num_samples: 1
  rmse: 4.221925489056813
  std: 0.0
scale:
  max: 126338.42353670459
  mean: 126338.42353670459
  median: 126338.42353670459
  min: 126338.42353670459
  num_samples: 1
  rmse: 126338.42353670459
  std: 0.0
trans:
  max: 14.68558976211625
  mean: 14.68558976211625
  median: 14.68558976211625
  min: 14.68558976211625
  num_samples: 1
  rmse: 14.68558976211625
  std: 0.0
