rot:
  max: 12.05546261332087
  mean: 6.337139089500125
  median: 7.214561952963168
  min: 0.0011563767715691445
  num_samples: 535
  rmse: 7.191649243603798
  std: 3.400071617386408
scale:
  max: 3375844.9481039
  mean: 14598.569849287604
  median: 6.924460793775644
  min: 0.028878332896398184
  num_samples: 535
  rmse: 206148.04058822888
  std: 205630.48508604345
trans:
  max: 32.94112573939956
  mean: 16.40073803198564
  median: 21.178471966213795
  min: 4.0797911805097564e-08
  num_samples: 535
  rmse: 20.150439685066836
  std: 11.707092359236611
