rot:
  max: 7.191649243603798
  mean: 7.191649243603798
  median: 7.191649243603798
  min: 7.191649243603798
  num_samples: 1
  rmse: 7.191649243603798
  std: 0.0
scale:
  max: 206148.04058822888
  mean: 206148.04058822888
  median: 206148.04058822888
  min: 206148.04058822888
  num_samples: 1
  rmse: 206148.04058822888
  std: 0.0
trans:
  max: 20.150439685066836
  mean: 20.150439685066836
  median: 20.150439685066836
  min: 20.150439685066836
  num_samples: 1
  rmse: 20.150439685066836
  std: 0.0
