rot:
  max: 22.29872675788754
  mean: 22.29872675788754
  median: 22.29872675788754
  min: 22.29872675788754
  num_samples: 1
  rmse: 22.29872675788754
  std: 0.0
scale:
  max: 762003.5835717184
  mean: 762003.5835717184
  median: 762003.5835717184
  min: 762003.5835717184
  num_samples: 1
  rmse: 762003.5835717184
  std: 0.0
trans:
  max: 212.33215093865005
  mean: 212.33215093865005
  median: 212.33215093865005
  min: 212.33215093865005
  num_samples: 1
  rmse: 212.33215093865005
  std: 0.0
