rot:
  max: 6.000801911624021
  mean: 6.000801911624021
  median: 6.000801911624021
  min: 6.000801911624021
  num_samples: 1
  rmse: 6.000801911624021
  std: 0.0
scale:
  max: 3211.2495191095545
  mean: 3211.2495191095545
  median: 3211.2495191095545
  min: 3211.2495191095545
  num_samples: 1
  rmse: 3211.2495191095545
  std: 0.0
trans:
  max: 14.440864231721608
  mean: 14.440864231721608
  median: 14.440864231721608
  min: 14.440864231721608
  num_samples: 1
  rmse: 14.440864231721608
  std: 0.0
