rot:
  max: 10.117519404676386
  mean: 3.1597393414261004
  median: 3.088640848402009
  min: 0.0
  num_samples: 792
  rmse: 3.594901084731455
  std: 1.7144565037490878
scale:
  max: 2219.4507415123157
  mean: 54.71131154609345
  median: 3.8274881827958183
  min: 0.0653131918722627
  num_samples: 792
  rmse: 200.09149881045397
  std: 192.466309480699
trans:
  max: 15.956590206396097
  mean: 11.274720966181544
  median: 13.769594424001601
  min: 0.0
  num_samples: 792
  rmse: 12.424662228175128
  std: 5.220430884418256
