rot:
  max: 3.594901084731455
  mean: 3.594901084731455
  median: 3.594901084731455
  min: 3.594901084731455
  num_samples: 1
  rmse: 3.594901084731455
  std: 0.0
scale:
  max: 200.09149881045397
  mean: 200.09149881045397
  median: 200.09149881045397
  min: 200.09149881045397
  num_samples: 1
  rmse: 200.09149881045397
  std: 0.0
trans:
  max: 12.424662228175128
  mean: 12.424662228175128
  median: 12.424662228175128
  min: 12.424662228175128
  num_samples: 1
  rmse: 12.424662228175128
  std: 0.0
