rot:
  max: 6.086631609378667
  mean: 2.707595189119863
  median: 3.1182695127401856
  min: 0.00027936561933297657
  num_samples: 535
  rmse: 3.439162939761112
  std: 2.1205588928584995
scale:
  max: 2558879.210329206
  mean: 8005.598195716767
  median: 5.348902998361349
  min: 0.0460316898476032
  num_samples: 535
  rmse: 126406.28570090157
  std: 126152.52459711891
trans:
  max: 24.851747876563255
  mean: 6.1987223241066145
  median: 4.768545353622556
  min: 0.0
  num_samples: 535
  rmse: 8.900522894266274
  std: 6.387108057640829
