rot:
  max: 3.439162939761112
  mean: 3.439162939761112
  median: 3.439162939761112
  min: 3.439162939761112
  num_samples: 1
  rmse: 3.439162939761112
  std: 0.0
scale:
  max: 126406.28570090157
  mean: 126406.28570090157
  median: 126406.28570090157
  min: 126406.28570090157
  num_samples: 1
  rmse: 126406.28570090157
  std: 0.0
trans:
  max: 8.900522894266274
  mean: 8.900522894266274
  median: 8.900522894266274
  min: 8.900522894266274
  num_samples: 1
  rmse: 8.900522894266274
  std: 0.0
