rot:
  max: 21.93380536154858
  mean: 11.91237285363745
  median: 9.26596114130261
  min: 0.0016653275185080497
  num_samples: 1101
  rmse: 13.533346540323578
  std: 6.422370401682674
scale:
  max: 288.19372804930293
  mean: 7.443594905600256
  median: 3.483764044223636
  min: 0.0220487980156836
  num_samples: 1101
  rmse: 24.66928137775188
  std: 23.519488484574183
trans:
  max: 239.66853087540682
  mean: 112.98194208284545
  median: 122.07734726102332
  min: 9.29184417226616e-08
  num_samples: 1101
  rmse: 135.8741020639799
  std: 75.47749581750433
