rot:
  max: 13.533346540323578
  mean: 13.533346540323578
  median: 13.533346540323578
  min: 13.533346540323578
  num_samples: 1
  rmse: 13.533346540323578
  std: 0.0
scale:
  max: 24.66928137775188
  mean: 24.66928137775188
  median: 24.66928137775188
  min: 24.66928137775188
  num_samples: 1
  rmse: 24.66928137775188
  std: 0.0
trans:
  max: 135.8741020639799
  mean: 135.8741020639799
  median: 135.8741020639799
  min: 135.8741020639799
  num_samples: 1
  rmse: 135.8741020639799
  std: 0.0
