rot:
  max: 177.91172346659664
  mean: 15.191279587248292
  median: 11.68282734667513
  min: 0.03371887288229111
  num_samples: 2592
  rmse: 25.662740408804634
  std: 20.683357314317895
scale:
  max: 1227981.1363360449
  mean: 602.1453942193507
  median: 8.617201353436265
  min: 0.03258492543455338
  num_samples: 2592
  rmse: 24124.308652659005
  std: 24116.792674254564
trans:
  max: 337.11472832476323
  mean: 229.3837647404942
  median: 270.8340480810982
  min: 0.001228081136336045
  num_samples: 2592
  rmse: 248.7555516556776
  std: 96.24143054318188
