rot:
  max: 25.662740408804634
  mean: 25.662740408804634
  median: 25.662740408804634
  min: 25.662740408804634
  num_samples: 1
  rmse: 25.662740408804634
  std: 0.0
scale:
  max: 24124.308652659005
  mean: 24124.308652659005
  median: 24124.308652659005
  min: 24124.308652659005
  num_samples: 1
  rmse: 24124.308652659005
  std: 0.0
trans:
  max: 248.7555516556776
  mean: 248.7555516556776
  median: 248.7555516556776
  min: 248.7555516556776
  num_samples: 1
  rmse: 248.7555516556776
  std: 0.0
