rot:
  max: 6.198451355422945
  mean: 3.679087302839468
  median: 3.6182112059931923
  min: 0.00016122290739021877
  num_samples: 2095
  rmse: 3.831860581684802
  std: 1.0712012581934347
scale:
  max: 10959.102430127547
  mean: 57.184691678121794
  median: 1.558890860095441
  min: 0.006061920420386002
  num_samples: 2095
  rmse: 565.9664279469606
  std: 563.070074325319
trans:
  max: 90.49680586833409
  mean: 52.92187977001369
  median: 53.787723413106164
  min: 0.0
  num_samples: 2095
  rmse: 59.59720244692405
  std: 27.406225225445876
