rot:
  max: 3.831860581684802
  mean: 3.831860581684802
  median: 3.831860581684802
  min: 3.831860581684802
  num_samples: 1
  rmse: 3.831860581684802
  std: 0.0
scale:
  max: 565.9664279469606
  mean: 565.9664279469606
  median: 565.9664279469606
  min: 565.9664279469606
  num_samples: 1
  rmse: 565.9664279469606
  std: 0.0
trans:
  max: 59.59720244692405
  mean: 59.59720244692405
  median: 59.59720244692405
  min: 59.59720244692405
  num_samples: 1
  rmse: 59.59720244692405
  std: 0.0
