rot:
  max: 6.469823212556734
  mean: 3.765311687454391
  median: 3.6717719271673257
  min: 0.00016122290739021877
  num_samples: 2095
  rmse: 3.9742779493878286
  std: 1.271736260122237
scale:
  max: 10959.102430127547
  mean: 52.16357153621306
  median: 1.7939812228866536
  min: 0.0002884772082323295
  num_samples: 2095
  rmse: 515.737584286887
  std: 513.0927963347959
trans:
  max: 108.38517063379395
  mean: 58.30372510411409
  median: 54.89816578731766
  min: 0.0
  num_samples: 2095
  rmse: 67.35811051219108
  std: 33.73115311928193
