rot:
  max: 3.9742779493878286
  mean: 3.9742779493878286
  median: 3.9742779493878286
  min: 3.9742779493878286
  num_samples: 1
  rmse: 3.9742779493878286
  std: 0.0
scale:
  max: 515.737584286887
  mean: 515.737584286887
  median: 515.737584286887
  min: 515.737584286887
  num_samples: 1
  rmse: 515.737584286887
  std: 0.0
trans:
  max: 67.35811051219108
  mean: 67.35811051219108
  median: 67.35811051219108
  min: 67.35811051219108
  num_samples: 1
  rmse: 67.35811051219108
  std: 0.0
