rot:
  max: 9.84834323704481
  mean: 1.9410766417151815
  median: 1.5373216721903082
  min: 0.0
  num_samples: 792
  rmse: 2.4180209750741377
  std: 1.4418900467394165
scale:
  max: 2399.7151189513397
  mean: 56.21719936384144
  median: 6.154417030006254
  min: 0.012981258510036398
  num_samples: 792
  rmse: 209.31401764165867
  std: 201.62337284397043
trans:
  max: 16.770826113202087
  mean: 8.123887293098248
  median: 3.8007399811468963
  min: 0.0
  num_samples: 792
  rmse: 10.200090372276868
  std: 6.1680060677379425
