rot:
  max: 2.4180209750741377
  mean: 2.4180209750741377
  median: 2.4180209750741377
  min: 2.4180209750741377
  num_samples: 1
  rmse: 2.4180209750741377
  std: 0.0
scale:
  max: 209.31401764165867
  mean: 209.31401764165867
  median: 209.31401764165867
  min: 209.31401764165867
  num_samples: 1
  rmse: 209.31401764165867
  std: 0.0
trans:
  max: 10.200090372276868
  mean: 10.200090372276868
  median: 10.200090372276868
  min: 10.200090372276868
  num_samples: 1
  rmse: 10.200090372276868
  std: 0.0
