rot:
  max: 14.30168288229556
  mean: 7.196433542399213
  median: 9.837879858044554
  min: 0.00260916829651933
  num_samples: 535
  rmse: 8.809286293661971
  std: 5.080833521532879
scale:
  max: 2560772.933327428
  mean: 8600.721709764151
  median: 68.2185191681392
  min: 0.019191743975421893
  num_samples: 535
  rmse: 126950.2070383239
  std: 126658.52775531735
trans:
  max: 87.82819457963235
  mean: 38.65523430023062
  median: 29.367115063474948
  min: 0.0
  num_samples: 535
  rmse: 53.12627264555528
  std: 36.44411758300851
