rot:
  max: 8.809286293661971
  mean: 8.809286293661971
  median: 8.809286293661971
  min: 8.809286293661971
  num_samples: 1
  rmse: 8.809286293661971
  std: 0.0
scale:
  max: 126950.2070383239
  mean: 126950.2070383239
  median: 126950.2070383239
  min: 126950.2070383239
  num_samples: 1
  rmse: 126950.2070383239
  std: 0.0
trans:
  max: 53.12627264555528
  mean: 53.12627264555528
  median: 53.12627264555528
  min: 53.12627264555528
  num_samples: 1
  rmse: 53.12627264555528
  std: 0.0
