rot:
  max: 21.788351887805216
  mean: 11.911408949493566
  median: 9.425262988741846
  min: 0.0016653275185080497
  num_samples: 1101
  rmse: 13.480884289777615
  std: 6.312889835273342
scale:
  max: 288.19372804930293
  mean: 7.825463549681692
  median: 3.917678694097959
  min: 0.008562135078216127
  num_samples: 1101
  rmse: 24.84885525576268
  std: 23.58448065475362
trans:
  max: 238.93851396811462
  mean: 114.81560597565206
  median: 126.97887379461551
  min: 9.29184417226616e-08
  num_samples: 1101
  rmse: 138.00309080835623
  std: 76.56519899473408
