rot:
  max: 13.480884289777615
  mean: 13.480884289777615
  median: 13.480884289777615
  min: 13.480884289777615
  num_samples: 1
  rmse: 13.480884289777615
  std: 0.0
scale:
  max: 24.84885525576268
  mean: 24.84885525576268
  median: 24.84885525576268
  min: 24.84885525576268
  num_samples: 1
  rmse: 24.84885525576268
  std: 0.0
trans:
  max: 138.00309080835623
  mean: 138.00309080835623
  median: 138.00309080835623
  min: 138.00309080835623
  num_samples: 1
  rmse: 138.00309080835623
  std: 0.0
