rot:
  max: 10.422445324119806
  mean: 4.7531969167741766
  median: 5.402341680744586
  min: 0.00260916829651933
  num_samples: 535
  rmse: 5.354817228882234
  std: 2.466006209461457
scale:
  max: 2560772.933327428
  mean: 8447.944444781775
  median: 15.769403713938113
  min: 0.0039444268977506525
  num_samples: 535
  rmse: 126943.68388177536
  std: 126662.27185762142
trans:
  max: 60.93216961442504
  mean: 28.936773407141587
  median: 31.206662392279142
  min: 0.0
  num_samples: 535
  rmse: 38.30019767420144
  std: 25.09119938677004
