rot:
  max: 5.354817228882234
  mean: 5.354817228882234
  median: 5.354817228882234
  min: 5.354817228882234
  num_samples: 1
  rmse: 5.354817228882234
  std: 0.0
scale:
  max: 126943.68388177536
  mean: 126943.68388177536
  median: 126943.68388177536
  min: 126943.68388177536
  num_samples: 1
  rmse: 126943.68388177536
  std: 0.0
trans:
  max: 38.30019767420144
  mean: 38.30019767420144
  median: 38.30019767420144
  min: 38.30019767420144
  num_samples: 1
  rmse: 38.30019767420144
  std: 0.0
