rot:
  max: 30.944198549278344
  mean: 17.83531101583786
  median: 9.759128598991463
  min: 0.0023003763404545654
  num_samples: 550
  rmse: 21.53701018146035
  std: 12.072468203505835
scale:
  max: 22407.885638988828
  mean: 601.8422739748553
  median: 25.23097835650665
  min: 0.003419834294882129
  num_samples: 550
  rmse: 2142.144661934583
  std: 2055.8622594696376
trans:
  max: 121.15012712314689
  mean: 48.00654689335663
  median: 42.47566236901813
  min: 1.1842025490100266e-07
  num_samples: 550
  rmse: 64.05606574038573
  std: 42.40932696368299
