rot:
  max: 21.53701018146035
  mean: 21.53701018146035
  median: 21.53701018146035
  min: 21.53701018146035
  num_samples: 1
  rmse: 21.53701018146035
  std: 0.0
scale:
  max: 2142.144661934583
  mean: 2142.144661934583
  median: 2142.144661934583
  min: 2142.144661934583
  num_samples: 1
  rmse: 2142.144661934583
  std: 0.0
trans:
  max: 64.05606574038573
  mean: 64.05606574038573
  median: 64.05606574038573
  min: 64.05606574038573
  num_samples: 1
  rmse: 64.05606574038573
  std: 0.0
