rot:
  max: 178.75095078861204
  mean: 11.636917623287726
  median: 8.528043496867827
  min: 0.000417891137057817
  num_samples: 2592
  rmse: 24.48039822249471
  std: 21.537688951248633
scale:
  max: 1227969.5772190748
  mean: 550.4220960319005
  median: 5.6829193698267115
  min: 0.004301167804299233
  num_samples: 2592
  rmse: 24121.134791100656
  std: 24114.853910539176
trans:
  max: 217.53148607043713
  mean: 128.7549859475514
  median: 147.21593771702587
  min: 0.0012280695772190749
  num_samples: 2592
  rmse: 143.11174745821413
  std: 62.475001834249674
