rot:
  max: 24.48039822249471
  mean: 24.48039822249471
  median: 24.48039822249471
  min: 24.48039822249471
  num_samples: 1
  rmse: 24.48039822249471
  std: 0.0
scale:
  max: 24121.134791100656
  mean: 24121.134791100656
  median: 24121.134791100656
  min: 24121.134791100656
  num_samples: 1
  rmse: 24121.134791100656
  std: 0.0
trans:
  max: 143.11174745821413
  mean: 143.11174745821413
  median: 143.11174745821413
  min: 143.11174745821413
  num_samples: 1
  rmse: 143.11174745821413
  std: 0.0
