rot:
  max: 3.4013784798953774
  mean: 0.7694770815433061
  median: 0.4356243820870118
  min: 8.369745188733935e-05
  num_samples: 1116
  rmse: 1.2001564082188667
  std: 0.9210214032086372
scale:
  max: 168.3396645906649
  mean: 5.882002650163241
  median: 2.4852426276270045
  min: 0.06610093590682098
  num_samples: 1116
  rmse: 18.841025710084722
  std: 17.899337826622137
trans:
  max: 42.607154322657465
  mean: 20.375064255079376
  median: 20.90645423663466
  min: 0.0
  num_samples: 1116
  rmse: 23.794626239354777
  std: 12.2898736556556
