rot:
  max: 1.2001564082188667
  mean: 1.2001564082188667
  median: 1.2001564082188667
  min: 1.2001564082188667
  num_samples: 1
  rmse: 1.2001564082188667
  std: 0.0
scale:
  max: 18.841025710084722
  mean: 18.841025710084722
  median: 18.841025710084722
  min: 18.841025710084722
  num_samples: 1
  rmse: 18.841025710084722
  std: 0.0
trans:
  max: 23.794626239354777
  mean: 23.794626239354777
  median: 23.794626239354777
  min: 23.794626239354777
  num_samples: 1
  rmse: 23.794626239354777
  std: 0.0
