rot:
  max: 9.926016560366886
  mean: 4.904218983325102
  median: 4.424934660082584
  min: 0.0011563767715691445
  num_samples: 535
  rmse: 5.507374187324796
  std: 2.505954229990076
scale:
  max: 3375884.4413848952
  mean: 14606.181163262137
  median: 5.587808292414698
  min: 0.005369883448724799
  num_samples: 535
  rmse: 206149.72387417412
  std: 205631.632112436
trans:
  max: 29.842762457489044
  mean: 15.099426095257042
  median: 18.605574345692798
  min: 4.0797911805097564e-08
  num_samples: 535
  rmse: 18.689709526319845
  std: 11.014198734909474
