rot:
  max: 5.507374187324796
  mean: 5.507374187324796
  median: 5.507374187324796
  min: 5.507374187324796
  num_samples: 1
  rmse: 5.507374187324796
  std: 0.0
scale:
  max: 206149.72387417412
  mean: 206149.72387417412
  median: 206149.72387417412
  min: 206149.72387417412
  num_samples: 1
  rmse: 206149.72387417412
  std: 0.0
trans:
  max: 18.689709526319845
  mean: 18.689709526319845
  median: 18.689709526319845
  min: 18.689709526319845
  num_samples: 1
  rmse: 18.689709526319845
  std: 0.0
