rot:
  max: 14.182064445599107
  mean: 3.217895982763954
  median: 3.038002427174799
  min: 0.0006741862031264913
  num_samples: 1330
  rmse: 3.7374365967248937
  std: 1.9009412822731175
scale:
  max: 11823396.453366015
  mean: 17073.069725603265
  median: 1.2105246152891769
  min: 0.0189038450381096
  num_samples: 1330
  rmse: 399061.35231083276
  std: 398695.96586659265
trans:
  max: 54.40776263635216
  mean: 26.464792710775367
  median: 23.5549102296333
  min: 0.0
  num_samples: 1330
  rmse: 32.16622686324088
  std: 18.283350278140226
