rot:
  max: 13.039898350224334
  mean: 7.354458888909171
  median: 9.53848661463666
  min: 0.00014039785329892146
  num_samples: 772
  rmse: 8.33832616581264
  std: 3.9293278940323355
scale:
  max: 107212.05239818523
  mean: 2041.2101694425073
  median: 252.31086767070758
  min: 0.006488993112641062
  num_samples: 772
  rmse: 9013.69806418002
  std: 8779.533805183914
trans:
  max: 115.0079179556261
  mean: 68.79806260961071
  median: 104.81592597289242
  min: 0.0
  num_samples: 772
  rmse: 83.97235906198487
  std: 48.14751984888731
