rot:
  max: 8.33832616581264
  mean: 8.33832616581264
  median: 8.33832616581264
  min: 8.33832616581264
  num_samples: 1
  rmse: 8.33832616581264
  std: 0.0
scale:
  max: 9013.69806418002
  mean: 9013.69806418002
  median: 9013.69806418002
  min: 9013.69806418002
  num_samples: 1
  rmse: 9013.69806418002
  std: 0.0
trans:
  max: 83.97235906198487
  mean: 83.97235906198487
  median: 83.97235906198487
  min: 83.97235906198487
  num_samples: 1
  rmse: 83.97235906198487
  std: 0.0
