rot:
  max: 11.023716852573274
  mean: 4.170455459906833
  median: 4.991247371461124
  min: 0.00260916829651933
  num_samples: 535
  rmse: 4.656900531352227
  std: 2.0722026483531812
scale:
  max: 2560772.933327428
  mean: 8259.602632765042
  median: 12.555760387753745
  min: 0.09668143334042867
  num_samples: 535
  rmse: 126938.17052224872
  std: 126669.16791344417
trans:
  max: 25.585128248281084
  mean: 14.858730467248783
  median: 19.55183480305396
  min: 0.0
  num_samples: 535
  rmse: 18.07514375233753
  std: 10.29217909722325
