rot:
  max: 4.656900531352227
  mean: 4.656900531352227
  median: 4.656900531352227
  min: 4.656900531352227
  num_samples: 1
  rmse: 4.656900531352227
  std: 0.0
scale:
  max: 126938.17052224872
  mean: 126938.17052224872
  median: 126938.17052224872
  min: 126938.17052224872
  num_samples: 1
  rmse: 126938.17052224872
  std: 0.0
trans:
  max: 18.07514375233753
  mean: 18.07514375233753
  median: 18.07514375233753
  min: 18.07514375233753
  num_samples: 1
  rmse: 18.07514375233753
  std: 0.0
