rot:
  max: 0.817842450769698
  mean: 0.817842450769698
  median: 0.817842450769698
  min: 0.817842450769698
  num_samples: 1
  rmse: 0.817842450769698
  std: 0.0
scale:
  max: 3823.610639699169
  mean: 3823.610639699169
  median: 3823.610639699169
  min: 3823.610639699169
  num_samples: 1
  rmse: 3823.610639699169
  std: 0.0
trans:
  max: 2.2311432215631415
  mean: 2.2311432215631415
  median: 2.2311432215631415
  min: 2.2311432215631415
  num_samples: 1
  rmse: 2.2311432215631415
  std: 0.0
