rot:
  max: 10.483229066886103
  mean: 5.939881055041205
  median: 4.9895122176934255
  min: 0.0
  num_samples: 792
  rmse: 6.830428825340313
  std: 3.3723242711818857
scale:
  max: 80473.5457920929
  mean: 244.2164598823942
  median: 5.65667741022331
  min: 0.0019301016425332662
  num_samples: 792
  rmse: 3216.855212368877
  std: 3207.5716325699304
trans:
  max: 28.455299274016788
  mean: 14.664805246320158
  median: 16.468663880247142
  min: 0.0
  num_samples: 792
  rmse: 16.530238282759708
  std: 7.628385463013479
