rot:
  max: 6.830428825340313
  mean: 6.830428825340313
  median: 6.830428825340313
  min: 6.830428825340313
  num_samples: 1
  rmse: 6.830428825340313
  std: 0.0
scale:
  max: 3216.855212368877
  mean: 3216.855212368877
  median: 3216.855212368877
  min: 3216.855212368877
  num_samples: 1
  rmse: 3216.855212368877
  std: 0.0
trans:
  max: 16.530238282759708
  mean: 16.530238282759708
  median: 16.530238282759708
  min: 16.530238282759708
  num_samples: 1
  rmse: 16.530238282759708
  std: 0.0
