rot:
  max: 10.384722984997953
  mean: 5.520447900618146
  median: 4.878445924558201
  min: 0.0011563767715691445
  num_samples: 535
  rmse: 6.228848904104898
  std: 2.8849980323614606
scale:
  max: 3375884.4413848952
  mean: 14608.895479005294
  median: 6.610182442477552
  min: 0.03662705143828715
  num_samples: 535
  rmse: 206149.74046332683
  std: 205631.4559253533
trans:
  max: 30.864767416312482
  mean: 16.74219441791849
  median: 22.67493703787494
  min: 4.0797911805097564e-08
  num_samples: 535
  rmse: 20.44309090954721
  std: 11.73110787643821
