rot:
  max: 6.228848904104898
  mean: 6.228848904104898
  median: 6.228848904104898
  min: 6.228848904104898
  num_samples: 1
  rmse: 6.228848904104898
  std: 0.0
scale:
  max: 206149.74046332683
  mean: 206149.74046332683
  median: 206149.74046332683
  min: 206149.74046332683
  num_samples: 1
  rmse: 206149.74046332683
  std: 0.0
trans:
  max: 20.44309090954721
  mean: 20.44309090954721
  median: 20.44309090954721
  min: 20.44309090954721
  num_samples: 1
  rmse: 20.44309090954721
  std: 0.0
