rot:
  max: 9.086343870245555
  mean: 3.7732157559867043
  median: 3.6883308070688905
  min: 0.0023198233863703107
  num_samples: 2095
  rmse: 3.9865729853251466
  std: 1.2867039387900903
scale:
  max: 27133.01287274359
  mean: 177.15696654183108
  median: 2.576173402616644
  min: 0.21911348214229687
  num_samples: 2095
  rmse: 1718.5614584672471
  std: 1709.406006697873
trans:
  max: 101.61420816633411
  mean: 62.738386738324095
  median: 62.07719407153175
  min: 0.0
  num_samples: 2095
  rmse: 69.33189238639214
  std: 29.50942444966931
