rot:
  max: 3.9865729853251466
  mean: 3.9865729853251466
  median: 3.9865729853251466
  min: 3.9865729853251466
  num_samples: 1
  rmse: 3.9865729853251466
  std: 0.0
scale:
  max: 1718.5614584672471
  mean: 1718.5614584672471
  median: 1718.5614584672471
  min: 1718.5614584672471
  num_samples: 1
  rmse: 1718.5614584672471
  std: 0.0
trans:
  max: 69.33189238639214
  mean: 69.33189238639214
  median: 69.33189238639214
  min: 69.33189238639214
  num_samples: 1
  rmse: 69.33189238639214
  std: 0.0
