rot:
  max: 20.299405739710803
  mean: 9.843574513812987
  median: 8.059097989016838
  min: 0.00220490345408711
  num_samples: 1082
  rmse: 11.717933225250421
  std: 6.357200630972657
scale:
  max: 5627666.859167118
  mean: 5205.248379642211
  median: 3.1270967024555563
  min: 0.03894929698152749
  num_samples: 1082
  rmse: 171086.10950247844
  std: 171006.90703594484
trans:
  max: 193.08068801183123
  mean: 83.92020860212291
  median: 77.70196750568036
  min: 1.4310100525831956e-07
  num_samples: 1082
  rmse: 103.46336886440585
  std: 60.51501702014371
