rot:
  max: 11.717933225250421
  mean: 11.717933225250421
  median: 11.717933225250421
  min: 11.717933225250421
  num_samples: 1
  rmse: 11.717933225250421
  std: 0.0
scale:
  max: 171086.10950247844
  mean: 171086.10950247844
  median: 171086.10950247844
  min: 171086.10950247844
  num_samples: 1
  rmse: 171086.10950247844
  std: 0.0
trans:
  max: 103.46336886440585
  mean: 103.46336886440585
  median: 103.46336886440585
  min: 103.46336886440585
  num_samples: 1
  rmse: 103.46336886440585
  std: 0.0
