rot:
  max: 13.797197892417321
  mean: 3.2435883736320963
  median: 3.109444019086415
  min: 0.0005860310670338717
  num_samples: 1101
  rmse: 3.704900516820558
  std: 1.7903693199940427
scale:
  max: 331.15700950968846
  mean: 5.343718338311658
  median: 1.841244582355328
  min: 0.07996347559668937
  num_samples: 1101
  rmse: 26.32958422814317
  std: 25.781615153975075
trans:
  max: 99.63215562760351
  mean: 50.85999449456224
  median: 54.59200347858838
  min: 0.0
  num_samples: 1101
  rmse: 60.08595594515283
  std: 31.993484678227006
