rot:
  max: 3.704900516820558
  mean: 3.704900516820558
  median: 3.704900516820558
  min: 3.704900516820558
  num_samples: 1
  rmse: 3.704900516820558
  std: 0.0
scale:
  max: 26.32958422814317
  mean: 26.32958422814317
  median: 26.32958422814317
  min: 26.32958422814317
  num_samples: 1
  rmse: 26.32958422814317
  std: 0.0
trans:
  max: 60.08595594515283
  mean: 60.08595594515283
  median: 60.08595594515283
  min: 60.08595594515283
  num_samples: 1
  rmse: 60.08595594515283
  std: 0.0
