rot:
  max: 3.7802914177905675
  mean: 0.9932114117446764
  median: 0.6883291938658657
  min: 0.0004746431245258161
  num_samples: 1101
  rmse: 1.4305467243304189
  std: 1.0295605966006265
scale:
  max: 13823.080277924504
  mean: 36.083246340621905
  median: 1.888451850241668
  min: 0.004802786705859763
  num_samples: 1101
  rmse: 604.3740141086482
  std: 603.2959043979353
trans:
  max: 37.29671910201142
  mean: 16.268060256186292
  median: 14.822198323658533
  min: 0.0
  num_samples: 1101
  rmse: 19.790866839702762
  std: 11.270697661100595
