rot:
  max: 179.9302784723948
  mean: 96.66990096562564
  median: 145.87048864945638
  min: 0.0
  num_samples: 772
  rmse: 123.48756241727365
  std: 76.83819570406496
scale:
  max: 234812.26147898156
  mean: 5949.207570406002
  median: 843.101826107499
  min: 0.023517739580902752
  num_samples: 772
  rmse: 23972.146911877524
  std: 23222.20396191677
trans:
  max: 473.7675900226105
  mean: 237.04667563085437
  median: 361.11775175104685
  min: 0.0
  num_samples: 772
  rmse: 303.2525705648077
  std: 189.13221599326792
