rot:
  max: 18.45495784518413
  mean: 9.699652634657344
  median: 12.69257822829514
  min: 0.0011563767715691445
  num_samples: 535
  rmse: 11.811467604429536
  std: 6.739993007227327
scale:
  max: 3375844.9481039
  mean: 14824.966251880263
  median: 15.412206929739147
  min: 0.002865155211617676
  num_samples: 535
  rmse: 206152.41985408595
  std: 205618.67762274403
trans:
  max: 75.42080466899495
  mean: 30.974518660252713
  median: 20.705984667878237
  min: 4.0797911805097564e-08
  num_samples: 535
  rmse: 42.11492706059217
  std: 28.535000877600396
