rot:
  max: 11.811467604429536
  mean: 11.811467604429536
  median: 11.811467604429536
  min: 11.811467604429536
  num_samples: 1
  rmse: 11.811467604429536
  std: 0.0
scale:
  max: 206152.41985408595
  mean: 206152.41985408595
  median: 206152.41985408595
  min: 206152.41985408595
  num_samples: 1
  rmse: 206152.41985408595
  std: 0.0
trans:
  max: 42.11492706059217
  mean: 42.11492706059217
  median: 42.11492706059217
  min: 42.11492706059217
  num_samples: 1
  rmse: 42.11492706059217
  std: 0.0
