rot:
  max: 22.579844129304924
  mean: 14.074463810784968
  median: 14.43837800836792
  min: 1.1459155902616465e-14
  num_samples: 2095
  rmse: 15.217319572093642
  std: 5.785869286298167
scale:
  max: 54456.349978682934
  mean: 370.44405776337925
  median: 10.853172040970271
  min: 0.010819065762124325
  num_samples: 2095
  rmse: 3415.253983161851
  std: 3395.103970362423
trans:
  max: 471.1456767320802
  mean: 246.0407022867623
  median: 248.69688615851544
  min: 0.0
  num_samples: 2095
  rmse: 285.30114273985
  std: 144.43238856607283
