rot:
  max: 15.217319572093642
  mean: 15.217319572093642
  median: 15.217319572093642
  min: 15.217319572093642
  num_samples: 1
  rmse: 15.217319572093642
  std: 0.0
scale:
  max: 3415.253983161851
  mean: 3415.253983161851
  median: 3415.253983161851
  min: 3415.253983161851
  num_samples: 1
  rmse: 3415.253983161851
  std: 0.0
trans:
  max: 285.30114273985
  mean: 285.30114273985
  median: 285.30114273985
  min: 285.30114273985
  num_samples: 1
  rmse: 285.30114273985
  std: 0.0
