rot:
  max: 144.61544842199808
  mean: 70.08227711118428
  median: 131.07317773428147
  min: 0.0006785081735415092
  num_samples: 535
  rmse: 96.20556318911453
  std: 65.90891308044674
scale:
  max: 3152900.0099882293
  mean: 18031.49874593979
  median: 129.20692900243424
  min: 0.02345169319909468
  num_samples: 535
  rmse: 193695.7767160357
  std: 192854.65763264193
trans:
  max: 795.1667071579158
  mean: 343.24761932610903
  median: 321.8186297128434
  min: 3.8474106316268337e-08
  num_samples: 535
  rmse: 484.7633269237808
  std: 342.31061180917385
