rot:
  max: 96.20556318911453
  mean: 96.20556318911453
  median: 96.20556318911453
  min: 96.20556318911453
  num_samples: 1
  rmse: 96.20556318911453
  std: 0.0
scale:
  max: 193695.7767160357
  mean: 193695.7767160357
  median: 193695.7767160357
  min: 193695.7767160357
  num_samples: 1
  rmse: 193695.7767160357
  std: 0.0
trans:
  max: 484.7633269237808
  mean: 484.7633269237808
  median: 484.7633269237808
  min: 484.7633269237808
  num_samples: 1
  rmse: 484.7633269237808
  std: 0.0
