rot:
  max: 30.4643516290478
  mean: 13.556009693636838
  median: 8.444687714498514
  min: 0.0007801794054116189
  num_samples: 1101
  rmse: 17.095481715430612
  std: 10.415857922833167
scale:
  max: 1075.418366396347
  mean: 9.505015748373419
  median: 3.9068394779228743
  min: 0.020558499665390695
  num_samples: 1101
  rmse: 44.21917200631233
  std: 43.18552823049649
trans:
  max: 342.8032084140053
  mean: 119.92504026252976
  median: 108.49201693671777
  min: 1.2476799491734092e-08
  num_samples: 1101
  rmse: 153.35815345435407
  std: 95.58612843378388
