rot:
  max: 17.095481715430612
  mean: 17.095481715430612
  median: 17.095481715430612
  min: 17.095481715430612
  num_samples: 1
  rmse: 17.095481715430612
  std: 0.0
scale:
  max: 44.21917200631233
  mean: 44.21917200631233
  median: 44.21917200631233
  min: 44.21917200631233
  num_samples: 1
  rmse: 44.21917200631233
  std: 0.0
trans:
  max: 153.35815345435407
  mean: 153.35815345435407
  median: 153.35815345435407
  min: 153.35815345435407
  num_samples: 1
  rmse: 153.35815345435407
  std: 0.0
