rot:
  max: 1.058217512849593
  mean: 0.47352800467896866
  median: 0.4911491373121268
  min: 0.00032952400690080326
  num_samples: 535
  rmse: 0.5566480307607737
  std: 0.29262306630647206
scale:
  max: 2413841.8271348034
  mean: 7656.651676229719
  median: 3.5399714130691873
  min: 0.027736379473952688
  num_samples: 535
  rmse: 120120.98762349614
  std: 119876.71730887947
trans:
  max: 4.807560338661321
  mean: 2.297242794538266
  median: 2.525939153962985
  min: 0.0
  num_samples: 535
  rmse: 2.7833530571404115
  std: 1.5715373949209395
