rot:
  max: 0.5566480307607737
  mean: 0.5566480307607737
  median: 0.5566480307607737
  min: 0.5566480307607737
  num_samples: 1
  rmse: 0.5566480307607737
  std: 0.0
scale:
  max: 120120.98762349614
  mean: 120120.98762349614
  median: 120120.98762349614
  min: 120120.98762349614
  num_samples: 1
  rmse: 120120.98762349614
  std: 0.0
trans:
  max: 2.7833530571404115
  mean: 2.7833530571404115
  median: 2.7833530571404115
  min: 2.7833530571404115
  num_samples: 1
  rmse: 2.7833530571404115
  std: 0.0
