rot:
  max: 13.4582098643881
  mean: 7.212071015538822
  median: 5.210879016462311
  min: 0.0
  num_samples: 792
  rmse: 8.65159518465818
  std: 4.778716449636394
scale:
  max: 80473.5457920929
  mean: 278.7164127823551
  median: 5.9913955222763216
  min: 0.008967531205494872
  num_samples: 792
  rmse: 3230.9916904850497
  std: 3218.947726389662
trans:
  max: 42.538096882472985
  mean: 19.333056966959887
  median: 15.52383989070376
  min: 0.0
  num_samples: 792
  rmse: 22.951773108595262
  std: 12.36999584238897
