rot:
  max: 8.65159518465818
  mean: 8.65159518465818
  median: 8.65159518465818
  min: 8.65159518465818
  num_samples: 1
  rmse: 8.65159518465818
  std: 0.0
scale:
  max: 3230.9916904850497
  mean: 3230.9916904850497
  median: 3230.9916904850497
  min: 3230.9916904850497
  num_samples: 1
  rmse: 3230.9916904850497
  std: 0.0
trans:
  max: 22.951773108595262
  mean: 22.951773108595262
  median: 22.951773108595262
  min: 22.951773108595262
  num_samples: 1
  rmse: 22.951773108595262
  std: 0.0
