rot:
  max: 32.927822220849954
  mean: 14.901829589511838
  median: 10.418458751968005
  min: 0.0007801794054116189
  num_samples: 1101
  rmse: 18.435063873983527
  std: 10.852974473525768
scale:
  max: 1075.418366396347
  mean: 9.343490981345365
  median: 4.195935823735275
  min: 0.004404482168174351
  num_samples: 1101
  rmse: 44.073549018588956
  std: 43.07176452591048
trans:
  max: 309.5878478591762
  mean: 127.63527889186001
  median: 115.94587553462135
  min: 1.2476799491734092e-08
  num_samples: 1101
  rmse: 160.21852458046467
  std: 96.84632776175911
