rot:
  max: 18.435063873983527
  mean: 18.435063873983527
  median: 18.435063873983527
  min: 18.435063873983527
  num_samples: 1
  rmse: 18.435063873983527
  std: 0.0
scale:
  max: 44.073549018588956
  mean: 44.073549018588956
  median: 44.073549018588956
  min: 44.073549018588956
  num_samples: 1
  rmse: 44.073549018588956
  std: 0.0
trans:
  max: 160.21852458046467
  mean: 160.21852458046467
  median: 160.21852458046467
  min: 160.21852458046467
  num_samples: 1
  rmse: 160.21852458046467
  std: 0.0
