rot:
  max: 65.14629804234171
  mean: 29.52960348191849
  median: 26.06741981459647
  min: 0.0
  num_samples: 2686
  rmse: 35.00682262750197
  std: 18.80106775356258
scale:
  max: 405661.7041032947
  mean: 1282.4685146532313
  median: 15.116735401420344
  min: 0.09103210088634572
  num_samples: 2686
  rmse: 11057.638948233962
  std: 10983.01659920551
trans:
  max: 820.833462405144
  mean: 468.0066554250474
  median: 518.9448450259634
  min: 0.0
  num_samples: 2686
  rmse: 544.0312946966234
  std: 277.3802806385942
