rot:
  max: 35.00682262750197
  mean: 35.00682262750197
  median: 35.00682262750197
  min: 35.00682262750197
  num_samples: 1
  rmse: 35.00682262750197
  std: 0.0
scale:
  max: 11057.638948233962
  mean: 11057.638948233962
  median: 11057.638948233962
  min: 11057.638948233962
  num_samples: 1
  rmse: 11057.638948233962
  std: 0.0
trans:
  max: 544.0312946966234
  mean: 544.0312946966234
  median: 544.0312946966234
  min: 544.0312946966234
  num_samples: 1
  rmse: 544.0312946966234
  std: 0.0
