rot:
  max: 19.691603855675645
  mean: 10.75209997882199
  median: 8.567263867063325
  min: 0.0016653275185080497
  num_samples: 1101
  rmse: 12.099960601488817
  std: 5.549900233607605
scale:
  max: 288.19372804930293
  mean: 7.4132941340063825
  median: 3.655860958815782
  min: 0.038827070782687656
  num_samples: 1101
  rmse: 24.56242789983557
  std: 23.417000969751175
trans:
  max: 220.80123320897914
  mean: 102.17959956197576
  median: 110.02168742339413
  min: 9.29184417226616e-08
  num_samples: 1101
  rmse: 122.61334354006253
  std: 67.77434210250718
