rot:
  max: 12.099960601488817
  mean: 12.099960601488817
  median: 12.099960601488817
  min: 12.099960601488817
  num_samples: 1
  rmse: 12.099960601488817
  std: 0.0
scale:
  max: 24.56242789983557
  mean: 24.56242789983557
  median: 24.56242789983557
  min: 24.56242789983557
  num_samples: 1
  rmse: 24.56242789983557
  std: 0.0
trans:
  max: 122.61334354006253
  mean: 122.61334354006253
  median: 122.61334354006253
  min: 122.61334354006253
  num_samples: 1
  rmse: 122.61334354006253
  std: 0.0
