rot:
  max: 14.661722539061282
  mean: 14.661722539061282
  median: 14.661722539061282
  min: 14.661722539061282
  num_samples: 1
  rmse: 14.661722539061282
  std: 0.0
scale:
  max: 3984.633588422736
  mean: 3984.633588422736
  median: 3984.633588422736
  min: 3984.633588422736
  num_samples: 1
  rmse: 3984.633588422736
  std: 0.0
trans:
  max: 273.115261110497
  mean: 273.115261110497
  median: 273.115261110497
  min: 273.115261110497
  num_samples: 1
  rmse: 273.115261110497
  std: 0.0
