rot:
  max: 9.90100343409044
  mean: 5.687022469133495
  median: 6.899490494385198
  min: 0.0006785081735415092
  num_samples: 535
  rmse: 6.531715028272754
  std: 3.2126432491228925
scale:
  max: 3152900.0099882293
  mean: 13553.146635298242
  median: 7.8879176933691175
  min: 0.02345169319909468
  num_samples: 535
  rmse: 192944.8357945165
  std: 192468.2360184533
trans:
  max: 28.64503103308578
  mean: 11.113672202349811
  median: 12.12083342024777
  min: 3.8474106316268337e-08
  num_samples: 535
  rmse: 14.160504358214776
  std: 8.775316168534149
