rot:
  max: 6.531715028272754
  mean: 6.531715028272754
  median: 6.531715028272754
  min: 6.531715028272754
  num_samples: 1
  rmse: 6.531715028272754
  std: 0.0
scale:
  max: 192944.8357945165
  mean: 192944.8357945165
  median: 192944.8357945165
  min: 192944.8357945165
  num_samples: 1
  rmse: 192944.8357945165
  std: 0.0
trans:
  max: 14.160504358214776
  mean: 14.160504358214776
  median: 14.160504358214776
  min: 14.160504358214776
  num_samples: 1
  rmse: 14.160504358214776
  std: 0.0
