rot:
  max: 2.5614486580753075
  mean: 2.5614486580753075
  median: 2.5614486580753075
  min: 2.5614486580753075
  num_samples: 1
  rmse: 2.5614486580753075
  std: 0.0
scale:
  max: 68765.48405537523
  mean: 68765.48405537523
  median: 68765.48405537523
  min: 68765.48405537523
  num_samples: 1
  rmse: 68765.48405537523
  std: 0.0
trans:
  max: 22.92612605009564
  mean: 22.92612605009564
  median: 22.92612605009564
  min: 22.92612605009564
  num_samples: 1
  rmse: 22.92612605009564
  std: 0.0
