rot:
  max: 38.012613095671966
  mean: 22.018595765477496
  median: 31.801639553710093
  min: 0.0
  num_samples: 753
  rmse: 26.87637697317624
  std: 15.411718908699775
scale:
  max: 113168.91431711543
  mean: 3015.9116699370143
  median: 499.12589223058285
  min: 0.04322451155072127
  num_samples: 753
  rmse: 11826.004782913544
  std: 11434.97555417727
trans:
  max: 234.97077475251444
  mean: 131.96694331744524
  median: 204.2375830114273
  min: 0.0
  num_samples: 753
  rmse: 164.8408978225464
  std: 98.77878044597111
