rot:
  max: 26.87637697317624
  mean: 26.87637697317624
  median: 26.87637697317624
  min: 26.87637697317624
  num_samples: 1
  rmse: 26.87637697317624
  std: 0.0
scale:
  max: 11826.004782913544
  mean: 11826.004782913544
  median: 11826.004782913544
  min: 11826.004782913544
  num_samples: 1
  rmse: 11826.004782913544
  std: 0.0
trans:
  max: 164.8408978225464
  mean: 164.8408978225464
  median: 164.8408978225464
  min: 164.8408978225464
  num_samples: 1
  rmse: 164.8408978225464
  std: 0.0
