rot:
  max: 14.131320525590375
  mean: 3.659353238709045
  median: 3.618763966181122
  min: 0.0006741862031264913
  num_samples: 1330
  rmse: 4.157596444599871
  std: 1.9735100887756103
scale:
  max: 11823396.453366015
  mean: 17083.323427756146
  median: 2.405143381453867
  min: 0.008852685586679954
  num_samples: 1330
  rmse: 399061.36882832274
  std: 398695.5431802534
trans:
  max: 104.9287065512599
  mean: 47.74720819293986
  median: 45.63786740331598
  min: 0.0
  num_samples: 1330
  rmse: 59.17097690275011
  std: 34.948656875563096
