rot:
  max: 4.157596444599871
  mean: 4.157596444599871
  median: 4.157596444599871
  min: 4.157596444599871
  num_samples: 1
  rmse: 4.157596444599871
  std: 0.0
scale:
  max: 399061.36882832274
  mean: 399061.36882832274
  median: 399061.36882832274
  min: 399061.36882832274
  num_samples: 1
  rmse: 399061.36882832274
  std: 0.0
trans:
  max: 59.17097690275011
  mean: 59.17097690275011
  median: 59.17097690275011
  min: 59.17097690275011
  num_samples: 1
  rmse: 59.17097690275011
  std: 0.0
