rot:
  max: 86.92953448378452
  mean: 86.92953448378452
  median: 86.92953448378452
  min: 86.92953448378452
  num_samples: 1
  rmse: 86.92953448378452
  std: 0.0
scale:
  max: 127215.8964825996
  mean: 127215.8964825996
  median: 127215.8964825996
  min: 127215.8964825996
  num_samples: 1
  rmse: 127215.8964825996
  std: 0.0
trans:
  max: 423.93887148302025
  mean: 423.93887148302025
  median: 423.93887148302025
  min: 423.93887148302025
  num_samples: 1
  rmse: 423.93887148302025
  std: 0.0
