rot:
  max: 11.984262492429991
  mean: 6.972098555554138
  median: 8.88527761800675
  min: 0.002037169356248867
  num_samples: 772
  rmse: 7.696929412052714
  std: 3.260761277027505
scale:
  max: 10879.39388694489
  mean: 292.22420685850886
  median: 7.676716582895393
  min: 0.05181302444893232
  num_samples: 772
  rmse: 1111.7140311383253
  std: 1072.6197368852302
trans:
  max: 24.120709247095522
  mean: 16.182855010749186
  median: 20.157211435995276
  min: 0.0
  num_samples: 772
  rmse: 18.090064792636028
  std: 8.084902467119777
