rot:
  max: 7.696929412052714
  mean: 7.696929412052714
  median: 7.696929412052714
  min: 7.696929412052714
  num_samples: 1
  rmse: 7.696929412052714
  std: 0.0
scale:
  max: 1111.7140311383253
  mean: 1111.7140311383253
  median: 1111.7140311383253
  min: 1111.7140311383253
  num_samples: 1
  rmse: 1111.7140311383253
  std: 0.0
trans:
  max: 18.090064792636028
  mean: 18.090064792636028
  median: 18.090064792636028
  min: 18.090064792636028
  num_samples: 1
  rmse: 18.090064792636028
  std: 0.0
