rot:
  max: 9.654072414776836
  mean: 2.354694024175887
  median: 2.1522424349799936
  min: 0.0
  num_samples: 792
  rmse: 2.820494833287102
  std: 1.5526130094487827
scale:
  max: 2004.203374563177
  mean: 50.1397815752857
  median: 3.1940177343032228
  min: 0.018343781485219424
  num_samples: 792
  rmse: 185.47709882449917
  std: 178.57143246313413
trans:
  max: 15.057222410996959
  mean: 9.768465137737229
  median: 11.272510793279839
  min: 0.0
  num_samples: 792
  rmse: 10.765510756929004
  std: 4.524744270162295
