rot:
  max: 2.820494833287102
  mean: 2.820494833287102
  median: 2.820494833287102
  min: 2.820494833287102
  num_samples: 1
  rmse: 2.820494833287102
  std: 0.0
scale:
  max: 185.47709882449917
  mean: 185.47709882449917
  median: 185.47709882449917
  min: 185.47709882449917
  num_samples: 1
  rmse: 185.47709882449917
  std: 0.0
trans:
  max: 10.765510756929004
  mean: 10.765510756929004
  median: 10.765510756929004
  min: 10.765510756929004
  num_samples: 1
  rmse: 10.765510756929004
  std: 0.0
