rot:
  max: 17.51951593981683
  mean: 10.26997685024207
  median: 9.478527109412479
  min: 0.0016653275185080497
  num_samples: 1101
  rmse: 11.273480059361253
  std: 4.649615913632842
scale:
  max: 288.19372804930293
  mean: 6.666058837177843
  median: 3.5117022405596554
  min: 0.029188087231812876
  num_samples: 1101
  rmse: 24.302952120760352
  std: 23.370860946128055
trans:
  max: 216.16555734765856
  mean: 101.92249686330445
  median: 113.56474033830038
  min: 9.29184417226616e-08
  num_samples: 1101
  rmse: 122.49668518275406
  std: 67.95029443580401
