rot:
  max: 11.273480059361253
  mean: 11.273480059361253
  median: 11.273480059361253
  min: 11.273480059361253
  num_samples: 1
  rmse: 11.273480059361253
  std: 0.0
scale:
  max: 24.302952120760352
  mean: 24.302952120760352
  median: 24.302952120760352
  min: 24.302952120760352
  num_samples: 1
  rmse: 24.302952120760352
  std: 0.0
trans:
  max: 122.49668518275406
  mean: 122.49668518275406
  median: 122.49668518275406
  min: 122.49668518275406
  num_samples: 1
  rmse: 122.49668518275406
  std: 0.0
