rot:
  max: 12.911155532163662
  mean: 7.160250855158068
  median: 9.368415635986096
  min: 0.0006785081735415092
  num_samples: 535
  rmse: 8.554056015650097
  std: 4.680030129185899
scale:
  max: 3305995.4741701833
  mean: 13942.568993460676
  median: 10.708533174256008
  min: 0.03476838136053928
  num_samples: 535
  rmse: 197369.03781436328
  std: 196875.9555091229
trans:
  max: 46.11181269956137
  mean: 19.33491746462413
  median: 18.158024652676023
  min: 3.8474106316268337e-08
  num_samples: 535
  rmse: 25.130285181927327
  std: 16.05279414809674
