rot:
  max: 8.554056015650097
  mean: 8.554056015650097
  median: 8.554056015650097
  min: 8.554056015650097
  num_samples: 1
  rmse: 8.554056015650097
  std: 0.0
scale:
  max: 197369.03781436328
  mean: 197369.03781436328
  median: 197369.03781436328
  min: 197369.03781436328
  num_samples: 1
  rmse: 197369.03781436328
  std: 0.0
trans:
  max: 25.130285181927327
  mean: 25.130285181927327
  median: 25.130285181927327
  min: 25.130285181927327
  num_samples: 1
  rmse: 25.130285181927327
  std: 0.0
