rot:
  max: 13.41815723550743
  mean: 3.3994906289436932
  median: 3.2485235182031937
  min: 0.0005860310670338717
  num_samples: 1101
  rmse: 3.832259737480247
  std: 1.7690896413794812
scale:
  max: 331.15703572743234
  mean: 5.123918740503014
  median: 1.6961745517424909
  min: 0.0010076143129533754
  num_samples: 1101
  rmse: 26.31781956480745
  std: 25.81420313289728
trans:
  max: 94.70550366006444
  mean: 53.238640008429456
  median: 65.20161687490172
  min: 0.0
  num_samples: 1101
  rmse: 62.261955113170295
  std: 32.28309564721586
