rot:
  max: 31.784496861736017
  mean: 18.517026391207953
  median: 27.424626227808936
  min: 0.002037169356248867
  num_samples: 772
  rmse: 22.43124540273067
  std: 12.660193677224452
scale:
  max: 109925.94623597813
  mean: 2844.195924028155
  median: 471.1563935651312
  min: 0.029251400446472786
  num_samples: 772
  rmse: 11201.845768902273
  std: 10834.754181614615
trans:
  max: 218.28937664203616
  mean: 121.93189569563582
  median: 192.90162201234668
  min: 0.0
  num_samples: 772
  rmse: 153.24543614736348
  std: 92.82659377605233
