rot:
  max: 22.43124540273067
  mean: 22.43124540273067
  median: 22.43124540273067
  min: 22.43124540273067
  num_samples: 1
  rmse: 22.43124540273067
  std: 0.0
scale:
  max: 11201.845768902273
  mean: 11201.845768902273
  median: 11201.845768902273
  min: 11201.845768902273
  num_samples: 1
  rmse: 11201.845768902273
  std: 0.0
trans:
  max: 153.24543614736348
  mean: 153.24543614736348
  median: 153.24543614736348
  min: 153.24543614736348
  num_samples: 1
  rmse: 153.24543614736348
  std: 0.0
