rot:
  max: 25.22306507852177
  mean: 14.482398529697507
  median: 20.838126956554724
  min: 0.0
  num_samples: 772
  rmse: 17.42699512586738
  std: 9.6933117118981
scale:
  max: 161233.29022292895
  mean: 2595.7904162432465
  median: 212.60753956278967
  min: 0.03425892142362441
  num_samples: 772
  rmse: 11301.108463683413
  std: 10998.951069210032
trans:
  max: 185.70676425559935
  mean: 104.45299600612333
  median: 165.44856414130678
  min: 0.0
  num_samples: 772
  rmse: 130.88268221599267
  std: 78.86601377905001
