rot:
  max: 17.42699512586738
  mean: 17.42699512586738
  median: 17.42699512586738
  min: 17.42699512586738
  num_samples: 1
  rmse: 17.42699512586738
  std: 0.0
scale:
  max: 11301.108463683413
  mean: 11301.108463683413
  median: 11301.108463683413
  min: 11301.108463683413
  num_samples: 1
  rmse: 11301.108463683413
  std: 0.0
trans:
  max: 130.88268221599267
  mean: 130.88268221599267
  median: 130.88268221599267
  min: 130.88268221599267
  num_samples: 1
  rmse: 130.88268221599267
  std: 0.0
