rot:
  max: 18.06385191640924
  mean: 10.32977567533478
  median: 10.225615489572718
  min: 0.00212969360678017
  num_samples: 1330
  rmse: 11.566187246828829
  std: 5.203116558945008
scale:
  max: 24519810.477114342
  mean: 30678.361796623692
  median: 5.460759700625251
  min: 0.04789543456455991
  num_samples: 1330
  rmse: 762003.4806419187
  std: 761385.6727230124
trans:
  max: 282.06103130312545
  mean: 105.71028356246359
  median: 115.01035814816544
  min: 9.938361130639345e-08
  num_samples: 1330
  rmse: 132.79677969853293
  std: 80.37611988298659
