rot:
  max: 11.566187246828829
  mean: 11.566187246828829
  median: 11.566187246828829
  min: 11.566187246828829
  num_samples: 1
  rmse: 11.566187246828829
  std: 0.0
scale:
  max: 762003.4806419187
  mean: 762003.4806419187
  median: 762003.4806419187
  min: 762003.4806419187
  num_samples: 1
  rmse: 762003.4806419187
  std: 0.0
trans:
  max: 132.79677969853293
  mean: 132.79677969853293
  median: 132.79677969853293
  min: 132.79677969853293
  num_samples: 1
  rmse: 132.79677969853293
  std: 0.0
