rot:
  max: 14.33851464941465
  mean: 4.77119341076047
  median: 4.35260651578148
  min: 0.0005860310670338717
  num_samples: 1101
  rmse: 5.133196162917889
  std: 1.8935195494398285
scale:
  max: 331.15703572743234
  mean: 6.139705697828692
  median: 2.754377599575042
  min: 0.07978737035558847
  num_samples: 1101
  rmse: 26.403464561934843
  std: 25.679699274278878
trans:
  max: 138.41419263929745
  mean: 58.24389023303656
  median: 45.351571056180916
  min: 0.0
  num_samples: 1101
  rmse: 72.92403378690415
  std: 43.881248321755
