rot:
  max: 5.133196162917889
  mean: 5.133196162917889
  median: 5.133196162917889
  min: 5.133196162917889
  num_samples: 1
  rmse: 5.133196162917889
  std: 0.0
scale:
  max: 26.403464561934843
  mean: 26.403464561934843
  median: 26.403464561934843
  min: 26.403464561934843
  num_samples: 1
  rmse: 26.403464561934843
  std: 0.0
trans:
  max: 72.92403378690415
  mean: 72.92403378690415
  median: 72.92403378690415
  min: 72.92403378690415
  num_samples: 1
  rmse: 72.92403378690415
  std: 0.0
