rot:
  max: 29.815211940578347
  mean: 17.9360754781259
  median: 17.538866516710495
  min: 0.0
  num_samples: 2686
  rmse: 19.624358810537448
  std: 7.963206337128876
scale:
  max: 167201.38079519442
  mean: 572.2371404818398
  median: 9.487589938997154
  min: 0.09799441584723567
  num_samples: 2686
  rmse: 4745.173899550237
  std: 4710.543492212547
trans:
  max: 471.76596892973254
  mean: 285.67005371454275
  median: 353.09599057688206
  min: 0.0
  num_samples: 2686
  rmse: 318.9685657912554
  std: 141.8927988788039
