rot:
  max: 19.624358810537448
  mean: 19.624358810537448
  median: 19.624358810537448
  min: 19.624358810537448
  num_samples: 1
  rmse: 19.624358810537448
  std: 0.0
scale:
  max: 4745.173899550237
  mean: 4745.173899550237
  median: 4745.173899550237
  min: 4745.173899550237
  num_samples: 1
  rmse: 4745.173899550237
  std: 0.0
trans:
  max: 318.9685657912554
  mean: 318.9685657912554
  median: 318.9685657912554
  min: 318.9685657912554
  num_samples: 1
  rmse: 318.9685657912554
  std: 0.0
