rot:
  max: 11.406305302366711
  mean: 3.031993448762766
  median: 2.6281904093315918
  min: 0.0
  num_samples: 792
  rmse: 3.6922426681248344
  std: 2.107052834406689
scale:
  max: 3227.5359495487164
  mean: 73.28989327029798
  median: 5.376396451445725
  min: 0.010500619836328884
  num_samples: 792
  rmse: 266.282586055895
  std: 255.99806089313154
trans:
  max: 23.07609651820828
  mean: 13.228403989827001
  median: 11.984233758467578
  min: 0.0
  num_samples: 792
  rmse: 15.158786067641973
  std: 7.402575425246638
