rot:
  max: 3.6922426681248344
  mean: 3.6922426681248344
  median: 3.6922426681248344
  min: 3.6922426681248344
  num_samples: 1
  rmse: 3.6922426681248344
  std: 0.0
scale:
  max: 266.282586055895
  mean: 266.282586055895
  median: 266.282586055895
  min: 266.282586055895
  num_samples: 1
  rmse: 266.282586055895
  std: 0.0
trans:
  max: 15.158786067641973
  mean: 15.158786067641973
  median: 15.158786067641973
  min: 15.158786067641973
  num_samples: 1
  rmse: 15.158786067641973
  std: 0.0
