rot:
  max: 9.484351944473309
  mean: 4.3007250555969305
  median: 4.384809130711594
  min: 0.0
  num_samples: 772
  rmse: 4.627577313931265
  std: 1.7082844589154573
scale:
  max: 43870.38159793331
  mean: 1046.6871584399578
  median: 2.084823824638682
  min: 0.002663960383264552
  num_samples: 772
  rmse: 4476.196394929055
  std: 4352.100660409034
trans:
  max: 81.56400186075892
  mean: 50.36846422658781
  median: 77.812895089401
  min: 0.0
  num_samples: 772
  rmse: 61.233990479555864
  std: 34.82268515645057
