rot:
  max: 30.51217516848149
  mean: 17.244296329201763
  median: 16.647124427431947
  min: 0.0
  num_samples: 2686
  rmse: 19.329761731293452
  std: 8.733494873145311
scale:
  max: 172283.75622900814
  mean: 545.4243094739277
  median: 9.186078652651785
  min: 0.10015348850210826
  num_samples: 2686
  rmse: 4686.749324611799
  std: 4654.904032779198
trans:
  max: 428.14396910822074
  mean: 254.6891561622078
  median: 312.98329503100695
  min: 0.0
  num_samples: 2686
  rmse: 284.5538266223254
  std: 126.90277372378812
