rot:
  max: 19.329761731293452
  mean: 19.329761731293452
  median: 19.329761731293452
  min: 19.329761731293452
  num_samples: 1
  rmse: 19.329761731293452
  std: 0.0
scale:
  max: 4686.749324611799
  mean: 4686.749324611799
  median: 4686.749324611799
  min: 4686.749324611799
  num_samples: 1
  rmse: 4686.749324611799
  std: 0.0
trans:
  max: 284.5538266223254
  mean: 284.5538266223254
  median: 284.5538266223254
  min: 284.5538266223254
  num_samples: 1
  rmse: 284.5538266223254
  std: 0.0
