rot:
  max: 18.3048493370701
  mean: 11.636193050141909
  median: 12.015871986586664
  min: 1.1459155902616465e-14
  num_samples: 2095
  rmse: 12.38241539310507
  std: 4.233582675138694
scale:
  max: 72987.45724890172
  mean: 489.9002602068647
  median: 8.777096414430874
  min: 0.03841072797541312
  num_samples: 2095
  rmse: 4630.795911391233
  std: 4604.8092803076015
trans:
  max: 363.09768642460267
  mean: 198.27897710871332
  median: 243.4509109483047
  min: 0.0
  num_samples: 2095
  rmse: 228.39382243883725
  std: 113.35424722940668
