rot:
  max: 12.38241539310507
  mean: 12.38241539310507
  median: 12.38241539310507
  min: 12.38241539310507
  num_samples: 1
  rmse: 12.38241539310507
  std: 0.0
scale:
  max: 4630.795911391233
  mean: 4630.795911391233
  median: 4630.795911391233
  min: 4630.795911391233
  num_samples: 1
  rmse: 4630.795911391233
  std: 0.0
trans:
  max: 228.39382243883725
  mean: 228.39382243883725
  median: 228.39382243883725
  min: 228.39382243883725
  num_samples: 1
  rmse: 228.39382243883725
  std: 0.0
