rot:
  max: 31.966491752339202
  mean: 16.881087013269646
  median: 19.606277876931465
  min: 0.0
  num_samples: 772
  rmse: 20.36056061877832
  std: 11.38337954920969
scale:
  max: 34830.22564851522
  mean: 869.380096812537
  median: 99.82597272826061
  min: 0.028837093450084783
  num_samples: 772
  rmse: 3530.63922915685
  std: 3421.928055019202
trans:
  max: 72.62718595638161
  mean: 36.575311366915415
  median: 47.57767325296125
  min: 0.0
  num_samples: 772
  rmse: 43.584830605223644
  std: 23.704093682299433
