rot:
  max: 20.36056061877832
  mean: 20.36056061877832
  median: 20.36056061877832
  min: 20.36056061877832
  num_samples: 1
  rmse: 20.36056061877832
  std: 0.0
scale:
  max: 3530.63922915685
  mean: 3530.63922915685
  median: 3530.63922915685
  min: 3530.63922915685
  num_samples: 1
  rmse: 3530.63922915685
  std: 0.0
trans:
  max: 43.584830605223644
  mean: 43.584830605223644
  median: 43.584830605223644
  min: 43.584830605223644
  num_samples: 1
  rmse: 43.584830605223644
  std: 0.0
