rot:
  max: 7.445628803186934
  mean: 4.960944678167837
  median: 5.420910224517528
  min: 0.0
  num_samples: 792
  rmse: 5.337283150577417
  std: 1.9686592720925133
scale:
  max: 80473.5457920929
  mean: 224.54157137149076
  median: 6.12273172334965
  min: 0.30130574686952905
  num_samples: 792
  rmse: 3211.7123791056233
  std: 3203.853537355652
trans:
  max: 24.88275064116847
  mean: 13.333489935895566
  median: 13.526399989798243
  min: 0.0
  num_samples: 792
  rmse: 15.167093003170852
  std: 7.2290218077002555
