rot:
  max: 5.337283150577417
  mean: 5.337283150577417
  median: 5.337283150577417
  min: 5.337283150577417
  num_samples: 1
  rmse: 5.337283150577417
  std: 0.0
scale:
  max: 3211.7123791056233
  mean: 3211.7123791056233
  median: 3211.7123791056233
  min: 3211.7123791056233
  num_samples: 1
  rmse: 3211.7123791056233
  std: 0.0
trans:
  max: 15.167093003170852
  mean: 15.167093003170852
  median: 15.167093003170852
  min: 15.167093003170852
  num_samples: 1
  rmse: 15.167093003170852
  std: 0.0
