rot:
  max: 11.36329798228195
  mean: 7.0283653884448185
  median: 9.520481858727145
  min: 0.0
  num_samples: 753
  rmse: 7.860976923233649
  std: 3.5209427933613
scale:
  max: 10799.943343045428
  mean: 282.2834049103485
  median: 39.79006818493932
  min: 0.009760243109080413
  num_samples: 753
  rmse: 1123.5563156285912
  std: 1087.5177578785158
trans:
  max: 27.986240492309506
  mean: 15.629050842698199
  median: 19.932525544968417
  min: 0.0
  num_samples: 753
  rmse: 17.68431729649013
  std: 8.274530077248782
