rot:
  max: 7.860976923233649
  mean: 7.860976923233649
  median: 7.860976923233649
  min: 7.860976923233649
  num_samples: 1
  rmse: 7.860976923233649
  std: 0.0
scale:
  max: 1123.5563156285912
  mean: 1123.5563156285912
  median: 1123.5563156285912
  min: 1123.5563156285912
  num_samples: 1
  rmse: 1123.5563156285912
  std: 0.0
trans:
  max: 17.68431729649013
  mean: 17.68431729649013
  median: 17.68431729649013
  min: 17.68431729649013
  num_samples: 1
  rmse: 17.68431729649013
  std: 0.0
