rot:
  max: 110.39230326189609
  mean: 62.809501967607495
  median: 96.22560259315954
  min: 0.002037169356248867
  num_samples: 772
  rmse: 79.41261783039121
  std: 48.593521515289254
scale:
  max: 308595.6834792788
  mean: 7922.988596632963
  median: 1282.0858915099063
  min: 0.007963332311622384
  num_samples: 772
  rmse: 31494.587712344903
  std: 30481.720864613442
trans:
  max: 614.9931832407569
  mean: 331.95345271426584
  median: 529.3123891798127
  min: 0.0
  num_samples: 772
  rmse: 423.8624287436341
  std: 263.5645342824598
