rot:
  max: 79.41261783039121
  mean: 79.41261783039121
  median: 79.41261783039121
  min: 79.41261783039121
  num_samples: 1
  rmse: 79.41261783039121
  std: 0.0
scale:
  max: 31494.587712344903
  mean: 31494.587712344903
  median: 31494.587712344903
  min: 31494.587712344903
  num_samples: 1
  rmse: 31494.587712344903
  std: 0.0
trans:
  max: 423.8624287436341
  mean: 423.8624287436341
  median: 423.8624287436341
  min: 423.8624287436341
  num_samples: 1
  rmse: 423.8624287436341
  std: 0.0
