rot:
  max: 123.8264708777843
  mean: 57.14845294908633
  median: 67.9896705292215
  min: 0.002037169356248867
  num_samples: 772
  rmse: 73.85967086405864
  std: 46.79001288387448
scale:
  max: 138481.2482094929
  mean: 3552.664883762843
  median: 530.3445307690159
  min: 0.0023899884744271738
  num_samples: 772
  rmse: 14119.587081761836
  std: 13665.332472469672
trans:
  max: 308.88363878374247
  mean: 147.95651815158058
  median: 224.00745581268706
  min: 0.0
  num_samples: 772
  rmse: 187.36193265626906
  std: 114.94939123437454
