rot:
  max: 73.85967086405864
  mean: 73.85967086405864
  median: 73.85967086405864
  min: 73.85967086405864
  num_samples: 1
  rmse: 73.85967086405864
  std: 0.0
scale:
  max: 14119.587081761836
  mean: 14119.587081761836
  median: 14119.587081761836
  min: 14119.587081761836
  num_samples: 1
  rmse: 14119.587081761836
  std: 0.0
trans:
  max: 187.36193265626906
  mean: 187.36193265626906
  median: 187.36193265626906
  min: 187.36193265626906
  num_samples: 1
  rmse: 187.36193265626906
  std: 0.0
