rot:
  max: 9.703718087394437
  mean: 2.3693343712826027
  median: 2.0436740369961504
  min: 0.0
  num_samples: 792
  rmse: 2.6950418564281167
  std: 1.2843306602890014
scale:
  max: 3236.6799738912946
  mean: 74.63936355349345
  median: 9.924649138485385
  min: 0.11567587180925099
  num_samples: 792
  rmse: 270.0701778434349
  std: 259.5512788809063
trans:
  max: 22.52662823289225
  mean: 12.704317576276404
  median: 9.877813832206577
  min: 0.0
  num_samples: 792
  rmse: 14.911668686287394
  std: 7.807571833208995
