rot:
  max: 2.6950418564281167
  mean: 2.6950418564281167
  median: 2.6950418564281167
  min: 2.6950418564281167
  num_samples: 1
  rmse: 2.6950418564281167
  std: 0.0
scale:
  max: 270.0701778434349
  mean: 270.0701778434349
  median: 270.0701778434349
  min: 270.0701778434349
  num_samples: 1
  rmse: 270.0701778434349
  std: 0.0
trans:
  max: 14.911668686287394
  mean: 14.911668686287394
  median: 14.911668686287394
  min: 14.911668686287394
  num_samples: 1
  rmse: 14.911668686287394
  std: 0.0
