rot:
  max: 118.97917369384861
  mean: 11.588560419650449
  median: 9.338493671772447
  min: 0.006610887093053061
  num_samples: 2592
  rmse: 19.835635573263758
  std: 16.09837588067311
scale:
  max: 1227967.965611622
  mean: 549.13273725806
  median: 6.5985598208269325
  min: 0.00016454314127889447
  num_samples: 2592
  rmse: 24121.031583546526
  std: 24114.780071386114
trans:
  max: 244.1540302177436
  mean: 144.1749192169429
  median: 169.56995581085016
  min: 0.001228067965611622
  num_samples: 2592
  rmse: 159.41841045556842
  std: 68.02809905449423
