rot:
  max: 19.835635573263758
  mean: 19.835635573263758
  median: 19.835635573263758
  min: 19.835635573263758
  num_samples: 1
  rmse: 19.835635573263758
  std: 0.0
scale:
  max: 24121.031583546526
  mean: 24121.031583546526
  median: 24121.031583546526
  min: 24121.031583546526
  num_samples: 1
  rmse: 24121.031583546526
  std: 0.0
trans:
  max: 159.41841045556842
  mean: 159.41841045556842
  median: 159.41841045556842
  min: 159.41841045556842
  num_samples: 1
  rmse: 159.41841045556842
  std: 0.0
