rot:
  max: 4.6528503765229035
  mean: 2.397798555244899
  median: 2.652960188412853
  min: 0.00016122290739021877
  num_samples: 2095
  rmse: 2.6681956274609373
  std: 1.1703973662253089
scale:
  max: 10959.102430127547
  mean: 63.03661832729818
  median: 2.7834562144710695
  min: 0.11648945602051874
  num_samples: 2095
  rmse: 583.4281523198446
  std: 580.0127530229024
trans:
  max: 81.81575859852558
  mean: 48.74734750171053
  median: 48.477248230653636
  min: 0.0
  num_samples: 2095
  rmse: 53.97689110899379
  std: 23.17759446835777
