rot:
  max: 2.6681956274609373
  mean: 2.6681956274609373
  median: 2.6681956274609373
  min: 2.6681956274609373
  num_samples: 1
  rmse: 2.6681956274609373
  std: 0.0
scale:
  max: 583.4281523198446
  mean: 583.4281523198446
  median: 583.4281523198446
  min: 583.4281523198446
  num_samples: 1
  rmse: 583.4281523198446
  std: 0.0
trans:
  max: 53.97689110899379
  mean: 53.97689110899379
  median: 53.97689110899379
  min: 53.97689110899379
  num_samples: 1
  rmse: 53.97689110899379
  std: 0.0
