rot:
  max: 179.19372908756145
  mean: 12.826135692930592
  median: 9.844618309289245
  min: 0.005263819839221746
  num_samples: 2592
  rmse: 27.24573328615517
  std: 24.037891452596988
scale:
  max: 1227967.965611622
  mean: 565.0598021106769
  median: 7.202115310411061
  min: 0.12276126183723424
  num_samples: 2592
  rmse: 24121.742957938855
  std: 24115.123693419268
trans:
  max: 253.99846701917522
  mean: 150.34436876738292
  median: 177.2558441659237
  min: 0.001228067965611622
  num_samples: 2592
  rmse: 168.3433614934213
  std: 75.73676873779276
