rot:
  max: 27.24573328615517
  mean: 27.24573328615517
  median: 27.24573328615517
  min: 27.24573328615517
  num_samples: 1
  rmse: 27.24573328615517
  std: 0.0
scale:
  max: 24121.742957938855
  mean: 24121.742957938855
  median: 24121.742957938855
  min: 24121.742957938855
  num_samples: 1
  rmse: 24121.742957938855
  std: 0.0
trans:
  max: 168.3433614934213
  mean: 168.3433614934213
  median: 168.3433614934213
  min: 168.3433614934213
  num_samples: 1
  rmse: 168.3433614934213
  std: 0.0
