rot:
  max: 123.52533056627486
  mean: 123.52533056627486
  median: 123.52533056627486
  min: 123.52533056627486
  num_samples: 1
  rmse: 123.52533056627486
  std: 0.0
scale:
  max: 23987.67126684219
  mean: 23987.67126684219
  median: 23987.67126684219
  min: 23987.67126684219
  num_samples: 1
  rmse: 23987.67126684219
  std: 0.0
trans:
  max: 306.98560539045405
  mean: 306.98560539045405
  median: 306.98560539045405
  min: 306.98560539045405
  num_samples: 1
  rmse: 306.98560539045405
  std: 0.0
