rot:
  max: 17.942518404308352
  mean: 8.984317711018955
  median: 7.837163599016484
  min: 0.0007801794054116189
  num_samples: 1101
  rmse: 10.674188268517067
  std: 5.763708047708394
scale:
  max: 1075.418366396347
  mean: 6.94753473125543
  median: 3.498791564264181
  min: 0.013320584293841087
  num_samples: 1101
  rmse: 43.011409345610716
  std: 42.446591088728056
trans:
  max: 191.93951514411572
  mean: 78.33302642158978
  median: 73.37806059773526
  min: 1.2476799491734092e-08
  num_samples: 1101
  rmse: 97.61077746755637
  std: 58.23916937470286
