rot:
  max: 10.674188268517067
  mean: 10.674188268517067
  median: 10.674188268517067
  min: 10.674188268517067
  num_samples: 1
  rmse: 10.674188268517067
  std: 0.0
scale:
  max: 43.011409345610716
  mean: 43.011409345610716
  median: 43.011409345610716
  min: 43.011409345610716
  num_samples: 1
  rmse: 43.011409345610716
  std: 0.0
trans:
  max: 97.61077746755637
  mean: 97.61077746755637
  median: 97.61077746755637
  min: 97.61077746755637
  num_samples: 1
  rmse: 97.61077746755637
  std: 0.0
