rot:
  max: 176.08114427184768
  mean: 12.340292695742983
  median: 9.675515009259502
  min: 0.03371887288229111
  num_samples: 2592
  rmse: 20.503945574344538
  std: 16.374643822052292
scale:
  max: 1227981.1363360449
  mean: 572.0541151885246
  median: 8.58941955598086
  min: 0.1958077083870413
  num_samples: 2592
  rmse: 24122.400427988367
  std: 24115.61644448487
trans:
  max: 307.8852563463491
  mean: 212.81103926571436
  median: 254.800599420681
  min: 0.001228081136336045
  num_samples: 2592
  rmse: 229.3890892374252
  std: 85.62018353064892
