rot:
  max: 20.503945574344538
  mean: 20.503945574344538
  median: 20.503945574344538
  min: 20.503945574344538
  num_samples: 1
  rmse: 20.503945574344538
  std: 0.0
scale:
  max: 24122.400427988367
  mean: 24122.400427988367
  median: 24122.400427988367
  min: 24122.400427988367
  num_samples: 1
  rmse: 24122.400427988367
  std: 0.0
trans:
  max: 229.3890892374252
  mean: 229.3890892374252
  median: 229.3890892374252
  min: 229.3890892374252
  num_samples: 1
  rmse: 229.3890892374252
  std: 0.0
