rot:
  max: 9.733165563855767
  mean: 2.905302968812793
  median: 2.6946508532966744
  min: 0.0
  num_samples: 792
  rmse: 3.284225420709744
  std: 1.5314539736615231
scale:
  max: 2991.2140562023014
  mean: 66.83713615537613
  median: 7.498248969458499
  min: 0.019471497596312837
  num_samples: 792
  rmse: 251.128855030367
  std: 242.07126855414046
trans:
  max: 20.85230922587273
  mean: 11.985300434780772
  median: 10.554604278562941
  min: 0.0
  num_samples: 792
  rmse: 13.779841704848902
  std: 6.799750796811377
