rot:
  max: 3.284225420709744
  mean: 3.284225420709744
  median: 3.284225420709744
  min: 3.284225420709744
  num_samples: 1
  rmse: 3.284225420709744
  std: 0.0
scale:
  max: 251.128855030367
  mean: 251.128855030367
  median: 251.128855030367
  min: 251.128855030367
  num_samples: 1
  rmse: 251.128855030367
  std: 0.0
trans:
  max: 13.779841704848902
  mean: 13.779841704848902
  median: 13.779841704848902
  min: 13.779841704848902
  num_samples: 1
  rmse: 13.779841704848902
  std: 0.0
