rot:
  max: 26.433436923922386
  mean: 15.601800863271047
  median: 22.416956802988242
  min: 0.002037169356248867
  num_samples: 772
  rmse: 18.61478653262483
  std: 10.153525864350048
scale:
  max: 97450.97496943931
  mean: 2496.663313851647
  median: 407.14200849630777
  min: 0.2001258176489662
  num_samples: 772
  rmse: 9924.143957340408
  std: 9604.962549811604
trans:
  max: 189.1568174420539
  mean: 106.8941929814908
  median: 166.96387861580178
  min: 0.0
  num_samples: 772
  rmse: 133.4221863885207
  std: 79.84429427034189
