rot:
  max: 18.61478653262483
  mean: 18.61478653262483
  median: 18.61478653262483
  min: 18.61478653262483
  num_samples: 1
  rmse: 18.61478653262483
  std: 0.0
scale:
  max: 9924.143957340408
  mean: 9924.143957340408
  median: 9924.143957340408
  min: 9924.143957340408
  num_samples: 1
  rmse: 9924.143957340408
  std: 0.0
trans:
  max: 133.4221863885207
  mean: 133.4221863885207
  median: 133.4221863885207
  min: 133.4221863885207
  num_samples: 1
  rmse: 133.4221863885207
  std: 0.0
