rot:
  max: 18.106551218519137
  mean: 18.106551218519137
  median: 18.106551218519137
  min: 18.106551218519137
  num_samples: 1
  rmse: 18.106551218519137
  std: 0.0
scale:
  max: 4077.652097698906
  mean: 4077.652097698906
  median: 4077.652097698906
  min: 4077.652097698906
  num_samples: 1
  rmse: 4077.652097698906
  std: 0.0
trans:
  max: 274.2950825190535
  mean: 274.2950825190535
  median: 274.2950825190535
  min: 274.2950825190535
  num_samples: 1
  rmse: 274.2950825190535
  std: 0.0
