rot:
  max: 43.38298641756743
  mean: 22.873801191474367
  median: 21.637176764287197
  min: 0.0
  num_samples: 2686
  rmse: 25.92995082566444
  std: 12.212762540649107
scale:
  max: 235812.80366634173
  mean: 807.8106486253525
  median: 11.922889804664782
  min: 0.08816859507074781
  num_samples: 2686
  rmse: 6698.861387072794
  std: 6649.976378843938
trans:
  max: 554.9599459401896
  mean: 332.57831232799015
  median: 390.8897807769546
  min: 0.0
  num_samples: 2686
  rmse: 375.64606746775337
  std: 174.64717052690486
