rot:
  max: 25.92995082566444
  mean: 25.92995082566444
  median: 25.92995082566444
  min: 25.92995082566444
  num_samples: 1
  rmse: 25.92995082566444
  std: 0.0
scale:
  max: 6698.861387072794
  mean: 6698.861387072794
  median: 6698.861387072794
  min: 6698.861387072794
  num_samples: 1
  rmse: 6698.861387072794
  std: 0.0
trans:
  max: 375.64606746775337
  mean: 375.64606746775337
  median: 375.64606746775337
  min: 375.64606746775337
  num_samples: 1
  rmse: 375.64606746775337
  std: 0.0
