rot:
  max: 22.56725365081707
  mean: 13.428752282355525
  median: 13.137253825963201
  min: 0.0
  num_samples: 2667
  rmse: 14.604377940595379
  std: 5.740772349682589
scale:
  max: 7269440.2587495195
  mean: 3945.4477376199225
  median: 7.127387737807811
  min: 0.3063650651736083
  num_samples: 2667
  rmse: 146403.41297813941
  std: 146350.24008793882
trans:
  max: 347.8290975185401
  mean: 215.00559718875272
  median: 264.9157495263747
  min: 0.0
  num_samples: 2667
  rmse: 238.44705795483728
  std: 103.09991573626691
