rot:
  max: 14.604377940595379
  mean: 14.604377940595379
  median: 14.604377940595379
  min: 14.604377940595379
  num_samples: 1
  rmse: 14.604377940595379
  std: 0.0
scale:
  max: 146403.41297813941
  mean: 146403.41297813941
  median: 146403.41297813941
  min: 146403.41297813941
  num_samples: 1
  rmse: 146403.41297813941
  std: 0.0
trans:
  max: 238.44705795483728
  mean: 238.44705795483728
  median: 238.44705795483728
  min: 238.44705795483728
  num_samples: 1
  rmse: 238.44705795483728
  std: 0.0
