rot:
  max: 12.25364029119302
  mean: 12.25364029119302
  median: 12.25364029119302
  min: 12.25364029119302
  num_samples: 1
  rmse: 12.25364029119302
  std: 0.0
scale:
  max: 762003.4785805128
  mean: 762003.4785805128
  median: 762003.4785805128
  min: 762003.4785805128
  num_samples: 1
  rmse: 762003.4785805128
  std: 0.0
trans:
  max: 126.52059766121741
  mean: 126.52059766121741
  median: 126.52059766121741
  min: 126.52059766121741
  num_samples: 1
  rmse: 126.52059766121741
  std: 0.0
