rot:
  max: 11.152186871881884
  mean: 4.063535116143058
  median: 4.412575821493919
  min: 0.00260916829651933
  num_samples: 535
  rmse: 4.561602937760101
  std: 2.072656199579133
scale:
  max: 2560772.933327428
  mean: 8274.552012465268
  median: 7.131011987099445
  min: 0.004070407327194658
  num_samples: 535
  rmse: 126938.48654898281
  std: 126668.50893706492
trans:
  max: 29.460167505065034
  mean: 17.39608391479352
  median: 26.46697730611133
  min: 0.0
  num_samples: 535
  rmse: 21.21424593569241
  std: 12.141684193286538
