rot:
  max: 4.561602937760101
  mean: 4.561602937760101
  median: 4.561602937760101
  min: 4.561602937760101
  num_samples: 1
  rmse: 4.561602937760101
  std: 0.0
scale:
  max: 126938.48654898281
  mean: 126938.48654898281
  median: 126938.48654898281
  min: 126938.48654898281
  num_samples: 1
  rmse: 126938.48654898281
  std: 0.0
trans:
  max: 21.21424593569241
  mean: 21.21424593569241
  median: 21.21424593569241
  min: 21.21424593569241
  num_samples: 1
  rmse: 21.21424593569241
  std: 0.0
