rot:
  max: 69.60899723531242
  mean: 34.982094774822585
  median: 15.704359742638381
  min: 0.0023003763404545654
  num_samples: 550
  rmse: 44.700404690722046
  std: 27.82767012668607
scale:
  max: 57310.53523717451
  mean: 1393.3814343615818
  median: 66.30870367767744
  min: 0.027962754243948673
  num_samples: 550
  rmse: 5081.819940480823
  std: 4887.06272579399
trans:
  max: 260.08873110987264
  mean: 102.61429641849092
  median: 62.70126408910261
  min: 1.1842025490100266e-07
  num_samples: 550
  rmse: 142.83201920548913
  std: 99.3543752476724
