rot:
  max: 44.700404690722046
  mean: 44.700404690722046
  median: 44.700404690722046
  min: 44.700404690722046
  num_samples: 1
  rmse: 44.700404690722046
  std: 0.0
scale:
  max: 5081.819940480823
  mean: 5081.819940480823
  median: 5081.819940480823
  min: 5081.819940480823
  num_samples: 1
  rmse: 5081.819940480823
  std: 0.0
trans:
  max: 142.83201920548913
  mean: 142.83201920548913
  median: 142.83201920548913
  min: 142.83201920548913
  num_samples: 1
  rmse: 142.83201920548913
  std: 0.0
