rot:
  max: 3.581888076190183
  mean: 1.2906154960911287
  median: 0.6049779583259409
  min: 5.109599479759417e-05
  num_samples: 1330
  rmse: 1.793941474939936
  std: 1.2460086904829848
scale:
  max: 2176276.0445006993
  mean: 2825.582718834819
  median: 1.5920588250305845
  min: 0.005042723955694939
  num_samples: 1330
  rmse: 68765.48540513772
  std: 68707.40910049823
trans:
  max: 35.12694869190654
  mean: 13.129075991361624
  median: 11.841722255134776
  min: 0.0
  num_samples: 1330
  rmse: 15.87066292993062
  std: 8.916574759879818
