rot:
  max: 1.793941474939936
  mean: 1.793941474939936
  median: 1.793941474939936
  min: 1.793941474939936
  num_samples: 1
  rmse: 1.793941474939936
  std: 0.0
scale:
  max: 68765.48540513772
  mean: 68765.48540513772
  median: 68765.48540513772
  min: 68765.48540513772
  num_samples: 1
  rmse: 68765.48540513772
  std: 0.0
trans:
  max: 15.87066292993062
  mean: 15.87066292993062
  median: 15.87066292993062
  min: 15.87066292993062
  num_samples: 1
  rmse: 15.87066292993062
  std: 0.0
