rot:
  max: 18.614966375128372
  mean: 10.151868814562254
  median: 13.644121504440312
  min: 0.0
  num_samples: 772
  rmse: 11.920263169883603
  std: 6.247578219694558
scale:
  max: 110402.14628994254
  mean: 1780.3706272887869
  median: 82.45078414583877
  min: 0.01400112808611631
  num_samples: 772
  rmse: 7815.67629720528
  std: 7610.195556763555
trans:
  max: 127.6557281978288
  mean: 72.76744165752568
  median: 113.83956229132124
  min: 0.0
  num_samples: 772
  rmse: 90.0574078530076
  std: 53.05879892931568
