rot:
  max: 37.960086561020304
  mean: 21.62577351642126
  median: 31.51885129010888
  min: 0.0
  num_samples: 753
  rmse: 26.691599580092713
  std: 15.645044198098594
scale:
  max: 199769.64959345106
  mean: 3289.15485847778
  median: 498.35127856385253
  min: 0.03642585628399475
  num_samples: 753
  rmse: 14054.385260091574
  std: 13664.084504862787
trans:
  max: 234.40152654095425
  mean: 131.58732475118148
  median: 203.67425010615207
  min: 0.0
  num_samples: 753
  rmse: 164.40116092611248
  std: 98.55210641422454
