rot:
  max: 26.691599580092713
  mean: 26.691599580092713
  median: 26.691599580092713
  min: 26.691599580092713
  num_samples: 1
  rmse: 26.691599580092713
  std: 0.0
scale:
  max: 14054.385260091574
  mean: 14054.385260091574
  median: 14054.385260091574
  min: 14054.385260091574
  num_samples: 1
  rmse: 14054.385260091574
  std: 0.0
trans:
  max: 164.40116092611248
  mean: 164.40116092611248
  median: 164.40116092611248
  min: 164.40116092611248
  num_samples: 1
  rmse: 164.40116092611248
  std: 0.0
