rot:
  max: 7.97846898243229
  mean: 1.5353798121876405
  median: 1.2228361946466615
  min: 0.0
  num_samples: 792
  rmse: 2.10273166416427
  std: 1.4366938726832825
scale:
  max: 89534.25862542543
  mean: 208.8643104751634
  median: 3.0607480594817718
  min: 0.023593697878798725
  num_samples: 792
  rmse: 3630.0846931964948
  std: 3624.0709953847795
trans:
  max: 8.291992572929672
  mean: 4.1364138432473645
  median: 2.9321113370112935
  min: 0.0
  num_samples: 792
  rmse: 4.929985012601168
  std: 2.682318538478178
