rot:
  max: 2.10273166416427
  mean: 2.10273166416427
  median: 2.10273166416427
  min: 2.10273166416427
  num_samples: 1
  rmse: 2.10273166416427
  std: 0.0
scale:
  max: 3630.0846931964948
  mean: 3630.0846931964948
  median: 3630.0846931964948
  min: 3630.0846931964948
  num_samples: 1
  rmse: 3630.0846931964948
  std: 0.0
trans:
  max: 4.929985012601168
  mean: 4.929985012601168
  median: 4.929985012601168
  min: 4.929985012601168
  num_samples: 1
  rmse: 4.929985012601168
  std: 0.0
