rot:
  max: 15.759630994311266
  mean: 8.02759758743989
  median: 11.760850688363957
  min: 0.00260916829651933
  num_samples: 535
  rmse: 9.930721011765767
  std: 5.84610099020324
scale:
  max: 2560772.933327428
  mean: 8562.63168331838
  median: 62.1724444885297
  min: 0.0036936510674268064
  num_samples: 535
  rmse: 126948.25143497148
  std: 126659.1484301571
trans:
  max: 83.12289017377314
  mean: 35.520868581773904
  median: 18.988214545953152
  min: 0.0
  num_samples: 535
  rmse: 49.156449629265026
  std: 33.97976508675152
