rot:
  max: 9.930721011765767
  mean: 9.930721011765767
  median: 9.930721011765767
  min: 9.930721011765767
  num_samples: 1
  rmse: 9.930721011765767
  std: 0.0
scale:
  max: 126948.25143497148
  mean: 126948.25143497148
  median: 126948.25143497148
  min: 126948.25143497148
  num_samples: 1
  rmse: 126948.25143497148
  std: 0.0
trans:
  max: 49.156449629265026
  mean: 49.156449629265026
  median: 49.156449629265026
  min: 49.156449629265026
  num_samples: 1
  rmse: 49.156449629265026
  std: 0.0
