rot:
  max: 2.7606603564282137
  mean: 0.687834528090638
  median: 0.4959300941095717
  min: 0.0004746431245258161
  num_samples: 1101
  rmse: 0.995870420980902
  std: 0.7201677286236924
scale:
  max: 13823.079396790105
  mean: 36.852887192128804
  median: 2.4340477152589246
  min: 0.01685391692605176
  num_samples: 1101
  rmse: 604.3769434613645
  std: 603.252314121799
trans:
  max: 42.994626299244025
  mean: 20.186059919000197
  median: 20.442567319274673
  min: 0.0
  num_samples: 1101
  rmse: 23.430664037369432
  std: 11.896175947698955
