rot:
  max: 0.995870420980902
  mean: 0.995870420980902
  median: 0.995870420980902
  min: 0.995870420980902
  num_samples: 1
  rmse: 0.995870420980902
  std: 0.0
scale:
  max: 604.3769434613645
  mean: 604.3769434613645
  median: 604.3769434613645
  min: 604.3769434613645
  num_samples: 1
  rmse: 604.3769434613645
  std: 0.0
trans:
  max: 23.430664037369432
  mean: 23.430664037369432
  median: 23.430664037369432
  min: 23.430664037369432
  num_samples: 1
  rmse: 23.430664037369432
  std: 0.0
