rot:
  max: 3.2797006157825277
  mean: 3.2797006157825277
  median: 3.2797006157825277
  min: 3.2797006157825277
  num_samples: 1
  rmse: 3.2797006157825277
  std: 0.0
scale:
  max: 126338.26958070525
  mean: 126338.26958070525
  median: 126338.26958070525
  min: 126338.26958070525
  num_samples: 1
  rmse: 126338.26958070525
  std: 0.0
trans:
  max: 16.532290868882985
  mean: 16.532290868882985
  median: 16.532290868882985
  min: 16.532290868882985
  num_samples: 1
  rmse: 16.532290868882985
  std: 0.0
