rot:
  max: 7.2248963639337465
  mean: 7.2248963639337465
  median: 7.2248963639337465
  min: 7.2248963639337465
  num_samples: 1
  rmse: 7.2248963639337465
  std: 0.0
scale:
  max: 3218.0957417231516
  mean: 3218.0957417231516
  median: 3218.0957417231516
  min: 3218.0957417231516
  num_samples: 1
  rmse: 3218.0957417231516
  std: 0.0
trans:
  max: 17.80292276159364
  mean: 17.80292276159364
  median: 17.80292276159364
  min: 17.80292276159364
  num_samples: 1
  rmse: 17.80292276159364
  std: 0.0
