rot:
  max: 4.907141969090489
  mean: 1.6849347147980056
  median: 1.1602231784620334
  min: 0.00021266672386592017
  num_samples: 1101
  rmse: 2.1749052506737896
  std: 1.3752119314043867
scale:
  max: 13823.080277924504
  mean: 35.90927999733669
  median: 1.6953643789669792
  min: 0.0021248344385993434
  num_samples: 1101
  rmse: 604.3735837837411
  std: 603.305853100793
trans:
  max: 50.24688056443837
  mean: 20.360782892306972
  median: 18.343180703345617
  min: 0.0
  num_samples: 1101
  rmse: 25.339308850539574
  std: 15.08373604367873
