rot:
  max: 2.1749052506737896
  mean: 2.1749052506737896
  median: 2.1749052506737896
  min: 2.1749052506737896
  num_samples: 1
  rmse: 2.1749052506737896
  std: 0.0
scale:
  max: 604.3735837837411
  mean: 604.3735837837411
  median: 604.3735837837411
  min: 604.3735837837411
  num_samples: 1
  rmse: 604.3735837837411
  std: 0.0
trans:
  max: 25.339308850539574
  mean: 25.339308850539574
  median: 25.339308850539574
  min: 25.339308850539574
  num_samples: 1
  rmse: 25.339308850539574
  std: 0.0
