rot:
  max: 11.044163130541275
  mean: 4.377440864266227
  median: 4.752439564350953
  min: 0.00260916829651933
  num_samples: 535
  rmse: 4.896789890393932
  std: 2.194666879167853
scale:
  max: 2560772.933327428
  mean: 8329.886653988557
  median: 12.935060400065224
  min: 0.0029269858954905636
  num_samples: 535
  rmse: 126939.693776807
  std: 126666.09192866592
trans:
  max: 39.30628996552474
  mean: 20.894562691117095
  median: 28.19006159338486
  min: 0.0
  num_samples: 535
  rmse: 26.153748456977713
  std: 15.730092444033557
