rot:
  max: 4.896789890393932
  mean: 4.896789890393932
  median: 4.896789890393932
  min: 4.896789890393932
  num_samples: 1
  rmse: 4.896789890393932
  std: 0.0
scale:
  max: 126939.693776807
  mean: 126939.693776807
  median: 126939.693776807
  min: 126939.693776807
  num_samples: 1
  rmse: 126939.693776807
  std: 0.0
trans:
  max: 26.153748456977713
  mean: 26.153748456977713
  median: 26.153748456977713
  min: 26.153748456977713
  num_samples: 1
  rmse: 26.153748456977713
  std: 0.0
