rot:
  max: 9.907065594128648
  mean: 1.7430026267356122
  median: 1.6725652220517657
  min: 0.0
  num_samples: 792
  rmse: 2.1302556570248172
  std: 1.2247167049889502
scale:
  max: 1792.7807999173283
  mean: 43.83879801982503
  median: 0.8097413568253553
  min: 0.005756557665037576
  num_samples: 792
  rmse: 166.24416949393418
  std: 160.35985681867174
trans:
  max: 12.378491249706753
  mean: 6.1573502471734765
  median: 3.5284276083056882
  min: 0.0
  num_samples: 792
  rmse: 7.42596279848519
  std: 4.151139773377756
