rot:
  max: 2.1302556570248172
  mean: 2.1302556570248172
  median: 2.1302556570248172
  min: 2.1302556570248172
  num_samples: 1
  rmse: 2.1302556570248172
  std: 0.0
scale:
  max: 166.24416949393418
  mean: 166.24416949393418
  median: 166.24416949393418
  min: 166.24416949393418
  num_samples: 1
  rmse: 166.24416949393418
  std: 0.0
trans:
  max: 7.42596279848519
  mean: 7.42596279848519
  median: 7.42596279848519
  min: 7.42596279848519
  num_samples: 1
  rmse: 7.42596279848519
  std: 0.0
