rot:
  max: 10.766682537632303
  mean: 4.664877073700206
  median: 4.617415360577507
  min: 0.0023198233863703107
  num_samples: 2095
  rmse: 4.839918565077898
  std: 1.2898579781712027
scale:
  max: 28944.496455137007
  mean: 189.44789789313526
  median: 2.4649283540858047
  min: 0.015671806560102475
  num_samples: 2095
  rmse: 1833.4666318856582
  std: 1823.6527586747463
trans:
  max: 156.8016382713005
  mean: 90.1991269515586
  median: 96.93321473367291
  min: 0.0
  num_samples: 2095
  rmse: 101.16463810379321
  std: 45.80831256276599
