rot:
  max: 4.839918565077898
  mean: 4.839918565077898
  median: 4.839918565077898
  min: 4.839918565077898
  num_samples: 1
  rmse: 4.839918565077898
  std: 0.0
scale:
  max: 1833.4666318856582
  mean: 1833.4666318856582
  median: 1833.4666318856582
  min: 1833.4666318856582
  num_samples: 1
  rmse: 1833.4666318856582
  std: 0.0
trans:
  max: 101.16463810379321
  mean: 101.16463810379321
  median: 101.16463810379321
  min: 101.16463810379321
  num_samples: 1
  rmse: 101.16463810379321
  std: 0.0
