rot:
  max: 13.81423268498364
  mean: 3.4398786290288803
  median: 3.237333183582242
  min: 0.0005860310670338717
  num_samples: 1101
  rmse: 3.8834836216714343
  std: 1.802409514328159
scale:
  max: 331.15703572743234
  mean: 5.949998975561889
  median: 2.3450218254973842
  min: 0.062414201680005554
  num_samples: 1101
  rmse: 26.385604051501726
  std: 25.705983998933732
trans:
  max: 105.66556895639818
  mean: 53.61076916786312
  median: 57.91645285359263
  min: 0.0
  num_samples: 1101
  rmse: 63.21494885936882
  std: 33.49649516774422
