rot:
  max: 3.8834836216714343
  mean: 3.8834836216714343
  median: 3.8834836216714343
  min: 3.8834836216714343
  num_samples: 1
  rmse: 3.8834836216714343
  std: 0.0
scale:
  max: 26.385604051501726
  mean: 26.385604051501726
  median: 26.385604051501726
  min: 26.385604051501726
  num_samples: 1
  rmse: 26.385604051501726
  std: 0.0
trans:
  max: 63.21494885936882
  mean: 63.21494885936882
  median: 63.21494885936882
  min: 63.21494885936882
  num_samples: 1
  rmse: 63.21494885936882
  std: 0.0
