rot:
  max: 6.146691933377331
  mean: 3.6388395326918563
  median: 3.5782520641338724
  min: 0.00016122290739021877
  num_samples: 2095
  rmse: 3.7917700012288758
  std: 1.0660049706911026
scale:
  max: 10959.102430127547
  mean: 43.651572450447915
  median: 1.5078902708113517
  min: 0.0002968660429591985
  num_samples: 2095
  rmse: 454.9458692739785
  std: 452.8468661612435
trans:
  max: 95.84401840631799
  mean: 53.070368775752065
  median: 51.256766059524
  min: 0.0
  num_samples: 2095
  rmse: 60.28178120216574
  std: 28.590717075852822
