rot:
  max: 3.7917700012288758
  mean: 3.7917700012288758
  median: 3.7917700012288758
  min: 3.7917700012288758
  num_samples: 1
  rmse: 3.7917700012288758
  std: 0.0
scale:
  max: 454.9458692739785
  mean: 454.9458692739785
  median: 454.9458692739785
  min: 454.9458692739785
  num_samples: 1
  rmse: 454.9458692739785
  std: 0.0
trans:
  max: 60.28178120216574
  mean: 60.28178120216574
  median: 60.28178120216574
  min: 60.28178120216574
  num_samples: 1
  rmse: 60.28178120216574
  std: 0.0
