rot:
  max: 18.40351501694361
  mean: 10.54673268123634
  median: 10.086077296774242
  min: 0.00212969360678017
  num_samples: 1330
  rmse: 12.063213254245346
  std: 5.855556657393206
scale:
  max: 24519810.477114342
  mean: 30685.562750759582
  median: 5.731880108249754
  min: 0.05410414823929788
  num_samples: 1330
  rmse: 762003.4947319622
  std: 761385.396643771
trans:
  max: 253.85736078788992
  mean: 104.69847935176772
  median: 112.08273998352678
  min: 9.938361130639345e-08
  num_samples: 1330
  rmse: 132.46833010032526
  std: 81.15470966614453
