rot:
  max: 12.063213254245346
  mean: 12.063213254245346
  median: 12.063213254245346
  min: 12.063213254245346
  num_samples: 1
  rmse: 12.063213254245346
  std: 0.0
scale:
  max: 762003.4947319622
  mean: 762003.4947319622
  median: 762003.4947319622
  min: 762003.4947319622
  num_samples: 1
  rmse: 762003.4947319622
  std: 0.0
trans:
  max: 132.46833010032526
  mean: 132.46833010032526
  median: 132.46833010032526
  min: 132.46833010032526
  num_samples: 1
  rmse: 132.46833010032526
  std: 0.0
