rot:
  max: 6.329156644563016
  mean: 3.487169740665936
  median: 2.982229828056612
  min: 0.0
  num_samples: 773
  rmse: 3.9190351481540455
  std: 1.788430510881167
scale:
  max: 19597.34390787335
  mean: 102.29399677819853
  median: 4.3191859884684325
  min: 0.02132806152421729
  num_samples: 773
  rmse: 1111.335486560738
  std: 1106.617595157575
trans:
  max: 19.951618524823076
  mean: 8.023787513057076
  median: 5.240921047393457
  min: 0.0
  num_samples: 773
  rmse: 10.134863532961697
  std: 6.191469355255356
