rot:
  max: 3.9190351481540455
  mean: 3.9190351481540455
  median: 3.9190351481540455
  min: 3.9190351481540455
  num_samples: 1
  rmse: 3.9190351481540455
  std: 0.0
scale:
  max: 1111.335486560738
  mean: 1111.335486560738
  median: 1111.335486560738
  min: 1111.335486560738
  num_samples: 1
  rmse: 1111.335486560738
  std: 0.0
trans:
  max: 10.134863532961697
  mean: 10.134863532961697
  median: 10.134863532961697
  min: 10.134863532961697
  num_samples: 1
  rmse: 10.134863532961697
  std: 0.0
