rot:
  max: 18.9271367889947
  mean: 3.4837389904059424
  median: 3.2891303039867394
  min: 0.0006741862031264913
  num_samples: 1330
  rmse: 4.054733801441248
  std: 2.074711750406687
scale:
  max: 11823403.664613226
  mean: 17070.423108160747
  median: 1.6314157747794877
  min: 0.018645034416242545
  num_samples: 1330
  rmse: 399061.5163005917
  std: 398696.243331983
trans:
  max: 220.99891052850157
  mean: 26.822605801337623
  median: 26.745634848449093
  min: 0.0
  num_samples: 1330
  rmse: 33.84935629248036
  std: 20.647681212216753
