rot:
  max: 4.054733801441248
  mean: 4.054733801441248
  median: 4.054733801441248
  min: 4.054733801441248
  num_samples: 1
  rmse: 4.054733801441248
  std: 0.0
scale:
  max: 399061.5163005917
  mean: 399061.5163005917
  median: 399061.5163005917
  min: 399061.5163005917
  num_samples: 1
  rmse: 399061.5163005917
  std: 0.0
trans:
  max: 33.84935629248036
  mean: 33.84935629248036
  median: 33.84935629248036
  min: 33.84935629248036
  num_samples: 1
  rmse: 33.84935629248036
  std: 0.0
