rot:
  max: 176.162860664533
  mean: 11.107173902652578
  median: 9.112360863244607
  min: 0.006610887093053061
  num_samples: 2592
  rmse: 20.097781940920402
  std: 16.74967243981266
scale:
  max: 1227967.965611622
  mean: 528.0616264871109
  median: 6.799219074721863
  min: 0.14369642574793007
  num_samples: 2592
  rmse: 24120.33809449306
  std: 24114.557029132535
trans:
  max: 249.70087207929907
  mean: 145.0028139745887
  median: 171.48288131670938
  min: 0.001228067965611622
  num_samples: 2592
  rmse: 160.85018793836937
  std: 69.62016158599153
