rot:
  max: 20.097781940920402
  mean: 20.097781940920402
  median: 20.097781940920402
  min: 20.097781940920402
  num_samples: 1
  rmse: 20.097781940920402
  std: 0.0
scale:
  max: 24120.33809449306
  mean: 24120.33809449306
  median: 24120.33809449306
  min: 24120.33809449306
  num_samples: 1
  rmse: 24120.33809449306
  std: 0.0
trans:
  max: 160.85018793836937
  mean: 160.85018793836937
  median: 160.85018793836937
  min: 160.85018793836937
  num_samples: 1
  rmse: 160.85018793836937
  std: 0.0
