rot:
  max: 9.228170671861795
  mean: 1.187619687890702
  median: 0.7864307672407235
  min: 0.0
  num_samples: 792
  rmse: 2.232650574303228
  std: 1.8905787642600151
scale:
  max: 95045.45683651343
  mean: 241.0725635469508
  median: 5.668183727323017
  min: 0.11412385591600405
  num_samples: 792
  rmse: 3824.693499837444
  std: 3817.0884698685863
trans:
  max: 9.874309504554207
  mean: 6.088799181195182
  median: 6.682869241847195
  min: 0.0
  num_samples: 792
  rmse: 6.755269502344854
  std: 2.925780337001969
