rot:
  max: 2.232650574303228
  mean: 2.232650574303228
  median: 2.232650574303228
  min: 2.232650574303228
  num_samples: 1
  rmse: 2.232650574303228
  std: 0.0
scale:
  max: 3824.693499837444
  mean: 3824.693499837444
  median: 3824.693499837444
  min: 3824.693499837444
  num_samples: 1
  rmse: 3824.693499837444
  std: 0.0
trans:
  max: 6.755269502344854
  mean: 6.755269502344854
  median: 6.755269502344854
  min: 6.755269502344854
  num_samples: 1
  rmse: 6.755269502344854
  std: 0.0
