rot:
  max: 121.23023012943973
  mean: 12.805527689223585
  median: 10.193617292169439
  min: 0.03371887288229111
  num_samples: 2592
  rmse: 20.479797125482428
  std: 15.982507653727136
scale:
  max: 1227981.1363360449
  mean: 584.9559265200854
  median: 8.60519040195048
  min: 0.1958077083870413
  num_samples: 2592
  rmse: 24123.182232480507
  std: 24116.088977806743
trans:
  max: 304.7905017818805
  mean: 213.56797507365837
  median: 254.558275675689
  min: 0.001228081136336045
  num_samples: 2592
  rmse: 230.05067639990088
  std: 85.51043056252941
