rot:
  max: 20.479797125482428
  mean: 20.479797125482428
  median: 20.479797125482428
  min: 20.479797125482428
  num_samples: 1
  rmse: 20.479797125482428
  std: 0.0
scale:
  max: 24123.182232480507
  mean: 24123.182232480507
  median: 24123.182232480507
  min: 24123.182232480507
  num_samples: 1
  rmse: 24123.182232480507
  std: 0.0
trans:
  max: 230.05067639990088
  mean: 230.05067639990088
  median: 230.05067639990088
  min: 230.05067639990088
  num_samples: 1
  rmse: 230.05067639990088
  std: 0.0
