rot:
  max: 10.91290128853029
  mean: 4.350506197767438
  median: 4.783642900987188
  min: 0.00260916829651933
  num_samples: 535
  rmse: 4.784968126528262
  std: 1.9922388900627581
scale:
  max: 2560728.270745317
  mean: 8321.8022534421
  median: 11.313444564486508
  min: 0.026256485007958297
  num_samples: 535
  rmse: 126937.86703450253
  std: 126664.79263995834
trans:
  max: 38.59436406542514
  mean: 19.573803309119835
  median: 21.15476789125201
  min: 0.0
  num_samples: 535
  rmse: 24.733129745544442
  std: 15.119323100781484
