rot:
  max: 4.784968126528262
  mean: 4.784968126528262
  median: 4.784968126528262
  min: 4.784968126528262
  num_samples: 1
  rmse: 4.784968126528262
  std: 0.0
scale:
  max: 126937.86703450253
  mean: 126937.86703450253
  median: 126937.86703450253
  min: 126937.86703450253
  num_samples: 1
  rmse: 126937.86703450253
  std: 0.0
trans:
  max: 24.733129745544442
  mean: 24.733129745544442
  median: 24.733129745544442
  min: 24.733129745544442
  num_samples: 1
  rmse: 24.733129745544442
  std: 0.0
