rot:
  max: 94.31685651476012
  mean: 47.76176460446335
  median: 90.18190022404957
  min: 0.00028484216398121505
  num_samples: 535
  rmse: 65.57373685265321
  std: 44.930266042934164
scale:
  max: 2557282.951710896
  mean: 11150.20929897785
  median: 83.32847091066502
  min: 0.020897934836017207
  num_samples: 535
  rmse: 126897.08840207173
  std: 126406.26518298924
trans:
  max: 565.26029437555
  mean: 236.77105996896134
  median: 183.23026002188865
  min: 0.0
  num_samples: 535
  rmse: 338.14164405182646
  std: 241.41092892254613
