rot:
  max: 65.57373685265321
  mean: 65.57373685265321
  median: 65.57373685265321
  min: 65.57373685265321
  num_samples: 1
  rmse: 65.57373685265321
  std: 0.0
scale:
  max: 126897.08840207173
  mean: 126897.08840207173
  median: 126897.08840207173
  min: 126897.08840207173
  num_samples: 1
  rmse: 126897.08840207173
  std: 0.0
trans:
  max: 338.14164405182646
  mean: 338.14164405182646
  median: 338.14164405182646
  min: 338.14164405182646
  num_samples: 1
  rmse: 338.14164405182646
  std: 0.0
