rot:
  max: 2.999181800763393
  mean: 0.8330403638284275
  median: 0.6969176275852036
  min: 0.0
  num_samples: 772
  rmse: 1.0819389311169565
  std: 0.6903880089479418
scale:
  max: 25148.90379047589
  mean: 219.3938127715996
  median: 15.317848662925304
  min: 0.005073170163094609
  num_samples: 772
  rmse: 1647.8872112887584
  std: 1633.217259291176
trans:
  max: 9.702808210357885
  mean: 5.183560316333723
  median: 6.599892969600834
  min: 0.0
  num_samples: 772
  rmse: 6.0334909543827004
  std: 3.0876715407484814
