rot:
  max: 1.0819389311169565
  mean: 1.0819389311169565
  median: 1.0819389311169565
  min: 1.0819389311169565
  num_samples: 1
  rmse: 1.0819389311169565
  std: 0.0
scale:
  max: 1647.8872112887584
  mean: 1647.8872112887584
  median: 1647.8872112887584
  min: 1647.8872112887584
  num_samples: 1
  rmse: 1647.8872112887584
  std: 0.0
trans:
  max: 6.0334909543827004
  mean: 6.0334909543827004
  median: 6.0334909543827004
  min: 6.0334909543827004
  num_samples: 1
  rmse: 6.0334909543827004
  std: 0.0
