rot:
  max: 7.236100200731455
  mean: 3.8219377211206167
  median: 4.89061722944465
  min: 0.00028484216398121505
  num_samples: 535
  rmse: 4.544729079220857
  std: 2.459136933843051
scale:
  max: 2557282.951710896
  mean: 8095.061269559806
  median: 14.878669722102678
  min: 0.07752209578786307
  num_samples: 535
  rmse: 126338.3063221809
  std: 126078.69616790654
trans:
  max: 24.446933948822952
  mean: 12.21107427617887
  median: 14.534780635125669
  min: 0.0
  num_samples: 535
  rmse: 15.180429191446105
  std: 9.01859720012773
