rot:
  max: 4.544729079220857
  mean: 4.544729079220857
  median: 4.544729079220857
  min: 4.544729079220857
  num_samples: 1
  rmse: 4.544729079220857
  std: 0.0
scale:
  max: 126338.3063221809
  mean: 126338.3063221809
  median: 126338.3063221809
  min: 126338.3063221809
  num_samples: 1
  rmse: 126338.3063221809
  std: 0.0
trans:
  max: 15.180429191446105
  mean: 15.180429191446105
  median: 15.180429191446105
  min: 15.180429191446105
  num_samples: 1
  rmse: 15.180429191446105
  std: 0.0
