rot:
  max: 14.67594053634517
  mean: 4.714707589554574
  median: 4.927907355204011
  min: 0.0006741862031264913
  num_samples: 1330
  rmse: 5.369072036389969
  std: 2.5687481147323967
scale:
  max: 11823396.453366015
  mean: 17076.99626249119
  median: 2.4569912885229472
  min: 0.008331409500406117
  num_samples: 1330
  rmse: 399061.3574905606
  std: 398695.80288844265
trans:
  max: 111.75085460897884
  mean: 42.25440241508885
  median: 44.735487126163264
  min: 0.0
  num_samples: 1330
  rmse: 52.928846417710744
  std: 31.87519819002457
