rot:
  max: 5.369072036389969
  mean: 5.369072036389969
  median: 5.369072036389969
  min: 5.369072036389969
  num_samples: 1
  rmse: 5.369072036389969
  std: 0.0
scale:
  max: 399061.3574905606
  mean: 399061.3574905606
  median: 399061.3574905606
  min: 399061.3574905606
  num_samples: 1
  rmse: 399061.3574905606
  std: 0.0
trans:
  max: 52.928846417710744
  mean: 52.928846417710744
  median: 52.928846417710744
  min: 52.928846417710744
  num_samples: 1
  rmse: 52.928846417710744
  std: 0.0
