rot:
  max: 18.867438437035617
  mean: 10.68404768432827
  median: 9.438434083612046
  min: 0.00212969360678017
  num_samples: 1330
  rmse: 12.116815991507462
  std: 5.715623749955088
scale:
  max: 22860247.76116573
  mean: 29107.566605150005
  median: 4.738210657582053
  min: 0.018632093333303956
  num_samples: 1330
  rmse: 716987.7033762921
  std: 716396.6194498246
trans:
  max: 264.8707528492648
  mean: 96.82495021103455
  median: 98.6827200167609
  min: 9.938361130639345e-08
  num_samples: 1330
  rmse: 123.50566976967373
  std: 76.6718949934484
