rot:
  max: 12.116815991507462
  mean: 12.116815991507462
  median: 12.116815991507462
  min: 12.116815991507462
  num_samples: 1
  rmse: 12.116815991507462
  std: 0.0
scale:
  max: 716987.7033762921
  mean: 716987.7033762921
  median: 716987.7033762921
  min: 716987.7033762921
  num_samples: 1
  rmse: 716987.7033762921
  std: 0.0
trans:
  max: 123.50566976967373
  mean: 123.50566976967373
  median: 123.50566976967373
  min: 123.50566976967373
  num_samples: 1
  rmse: 123.50566976967373
  std: 0.0
