rot:
  max: 13.81423268498364
  mean: 3.432207072543353
  median: 3.2364396077657673
  min: 0.0005860310670338717
  num_samples: 1101
  rmse: 3.8762924561599346
  std: 1.8015542780792928
scale:
  max: 331.15703572743234
  mean: 5.954800176858693
  median: 2.3482112339462624
  min: 0.062414201680005554
  num_samples: 1101
  rmse: 26.385950088487455
  std: 25.705227424122018
trans:
  max: 105.66556895639818
  mean: 53.56256100392977
  median: 57.629608575133375
  min: 0.0
  num_samples: 1101
  rmse: 63.16890098186074
  std: 33.48674528759743
