rot:
  max: 3.8762924561599346
  mean: 3.8762924561599346
  median: 3.8762924561599346
  min: 3.8762924561599346
  num_samples: 1
  rmse: 3.8762924561599346
  std: 0.0
scale:
  max: 26.385950088487455
  mean: 26.385950088487455
  median: 26.385950088487455
  min: 26.385950088487455
  num_samples: 1
  rmse: 26.385950088487455
  std: 0.0
trans:
  max: 63.16890098186074
  mean: 63.16890098186074
  median: 63.16890098186074
  min: 63.16890098186074
  num_samples: 1
  rmse: 63.16890098186074
  std: 0.0
