rot:
  max: 18.978754706639066
  mean: 11.666844096377538
  median: 16.803392291658092
  min: 0.00014039785329892146
  num_samples: 772
  rmse: 13.79427376582618
  std: 7.359805538013959
scale:
  max: 82179.4422051431
  mean: 1031.990114427645
  median: 72.9546034108299
  min: 0.08383728189309547
  num_samples: 772
  rmse: 5971.857675490097
  std: 5882.013303286009
trans:
  max: 61.819079678038065
  mean: 32.84904323604301
  median: 46.3801400001708
  min: 0.0
  num_samples: 772
  rmse: 38.94814759516088
  std: 20.926025890527175
