rot:
  max: 178.3354909344205
  mean: 12.66062939051634
  median: 9.124598942766028
  min: 0.03371887288229111
  num_samples: 2592
  rmse: 25.23626844560947
  std: 21.830659827290102
scale:
  max: 1227981.1363360449
  mean: 603.0245249910919
  median: 9.690583993208769
  min: 0.08990554587336996
  num_samples: 2592
  rmse: 24124.492480234087
  std: 24116.95459321367
trans:
  max: 329.03509411552625
  mean: 227.9355309753421
  median: 272.1040224242897
  min: 0.001228081136336045
  num_samples: 2592
  rmse: 247.63051449448182
  std: 96.77946800737567
