rot:
  max: 25.23626844560947
  mean: 25.23626844560947
  median: 25.23626844560947
  min: 25.23626844560947
  num_samples: 1
  rmse: 25.23626844560947
  std: 0.0
scale:
  max: 24124.492480234087
  mean: 24124.492480234087
  median: 24124.492480234087
  min: 24124.492480234087
  num_samples: 1
  rmse: 24124.492480234087
  std: 0.0
trans:
  max: 247.63051449448182
  mean: 247.63051449448182
  median: 247.63051449448182
  min: 247.63051449448182
  num_samples: 1
  rmse: 247.63051449448182
  std: 0.0
