rot:
  max: 176.4374635598957
  mean: 13.715188371335245
  median: 10.33423396265952
  min: 0.006610887093053061
  num_samples: 2592
  rmse: 26.03955619933564
  std: 22.134861531013687
scale:
  max: 1227967.965611622
  mean: 574.3808722326338
  median: 7.367188434061567
  min: 0.02784619524685006
  num_samples: 2592
  rmse: 24122.239306899108
  std: 24115.39997165549
trans:
  max: 281.3603956343088
  mean: 164.93554048983106
  median: 188.93721984132725
  min: 0.001228067965611622
  num_samples: 2592
  rmse: 184.36741923935506
  std: 82.38696960264662
