rot:
  max: 26.03955619933564
  mean: 26.03955619933564
  median: 26.03955619933564
  min: 26.03955619933564
  num_samples: 1
  rmse: 26.03955619933564
  std: 0.0
scale:
  max: 24122.239306899108
  mean: 24122.239306899108
  median: 24122.239306899108
  min: 24122.239306899108
  num_samples: 1
  rmse: 24122.239306899108
  std: 0.0
trans:
  max: 184.36741923935506
  mean: 184.36741923935506
  median: 184.36741923935506
  min: 184.36741923935506
  num_samples: 1
  rmse: 184.36741923935506
  std: 0.0
