rot:
  max: 11.099389421359898
  mean: 5.170651900584707
  median: 4.934704927917638
  min: 0.0023198233863703107
  num_samples: 2095
  rmse: 5.399205407058045
  std: 1.5542773081353893
scale:
  max: 15111.825065801784
  mean: 96.23139066401824
  median: 1.6538406831612784
  min: 0.0012423430410191116
  num_samples: 2095
  rmse: 955.0078114950503
  std: 950.1470620211562
trans:
  max: 145.7098943781763
  mean: 79.2176637191691
  median: 68.8030212281595
  min: 0.0
  num_samples: 2095
  rmse: 89.92131562858086
  std: 42.54885144456309
