rot:
  max: 10.09773185972711
  mean: 5.5073395941212056
  median: 4.677732661284317
  min: 0.0
  num_samples: 792
  rmse: 6.325363513480239
  std: 3.1111789039995665
scale:
  max: 80473.5457920929
  mean: 243.9262739753803
  median: 7.289483408348785
  min: 0.13339326946647523
  num_samples: 792
  rmse: 3216.6464307242964
  std: 3207.3843288816893
trans:
  max: 27.52789966002518
  mean: 15.295854438903259
  median: 18.13865015122124
  min: 0.0
  num_samples: 792
  rmse: 17.081895291297602
  std: 7.6044712983046185
