rot:
  max: 6.325363513480239
  mean: 6.325363513480239
  median: 6.325363513480239
  min: 6.325363513480239
  num_samples: 1
  rmse: 6.325363513480239
  std: 0.0
scale:
  max: 3216.6464307242964
  mean: 3216.6464307242964
  median: 3216.6464307242964
  min: 3216.6464307242964
  num_samples: 1
  rmse: 3216.6464307242964
  std: 0.0
trans:
  max: 17.081895291297602
  mean: 17.081895291297602
  median: 17.081895291297602
  min: 17.081895291297602
  num_samples: 1
  rmse: 17.081895291297602
  std: 0.0
