rot:
  max: 4.627577313931265
  mean: 4.627577313931265
  median: 4.627577313931265
  min: 4.627577313931265
  num_samples: 1
  rmse: 4.627577313931265
  std: 0.0
scale:
  max: 4476.196394929055
  mean: 4476.196394929055
  median: 4476.196394929055
  min: 4476.196394929055
  num_samples: 1
  rmse: 4476.196394929055
  std: 0.0
trans:
  max: 61.233990479555864
  mean: 61.233990479555864
  median: 61.233990479555864
  min: 61.233990479555864
  num_samples: 1
  rmse: 61.233990479555864
  std: 0.0
