rot:
  max: 20.81496888260522
  mean: 12.777189419185476
  median: 13.123690308349445
  min: 1.1459155902616465e-14
  num_samples: 2095
  rmse: 13.77849546816205
  std: 5.1565849079033805
scale:
  max: 85416.47521225114
  mean: 571.9520357007838
  median: 9.327556796877957
  min: 0.0032885044980224265
  num_samples: 2095
  rmse: 5419.173161720774
  std: 5388.906069470172
trans:
  max: 426.3060385908706
  mean: 235.45514408312138
  median: 284.75582768083433
  min: 0.0
  num_samples: 2095
  rmse: 271.94257480665095
  std: 136.06483424186987
