rot:
  max: 13.77849546816205
  mean: 13.77849546816205
  median: 13.77849546816205
  min: 13.77849546816205
  num_samples: 1
  rmse: 13.77849546816205
  std: 0.0
scale:
  max: 5419.173161720774
  mean: 5419.173161720774
  median: 5419.173161720774
  min: 5419.173161720774
  num_samples: 1
  rmse: 5419.173161720774
  std: 0.0
trans:
  max: 271.94257480665095
  mean: 271.94257480665095
  median: 271.94257480665095
  min: 271.94257480665095
  num_samples: 1
  rmse: 271.94257480665095
  std: 0.0
