rot:
  max: 11.092841324704988
  mean: 5.5186392154477275
  median: 5.046160966723095
  min: 0.0011756501000594333
  num_samples: 516
  rmse: 6.341561314906702
  std: 3.124103250605479
scale:
  max: 7850.522141087645
  mean: 182.85771764864793
  median: 6.440894759447224
  min: 0.04579780633406916
  num_samples: 516
  rmse: 711.7935280420392
  std: 687.9048492770353
trans:
  max: 36.291098797811436
  mean: 16.93005563154363
  median: 16.367551266489265
  min: 9.0953652069798e-08
  num_samples: 516
  rmse: 21.370137040958525
  std: 13.040551118038895
