rot:
  max: 6.341561314906702
  mean: 6.341561314906702
  median: 6.341561314906702
  min: 6.341561314906702
  num_samples: 1
  rmse: 6.341561314906702
  std: 0.0
scale:
  max: 711.7935280420392
  mean: 711.7935280420392
  median: 711.7935280420392
  min: 711.7935280420392
  num_samples: 1
  rmse: 711.7935280420392
  std: 0.0
trans:
  max: 21.370137040958525
  mean: 21.370137040958525
  median: 21.370137040958525
  min: 21.370137040958525
  num_samples: 1
  rmse: 21.370137040958525
  std: 0.0
