rot:
  max: 174.86016390150593
  mean: 13.265940020778825
  median: 9.793812619067209
  min: 0.03371887288229111
  num_samples: 2592
  rmse: 24.421312914797756
  std: 20.504032770349504
scale:
  max: 1227981.1363360449
  mean: 585.0331478852888
  median: 8.614108420882594
  min: 0.1958077083870413
  num_samples: 2592
  rmse: 24123.17278815814
  std: 24116.077657513237
trans:
  max: 298.5248518204013
  mean: 209.5555626180264
  median: 247.01317116826118
  min: 0.001228081136336045
  num_samples: 2592
  rmse: 225.8021498004796
  std: 84.10158756147622
