rot:
  max: 13.969658589366826
  mean: 3.5298803088036164
  median: 3.2637060880646196
  min: 0.0005860310670338717
  num_samples: 1101
  rmse: 3.924396704918761
  std: 1.7148861487275806
scale:
  max: 331.15703572743234
  mean: 5.11473709286574
  median: 1.6843967590346676
  min: 0.002774693399543171
  num_samples: 1101
  rmse: 26.31394697110277
  std: 25.81207604337303
trans:
  max: 108.32246001744531
  mean: 52.65663812499798
  median: 51.760420411331374
  min: 0.0
  num_samples: 1101
  rmse: 62.92426711137945
  std: 34.44911976926607
