rot:
  max: 3.924396704918761
  mean: 3.924396704918761
  median: 3.924396704918761
  min: 3.924396704918761
  num_samples: 1
  rmse: 3.924396704918761
  std: 0.0
scale:
  max: 26.31394697110277
  mean: 26.31394697110277
  median: 26.31394697110277
  min: 26.31394697110277
  num_samples: 1
  rmse: 26.31394697110277
  std: 0.0
trans:
  max: 62.92426711137945
  mean: 62.92426711137945
  median: 62.92426711137945
  min: 62.92426711137945
  num_samples: 1
  rmse: 62.92426711137945
  std: 0.0
