rot:
  max: 10.020387289429008
  mean: 5.345902789314881
  median: 4.498296418175098
  min: 0.0
  num_samples: 792
  rmse: 6.205177628104284
  std: 3.1504845283735774
scale:
  max: 80473.54862444561
  mean: 242.04635757554934
  median: 5.832033546607523
  min: 0.0018070063804831449
  num_samples: 792
  rmse: 3216.233587867292
  std: 3207.112728375809
trans:
  max: 27.179234098254174
  mean: 13.625934780718936
  median: 14.586780435972155
  min: 0.0
  num_samples: 792
  rmse: 15.44923091801986
  std: 7.280977771556144
