rot:
  max: 6.205177628104284
  mean: 6.205177628104284
  median: 6.205177628104284
  min: 6.205177628104284
  num_samples: 1
  rmse: 6.205177628104284
  std: 0.0
scale:
  max: 3216.233587867292
  mean: 3216.233587867292
  median: 3216.233587867292
  min: 3216.233587867292
  num_samples: 1
  rmse: 3216.233587867292
  std: 0.0
trans:
  max: 15.44923091801986
  mean: 15.44923091801986
  median: 15.44923091801986
  min: 15.44923091801986
  num_samples: 1
  rmse: 15.44923091801986
  std: 0.0
