rot:
  max: 14.338756064618028
  mean: 4.7723565538761
  median: 4.353018442826616
  min: 0.0005860310670338717
  num_samples: 1101
  rmse: 5.134498801004713
  std: 1.8941200754425986
scale:
  max: 331.15703572743234
  mean: 6.9157782253779665
  median: 3.2539435527826788
  min: 0.06585219490847782
  num_samples: 1101
  rmse: 26.506014446525985
  std: 25.587903653422494
trans:
  max: 143.29797380336475
  mean: 61.473551847110905
  median: 48.40937779871843
  min: 0.0
  num_samples: 1101
  rmse: 75.80208412048
  std: 44.35040451122059
