rot:
  max: 5.134498801004713
  mean: 5.134498801004713
  median: 5.134498801004713
  min: 5.134498801004713
  num_samples: 1
  rmse: 5.134498801004713
  std: 0.0
scale:
  max: 26.506014446525985
  mean: 26.506014446525985
  median: 26.506014446525985
  min: 26.506014446525985
  num_samples: 1
  rmse: 26.506014446525985
  std: 0.0
trans:
  max: 75.80208412048
  mean: 75.80208412048
  median: 75.80208412048
  min: 75.80208412048
  num_samples: 1
  rmse: 75.80208412048
  std: 0.0
