rot:
  max: 115.57133169014689
  mean: 65.54469954189948
  median: 100.38675354952636
  min: 0.002037169356248867
  num_samples: 772
  rmse: 82.93347890646235
  std: 50.8119502232571
scale:
  max: 332941.07543755684
  mean: 8538.632393983651
  median: 1372.0539999051632
  min: 0.07819242322191222
  num_samples: 772
  rmse: 33976.21832067189
  std: 32885.78976114719
trans:
  max: 657.9813844296734
  mean: 356.48607535715695
  median: 566.5460197538138
  min: 0.0
  num_samples: 772
  rmse: 454.46608789835557
  std: 281.88136356646083
