rot:
  max: 82.93347890646235
  mean: 82.93347890646235
  median: 82.93347890646235
  min: 82.93347890646235
  num_samples: 1
  rmse: 82.93347890646235
  std: 0.0
scale:
  max: 33976.21832067189
  mean: 33976.21832067189
  median: 33976.21832067189
  min: 33976.21832067189
  num_samples: 1
  rmse: 33976.21832067189
  std: 0.0
trans:
  max: 454.46608789835557
  mean: 454.46608789835557
  median: 454.46608789835557
  min: 454.46608789835557
  num_samples: 1
  rmse: 454.46608789835557
  std: 0.0
