rot:
  max: 13.685533874906127
  mean: 2.529056255770402
  median: 1.8977623335778144
  min: 0.0
  num_samples: 792
  rmse: 3.5713732208095887
  std: 2.521622719096663
scale:
  max: 95045.45683651343
  mean: 236.3583657849977
  median: 4.9430237601130305
  min: 0.034196934613395236
  num_samples: 792
  rmse: 3824.150754332931
  std: 3816.839492929794
trans:
  max: 12.768304819627401
  mean: 7.6189871772801805
  median: 7.391368819087942
  min: 0.0
  num_samples: 792
  rmse: 8.527143928300468
  std: 3.829258148309116
