rot:
  max: 3.5713732208095887
  mean: 3.5713732208095887
  median: 3.5713732208095887
  min: 3.5713732208095887
  num_samples: 1
  rmse: 3.5713732208095887
  std: 0.0
scale:
  max: 3824.150754332931
  mean: 3824.150754332931
  median: 3824.150754332931
  min: 3824.150754332931
  num_samples: 1
  rmse: 3824.150754332931
  std: 0.0
trans:
  max: 8.527143928300468
  mean: 8.527143928300468
  median: 8.527143928300468
  min: 8.527143928300468
  num_samples: 1
  rmse: 8.527143928300468
  std: 0.0
