rot:
  max: 3.3999338037467908
  mean: 1.1461810305292492
  median: 1.0511276421633127
  min: 0.0004746431245258161
  num_samples: 1101
  rmse: 1.257668078905424
  std: 0.5176852730690414
scale:
  max: 13823.080277924504
  mean: 35.74040128401256
  median: 1.3971629221951387
  min: 0.0013956558208794156
  num_samples: 1101
  rmse: 604.3730405457604
  std: 603.3153369959903
trans:
  max: 27.462344012121168
  mean: 12.141001722848317
  median: 10.237557874074964
  min: 0.0
  num_samples: 1101
  rmse: 14.337593250128675
  std: 7.6264446088547375
