rot:
  max: 1.257668078905424
  mean: 1.257668078905424
  median: 1.257668078905424
  min: 1.257668078905424
  num_samples: 1
  rmse: 1.257668078905424
  std: 0.0
scale:
  max: 604.3730405457604
  mean: 604.3730405457604
  median: 604.3730405457604
  min: 604.3730405457604
  num_samples: 1
  rmse: 604.3730405457604
  std: 0.0
trans:
  max: 14.337593250128675
  mean: 14.337593250128675
  median: 14.337593250128675
  min: 14.337593250128675
  num_samples: 1
  rmse: 14.337593250128675
  std: 0.0
