rot:
  max: 35.200983963581
  mean: 19.83710481228372
  median: 29.22734590830449
  min: 0.002037169356248867
  num_samples: 772
  rmse: 24.228952355119944
  std: 13.911556523018636
scale:
  max: 115761.30363472337
  mean: 2992.034070156603
  median: 495.37528482000175
  min: 0.011458255371521453
  num_samples: 772
  rmse: 11797.549434750508
  std: 11411.831789349342
trans:
  max: 230.2862473098606
  mean: 128.09698486014676
  median: 202.81209277598862
  min: 0.0
  num_samples: 772
  rmse: 161.2372979064675
  std: 97.92154362507914
