rot:
  max: 24.228952355119944
  mean: 24.228952355119944
  median: 24.228952355119944
  min: 24.228952355119944
  num_samples: 1
  rmse: 24.228952355119944
  std: 0.0
scale:
  max: 11797.549434750508
  mean: 11797.549434750508
  median: 11797.549434750508
  min: 11797.549434750508
  num_samples: 1
  rmse: 11797.549434750508
  std: 0.0
trans:
  max: 161.2372979064675
  mean: 161.2372979064675
  median: 161.2372979064675
  min: 161.2372979064675
  num_samples: 1
  rmse: 161.2372979064675
  std: 0.0
