rot:
  max: 27.709288518343943
  mean: 16.699539039197244
  median: 16.657240132971516
  min: 0.0
  num_samples: 2686
  rmse: 18.469808906684634
  std: 7.89045226382964
scale:
  max: 158266.59702321497
  mean: 501.998971006122
  median: 10.250441741535754
  min: 0.023058282429477828
  num_samples: 2686
  rmse: 4303.612336277617
  std: 4274.233986817952
trans:
  max: 433.42752406205733
  mean: 257.3306436774663
  median: 306.2279029226811
  min: 0.0
  num_samples: 2686
  rmse: 286.24711688966323
  std: 125.37285093745545
