rot:
  max: 18.469808906684634
  mean: 18.469808906684634
  median: 18.469808906684634
  min: 18.469808906684634
  num_samples: 1
  rmse: 18.469808906684634
  std: 0.0
scale:
  max: 4303.612336277617
  mean: 4303.612336277617
  median: 4303.612336277617
  min: 4303.612336277617
  num_samples: 1
  rmse: 4303.612336277617
  std: 0.0
trans:
  max: 286.24711688966323
  mean: 286.24711688966323
  median: 286.24711688966323
  min: 286.24711688966323
  num_samples: 1
  rmse: 286.24711688966323
  std: 0.0
