rot:
  max: 19.162463864494693
  mean: 10.80925887333291
  median: 9.875682251351918
  min: 0.00212969360678017
  num_samples: 1330
  rmse: 12.257297816982879
  std: 5.77938339128726
scale:
  max: 24519810.477114342
  mean: 30675.88744307679
  median: 4.670640291213635
  min: 0.035796106291186014
  num_samples: 1330
  rmse: 762003.4785777823
  std: 761385.7703518107
trans:
  max: 268.44357853622114
  mean: 99.05655103626965
  median: 103.01343855954997
  min: 9.938361130639345e-08
  num_samples: 1330
  rmse: 126.13831693797545
  std: 78.09401191348827
