rot:
  max: 12.257297816982879
  mean: 12.257297816982879
  median: 12.257297816982879
  min: 12.257297816982879
  num_samples: 1
  rmse: 12.257297816982879
  std: 0.0
scale:
  max: 762003.4785777823
  mean: 762003.4785777823
  median: 762003.4785777823
  min: 762003.4785777823
  num_samples: 1
  rmse: 762003.4785777823
  std: 0.0
trans:
  max: 126.13831693797545
  mean: 126.13831693797545
  median: 126.13831693797545
  min: 126.13831693797545
  num_samples: 1
  rmse: 126.13831693797545
  std: 0.0
