rot:
  max: 9.652777549416426
  mean: 4.931486362659132
  median: 4.709387339534429
  min: 0.0
  num_samples: 772
  rmse: 5.344774265416037
  std: 2.0608382282849247
scale:
  max: 44188.026612490095
  mean: 1055.0837523341208
  median: 7.647243991336228
  min: 0.19948234448659008
  num_samples: 772
  rmse: 4509.8366279116335
  std: 4384.68068233183
trans:
  max: 84.1207498827005
  mean: 51.603209761639825
  median: 79.99274934221336
  min: 0.0
  num_samples: 772
  rmse: 63.097448997673624
  std: 36.309734401537895
