rot:
  max: 5.344774265416037
  mean: 5.344774265416037
  median: 5.344774265416037
  min: 5.344774265416037
  num_samples: 1
  rmse: 5.344774265416037
  std: 0.0
scale:
  max: 4509.8366279116335
  mean: 4509.8366279116335
  median: 4509.8366279116335
  min: 4509.8366279116335
  num_samples: 1
  rmse: 4509.8366279116335
  std: 0.0
trans:
  max: 63.097448997673624
  mean: 63.097448997673624
  median: 63.097448997673624
  min: 63.097448997673624
  num_samples: 1
  rmse: 63.097448997673624
  std: 0.0
