rot:
  max: 23.357492143361256
  mean: 11.483252863691341
  median: 8.95900228970132
  min: 0.00042243057245074247
  num_samples: 1330
  rmse: 14.110866627089283
  std: 8.200698789495116
scale:
  max: 23085730.07557089
  mean: 28536.89451432041
  median: 6.180723776876307
  min: 0.02024378011288297
  num_samples: 1330
  rmse: 711844.8979709672
  std: 711272.6653111136
trans:
  max: 306.5588576617649
  mean: 99.13655557508902
  median: 78.57605176614501
  min: 9.678172040897828e-08
  num_samples: 1330
  rmse: 135.54613574856333
  std: 92.437537099791
