rot:
  max: 14.110866627089283
  mean: 14.110866627089283
  median: 14.110866627089283
  min: 14.110866627089283
  num_samples: 1
  rmse: 14.110866627089283
  std: 0.0
scale:
  max: 711844.8979709672
  mean: 711844.8979709672
  median: 711844.8979709672
  min: 711844.8979709672
  num_samples: 1
  rmse: 711844.8979709672
  std: 0.0
trans:
  max: 135.54613574856333
  mean: 135.54613574856333
  median: 135.54613574856333
  min: 135.54613574856333
  num_samples: 1
  rmse: 135.54613574856333
  std: 0.0
