rot:
  max: 7.622437005785456
  mean: 3.833066394418998
  median: 3.9485585782198696
  min: 5.109599479759417e-05
  num_samples: 1330
  rmse: 4.679216445670142
  std: 2.6837787839920146
scale:
  max: 2176314.6139691826
  mean: 2827.6892021902045
  median: 2.333925552859606
  min: 0.042539475552838546
  num_samples: 1330
  rmse: 68766.43770966317
  std: 68708.27554998598
trans:
  max: 122.9350709093108
  mean: 34.100866195270406
  median: 22.038126772504746
  min: 0.0
  num_samples: 1330
  rmse: 47.885904528404424
  std: 33.61831014842548
