rot:
  max: 4.679216445670142
  mean: 4.679216445670142
  median: 4.679216445670142
  min: 4.679216445670142
  num_samples: 1
  rmse: 4.679216445670142
  std: 0.0
scale:
  max: 68766.43770966317
  mean: 68766.43770966317
  median: 68766.43770966317
  min: 68766.43770966317
  num_samples: 1
  rmse: 68766.43770966317
  std: 0.0
trans:
  max: 47.885904528404424
  mean: 47.885904528404424
  median: 47.885904528404424
  min: 47.885904528404424
  num_samples: 1
  rmse: 47.885904528404424
  std: 0.0
