rot:
  max: 2.789668082857284
  mean: 0.5232633038789292
  median: 0.34717265781202133
  min: 0.0
  num_samples: 792
  rmse: 0.8212986047595849
  std: 0.6330299463641103
scale:
  max: 95045.45683651343
  mean: 224.23153577627747
  median: 2.8253555040793907
  min: 0.0007521079014360943
  num_samples: 792
  rmse: 3823.612179692726
  std: 3817.0316109587006
trans:
  max: 4.081891310671996
  mean: 2.0314166339475013
  median: 1.7959498273640915
  min: 0.0
  num_samples: 792
  rmse: 2.24952128010503
  std: 0.9662776252023934
