rot:
  max: 0.8212986047595849
  mean: 0.8212986047595849
  median: 0.8212986047595849
  min: 0.8212986047595849
  num_samples: 1
  rmse: 0.8212986047595849
  std: 0.0
scale:
  max: 3823.612179692726
  mean: 3823.612179692726
  median: 3823.612179692726
  min: 3823.612179692726
  num_samples: 1
  rmse: 3823.612179692726
  std: 0.0
trans:
  max: 2.24952128010503
  mean: 2.24952128010503
  median: 2.24952128010503
  min: 2.24952128010503
  num_samples: 1
  rmse: 2.24952128010503
  std: 0.0
