rot:
  max: 17.66635873443099
  mean: 9.653473165505062
  median: 8.728730162985745
  min: 0.00042243057245074247
  num_samples: 1330
  rmse: 11.43079424438108
  std: 6.121561312300094
scale:
  max: 23085730.07557089
  mean: 28518.55389074173
  median: 4.808515705694383
  min: 0.0061856368962498465
  num_samples: 1330
  rmse: 711844.8684074668
  std: 711273.371329213
trans:
  max: 269.04826224494343
  mean: 81.82251583224624
  median: 56.12487390284744
  min: 9.678172040897828e-08
  num_samples: 1330
  rmse: 112.00491125617319
  std: 76.48644355952919
