rot:
  max: 11.43079424438108
  mean: 11.43079424438108
  median: 11.43079424438108
  min: 11.43079424438108
  num_samples: 1
  rmse: 11.43079424438108
  std: 0.0
scale:
  max: 711844.8684074668
  mean: 711844.8684074668
  median: 711844.8684074668
  min: 711844.8684074668
  num_samples: 1
  rmse: 711844.8684074668
  std: 0.0
trans:
  max: 112.00491125617319
  mean: 112.00491125617319
  median: 112.00491125617319
  min: 112.00491125617319
  num_samples: 1
  rmse: 112.00491125617319
  std: 0.0
