rot:
  max: 44.15917967069052
  mean: 25.278656093734003
  median: 37.717339590555355
  min: 0.0
  num_samples: 772
  rmse: 30.823622852406725
  std: 17.63760958412831
scale:
  max: 248306.9001943117
  mean: 3993.584777254979
  median: 435.8235009923528
  min: 0.019926444728746162
  num_samples: 772
  rmse: 17313.280361322253
  std: 16846.393011461652
trans:
  max: 289.12176230541763
  mean: 160.10483424245487
  median: 253.82564143794622
  min: 0.0
  num_samples: 772
  rmse: 201.34358064364093
  std: 122.0888181554658
