rot:
  max: 30.823622852406725
  mean: 30.823622852406725
  median: 30.823622852406725
  min: 30.823622852406725
  num_samples: 1
  rmse: 30.823622852406725
  std: 0.0
scale:
  max: 17313.280361322253
  mean: 17313.280361322253
  median: 17313.280361322253
  min: 17313.280361322253
  num_samples: 1
  rmse: 17313.280361322253
  std: 0.0
trans:
  max: 201.34358064364093
  mean: 201.34358064364093
  median: 201.34358064364093
  min: 201.34358064364093
  num_samples: 1
  rmse: 201.34358064364093
  std: 0.0
