rot:
  max: 16.03203706969211
  mean: 16.03203706969211
  median: 16.03203706969211
  min: 16.03203706969211
  num_samples: 1
  rmse: 16.03203706969211
  std: 0.0
scale:
  max: 6811.890641214597
  mean: 6811.890641214597
  median: 6811.890641214597
  min: 6811.890641214597
  num_samples: 1
  rmse: 6811.890641214597
  std: 0.0
trans:
  max: 338.51193452661295
  mean: 338.51193452661295
  median: 338.51193452661295
  min: 338.51193452661295
  num_samples: 1
  rmse: 338.51193452661295
  std: 0.0
