rot:
  max: 21.96674369852647
  mean: 21.96674369852647
  median: 21.96674369852647
  min: 21.96674369852647
  num_samples: 1
  rmse: 21.96674369852647
  std: 0.0
scale:
  max: 711844.993889805
  mean: 711844.993889805
  median: 711844.993889805
  min: 711844.993889805
  num_samples: 1
  rmse: 711844.993889805
  std: 0.0
trans:
  max: 211.44751682568338
  mean: 211.44751682568338
  median: 211.44751682568338
  min: 211.44751682568338
  num_samples: 1
  rmse: 211.44751682568338
  std: 0.0
