rot:
  max: 43.61505826099959
  mean: 24.4895323444769
  median: 33.833904757629284
  min: 0.0
  num_samples: 772
  rmse: 30.46466050101352
  std: 18.120660721696456
scale:
  max: 135734.44321187382
  mean: 2254.941925303725
  median: 322.060490096013
  min: 0.015639361709407495
  num_samples: 772
  rmse: 9528.623176846753
  std: 9257.963953259303
trans:
  max: 169.81096455147136
  mean: 86.73273757943373
  median: 131.67767630903273
  min: 0.0
  num_samples: 772
  rmse: 108.16252612258089
  std: 64.62634361616844
