rot:
  max: 30.46466050101352
  mean: 30.46466050101352
  median: 30.46466050101352
  min: 30.46466050101352
  num_samples: 1
  rmse: 30.46466050101352
  std: 0.0
scale:
  max: 9528.623176846753
  mean: 9528.623176846753
  median: 9528.623176846753
  min: 9528.623176846753
  num_samples: 1
  rmse: 9528.623176846753
  std: 0.0
trans:
  max: 108.16252612258089
  mean: 108.16252612258089
  median: 108.16252612258089
  min: 108.16252612258089
  num_samples: 1
  rmse: 108.16252612258089
  std: 0.0
