rot:
  max: 20.02548579142914
  mean: 10.896790086991428
  median: 8.553588274532311
  min: 0.0016653275185080497
  num_samples: 1101
  rmse: 12.304128655714319
  std: 5.714153286044712
scale:
  max: 288.1938007680652
  mean: 6.9971186701083266
  median: 3.382841391181368
  min: 0.02444486981082461
  num_samples: 1101
  rmse: 24.44404178576499
  std: 23.421176510599256
trans:
  max: 222.18330868266673
  mean: 99.71448914688531
  median: 105.06617569089644
  min: 9.29184417226616e-08
  num_samples: 1101
  rmse: 120.51371450271185
  std: 67.67995299508438
