rot:
  max: 12.304128655714319
  mean: 12.304128655714319
  median: 12.304128655714319
  min: 12.304128655714319
  num_samples: 1
  rmse: 12.304128655714319
  std: 0.0
scale:
  max: 24.44404178576499
  mean: 24.44404178576499
  median: 24.44404178576499
  min: 24.44404178576499
  num_samples: 1
  rmse: 24.44404178576499
  std: 0.0
trans:
  max: 120.51371450271185
  mean: 120.51371450271185
  median: 120.51371450271185
  min: 120.51371450271185
  num_samples: 1
  rmse: 120.51371450271185
  std: 0.0
