rot:
  max: 14.013516648398896
  mean: 3.606139379133606
  median: 3.3260347548210336
  min: 0.0012266839666905157
  num_samples: 1082
  rmse: 4.011642023574066
  std: 1.7575637978654772
scale:
  max: 3489150.176007629
  mean: 3227.4430758327317
  median: 2.4298412066546593
  min: 0.05783851301741638
  num_samples: 1082
  rmse: 106073.2882821146
  std: 106024.17695116927
trans:
  max: 105.41659096825028
  mean: 54.84962276196682
  median: 60.3725753842965
  min: 0.0
  num_samples: 1082
  rmse: 64.01601576558825
  std: 33.00862247004522
