rot:
  max: 4.011642023574066
  mean: 4.011642023574066
  median: 4.011642023574066
  min: 4.011642023574066
  num_samples: 1
  rmse: 4.011642023574066
  std: 0.0
scale:
  max: 106073.2882821146
  mean: 106073.2882821146
  median: 106073.2882821146
  min: 106073.2882821146
  num_samples: 1
  rmse: 106073.2882821146
  std: 0.0
trans:
  max: 64.01601576558825
  mean: 64.01601576558825
  median: 64.01601576558825
  min: 64.01601576558825
  num_samples: 1
  rmse: 64.01601576558825
  std: 0.0
