rot:
  max: 14.44491849229693
  mean: 3.071420391424329
  median: 2.9166129998934203
  min: 0.0006741862031264913
  num_samples: 1330
  rmse: 3.6498383670683894
  std: 1.9717243430224385
scale:
  max: 11823396.453366015
  mean: 17081.76955698548
  median: 2.805528590163353
  min: 0.0317623284635804
  num_samples: 1330
  rmse: 399061.36390996375
  std: 398695.60483466904
trans:
  max: 105.69406256970774
  mean: 49.08326122883035
  median: 52.68372550168138
  min: 0.0
  num_samples: 1330
  rmse: 59.967310130731995
  std: 34.45158561601762
