rot:
  max: 3.6498383670683894
  mean: 3.6498383670683894
  median: 3.6498383670683894
  min: 3.6498383670683894
  num_samples: 1
  rmse: 3.6498383670683894
  std: 0.0
scale:
  max: 399061.36390996375
  mean: 399061.36390996375
  median: 399061.36390996375
  min: 399061.36390996375
  num_samples: 1
  rmse: 399061.36390996375
  std: 0.0
trans:
  max: 59.967310130731995
  mean: 59.967310130731995
  median: 59.967310130731995
  min: 59.967310130731995
  num_samples: 1
  rmse: 59.967310130731995
  std: 0.0
