rot:
  max: 30.648350740592537
  mean: 17.324153278112103
  median: 16.7187945104441
  min: 0.0
  num_samples: 2686
  rmse: 19.412001135234494
  std: 8.75782514502447
scale:
  max: 180439.1494494243
  mean: 571.6814425611597
  median: 9.072541059724827
  min: 0.47036870351631066
  num_samples: 2686
  rmse: 4909.848668754911
  std: 4876.4530427663885
trans:
  max: 415.4881379076384
  mean: 252.51556680754175
  median: 305.6984518048472
  min: 0.0
  num_samples: 2686
  rmse: 281.51402278577274
  std: 124.44289270542737
