rot:
  max: 19.412001135234494
  mean: 19.412001135234494
  median: 19.412001135234494
  min: 19.412001135234494
  num_samples: 1
  rmse: 19.412001135234494
  std: 0.0
scale:
  max: 4909.848668754911
  mean: 4909.848668754911
  median: 4909.848668754911
  min: 4909.848668754911
  num_samples: 1
  rmse: 4909.848668754911
  std: 0.0
trans:
  max: 281.51402278577274
  mean: 281.51402278577274
  median: 281.51402278577274
  min: 281.51402278577274
  num_samples: 1
  rmse: 281.51402278577274
  std: 0.0
