rot:
  max: 1.2945755599522741
  mean: 0.3953810654104939
  median: 0.30317020414211926
  min: 0.0
  num_samples: 2078
  rmse: 0.49910848812436603
  std: 0.30460317797530156
scale:
  max: 2905.8543170763382
  mean: 21.495918357096958
  median: 1.1415262711871876
  min: 0.012595256889924578
  num_samples: 2078
  rmse: 194.21748342540377
  std: 193.024237758065
trans:
  max: 22.057938511392702
  mean: 12.444292595518165
  median: 12.730249303232355
  min: 0.0
  num_samples: 2078
  rmse: 13.474535864545295
  std: 5.167465390503275
