rot:
  max: 0.49910848812436603
  mean: 0.49910848812436603
  median: 0.49910848812436603
  min: 0.49910848812436603
  num_samples: 1
  rmse: 0.49910848812436603
  std: 0.0
scale:
  max: 194.21748342540377
  mean: 194.21748342540377
  median: 194.21748342540377
  min: 194.21748342540377
  num_samples: 1
  rmse: 194.21748342540377
  std: 0.0
trans:
  max: 13.474535864545295
  mean: 13.474535864545295
  median: 13.474535864545295
  min: 13.474535864545295
  num_samples: 1
  rmse: 13.474535864545295
  std: 0.0
