rot:
  max: 23.326412833980758
  mean: 15.220324429353632
  median: 16.562134720984
  min: 1.1459155902616465e-14
  num_samples: 1929
  rmse: 16.374495546309937
  std: 6.038694284474503
scale:
  max: 264.0067602038027
  mean: 16.705322370418635
  median: 11.983229308808397
  min: 0.017645722360071225
  num_samples: 1929
  rmse: 28.692155796303084
  std: 23.327494694881388
trans:
  max: 547.629889557145
  mean: 293.05547513583645
  median: 346.65029551736325
  min: 0.0
  num_samples: 1929
  rmse: 344.1866955981954
  std: 180.50753424639643
