rot:
  max: 16.374495546309937
  mean: 16.374495546309937
  median: 16.374495546309937
  min: 16.374495546309937
  num_samples: 1
  rmse: 16.374495546309937
  std: 0.0
scale:
  max: 28.692155796303084
  mean: 28.692155796303084
  median: 28.692155796303084
  min: 28.692155796303084
  num_samples: 1
  rmse: 28.692155796303084
  std: 0.0
trans:
  max: 344.1866955981954
  mean: 344.1866955981954
  median: 344.1866955981954
  min: 344.1866955981954
  num_samples: 1
  rmse: 344.1866955981954
  std: 0.0
