rot:
  max: 23.843557804664755
  mean: 13.776233600232786
  median: 13.590586066739023
  min: 1.1459155902616465e-14
  num_samples: 2095
  rmse: 15.071041102200317
  std: 6.111601074679907
scale:
  max: 62387.28410569
  mean: 421.9884053897861
  median: 10.480668881719302
  min: 0.0028509995583458903
  num_samples: 2095
  rmse: 3909.9710383479564
  std: 3887.13253008389
trans:
  max: 453.9487912496845
  mean: 234.78769284346973
  median: 232.3586703248977
  min: 0.0
  num_samples: 2095
  rmse: 272.7677000383015
  std: 138.84148325851794
