rot:
  max: 15.071041102200317
  mean: 15.071041102200317
  median: 15.071041102200317
  min: 15.071041102200317
  num_samples: 1
  rmse: 15.071041102200317
  std: 0.0
scale:
  max: 3909.9710383479564
  mean: 3909.9710383479564
  median: 3909.9710383479564
  min: 3909.9710383479564
  num_samples: 1
  rmse: 3909.9710383479564
  std: 0.0
trans:
  max: 272.7677000383015
  mean: 272.7677000383015
  median: 272.7677000383015
  min: 272.7677000383015
  num_samples: 1
  rmse: 272.7677000383015
  std: 0.0
