rot:
  max: 9.274359979986567
  mean: 5.305000380872616
  median: 5.776905365381137
  min: 0.0006785081735415092
  num_samples: 535
  rmse: 6.1040185520249155
  std: 3.019273661397019
scale:
  max: 3152900.0099882293
  mean: 13556.52293518221
  median: 7.783594175209096
  min: 0.0005629016366914819
  num_samples: 535
  rmse: 192944.87069267972
  std: 192468.03322246205
trans:
  max: 24.234912895865502
  mean: 9.337079942248613
  median: 11.3041034420495
  min: 3.8474106316268337e-08
  num_samples: 535
  rmse: 11.748342684257379
  std: 7.13039227383757
