rot:
  max: 6.1040185520249155
  mean: 6.1040185520249155
  median: 6.1040185520249155
  min: 6.1040185520249155
  num_samples: 1
  rmse: 6.1040185520249155
  std: 0.0
scale:
  max: 192944.87069267972
  mean: 192944.87069267972
  median: 192944.87069267972
  min: 192944.87069267972
  num_samples: 1
  rmse: 192944.87069267972
  std: 0.0
trans:
  max: 11.748342684257379
  mean: 11.748342684257379
  median: 11.748342684257379
  min: 11.748342684257379
  num_samples: 1
  rmse: 11.748342684257379
  std: 0.0
