rot:
  max: 38.10108608517791
  mean: 20.63464542624429
  median: 17.112385001509345
  min: 0.0046776076396276445
  num_samples: 1116
  rmse: 23.740631566311542
  std: 11.740059424914499
scale:
  max: 167.26516409093057
  mean: 10.835722257906811
  median: 5.028708036837781
  min: 0.0021990698684692944
  num_samples: 1116
  rmse: 22.974806307629663
  std: 20.259043610758198
trans:
  max: 419.7989952522569
  mean: 185.00267782888824
  median: 192.4468521675593
  min: 2.6361180933244528e-08
  num_samples: 1116
  rmse: 225.82574099257226
  std: 129.50395550323898
