rot:
  max: 23.740631566311542
  mean: 23.740631566311542
  median: 23.740631566311542
  min: 23.740631566311542
  num_samples: 1
  rmse: 23.740631566311542
  std: 0.0
scale:
  max: 22.974806307629663
  mean: 22.974806307629663
  median: 22.974806307629663
  min: 22.974806307629663
  num_samples: 1
  rmse: 22.974806307629663
  std: 0.0
trans:
  max: 225.82574099257226
  mean: 225.82574099257226
  median: 225.82574099257226
  min: 225.82574099257226
  num_samples: 1
  rmse: 225.82574099257226
  std: 0.0
