rot:
  max: 10.173318679828858
  mean: 2.291878894566772
  median: 2.059815056018525
  min: 0.0
  num_samples: 792
  rmse: 2.5524633589569223
  std: 1.1235480993073004
scale:
  max: 1937.618211938197
  mean: 40.79339436709247
  median: 3.641794042396823
  min: 0.007117226362574058
  num_samples: 792
  rmse: 165.23393650235786
  std: 160.1191829484403
trans:
  max: 14.144002185425625
  mean: 8.017504874278316
  median: 6.254047908111709
  min: 0.0
  num_samples: 792
  rmse: 9.304100680318914
  std: 4.720794960643213
