rot:
  max: 2.5524633589569223
  mean: 2.5524633589569223
  median: 2.5524633589569223
  min: 2.5524633589569223
  num_samples: 1
  rmse: 2.5524633589569223
  std: 0.0
scale:
  max: 165.23393650235786
  mean: 165.23393650235786
  median: 165.23393650235786
  min: 165.23393650235786
  num_samples: 1
  rmse: 165.23393650235786
  std: 0.0
trans:
  max: 9.304100680318914
  mean: 9.304100680318914
  median: 9.304100680318914
  min: 9.304100680318914
  num_samples: 1
  rmse: 9.304100680318914
  std: 0.0
