rot:
  max: 31.364664250904433
  mean: 17.862344268516946
  median: 16.718348885663026
  min: 0.0
  num_samples: 2686
  rmse: 19.763034565854046
  std: 8.456606440181629
scale:
  max: 172469.89805977224
  mean: 589.9068344221789
  median: 9.412566648533682
  min: 0.09713196973487603
  num_samples: 2686
  rmse: 4895.333394496495
  std: 4859.660375990753
trans:
  max: 446.7909004182793
  mean: 272.6890479230783
  median: 335.9167960358666
  min: 0.0
  num_samples: 2686
  rmse: 304.99742345733443
  std: 136.61665878807636
