rot:
  max: 19.763034565854046
  mean: 19.763034565854046
  median: 19.763034565854046
  min: 19.763034565854046
  num_samples: 1
  rmse: 19.763034565854046
  std: 0.0
scale:
  max: 4895.333394496495
  mean: 4895.333394496495
  median: 4895.333394496495
  min: 4895.333394496495
  num_samples: 1
  rmse: 4895.333394496495
  std: 0.0
trans:
  max: 304.99742345733443
  mean: 304.99742345733443
  median: 304.99742345733443
  min: 304.99742345733443
  num_samples: 1
  rmse: 304.99742345733443
  std: 0.0
