rot:
  max: 3.719748347093709
  mean: 1.4565814524886576
  median: 0.8281891308993489
  min: 5.109599479759417e-05
  num_samples: 1330
  rmse: 1.9290214308021625
  std: 1.264711094582496
scale:
  max: 2176276.0445006993
  mean: 2827.3053826709756
  median: 2.061100264089788
  min: 0.009191553339182867
  num_samples: 1330
  rmse: 68765.48804321884
  std: 68707.34087486715
trans:
  max: 46.781473832057515
  mean: 16.420495463020373
  median: 14.159288447670246
  min: 0.0
  num_samples: 1330
  rmse: 20.30858290203957
  std: 11.950140929626787
