rot:
  max: 1.9290214308021625
  mean: 1.9290214308021625
  median: 1.9290214308021625
  min: 1.9290214308021625
  num_samples: 1
  rmse: 1.9290214308021625
  std: 0.0
scale:
  max: 68765.48804321884
  mean: 68765.48804321884
  median: 68765.48804321884
  min: 68765.48804321884
  num_samples: 1
  rmse: 68765.48804321884
  std: 0.0
trans:
  max: 20.30858290203957
  mean: 20.30858290203957
  median: 20.30858290203957
  min: 20.30858290203957
  num_samples: 1
  rmse: 20.30858290203957
  std: 0.0
