rot:
  max: 4.971474277326056
  mean: 1.7197736887155366
  median: 1.1872562647097709
  min: 0.0004746431245258161
  num_samples: 1101
  rmse: 2.2149621529150223
  std: 1.3958638180165386
scale:
  max: 13823.080277924504
  mean: 36.16332005322825
  median: 2.0215175846032496
  min: 0.0037336952834809978
  num_samples: 1101
  rmse: 604.3743922540601
  std: 603.2914886646358
trans:
  max: 55.80782570935045
  mean: 22.388853111263835
  median: 20.341960442071237
  min: 0.0
  num_samples: 1101
  rmse: 27.58233882283009
  std: 16.109769436576418
