rot:
  max: 2.2149621529150223
  mean: 2.2149621529150223
  median: 2.2149621529150223
  min: 2.2149621529150223
  num_samples: 1
  rmse: 2.2149621529150223
  std: 0.0
scale:
  max: 604.3743922540601
  mean: 604.3743922540601
  median: 604.3743922540601
  min: 604.3743922540601
  num_samples: 1
  rmse: 604.3743922540601
  std: 0.0
trans:
  max: 27.58233882283009
  mean: 27.58233882283009
  median: 27.58233882283009
  min: 27.58233882283009
  num_samples: 1
  rmse: 27.58233882283009
  std: 0.0
