rot:
  max: 21.267163902815145
  mean: 10.485871977866212
  median: 8.474398777888656
  min: 0.0007801794054116189
  num_samples: 1101
  rmse: 12.3601531637004
  std: 6.543689715591129
scale:
  max: 1075.418366396347
  mean: 7.613723710102394
  median: 4.2260582375099665
  min: 0.025420114720731135
  num_samples: 1101
  rmse: 43.105764947483515
  std: 42.42803534190482
trans:
  max: 231.5362741817387
  mean: 94.82344103044751
  median: 90.79520719483877
  min: 1.2476799491734092e-08
  num_samples: 1101
  rmse: 117.62033394645279
  std: 69.5920828027177
