rot:
  max: 12.3601531637004
  mean: 12.3601531637004
  median: 12.3601531637004
  min: 12.3601531637004
  num_samples: 1
  rmse: 12.3601531637004
  std: 0.0
scale:
  max: 43.105764947483515
  mean: 43.105764947483515
  median: 43.105764947483515
  min: 43.105764947483515
  num_samples: 1
  rmse: 43.105764947483515
  std: 0.0
trans:
  max: 117.62033394645279
  mean: 117.62033394645279
  median: 117.62033394645279
  min: 117.62033394645279
  num_samples: 1
  rmse: 117.62033394645279
  std: 0.0
