rot:
  max: 2.78812386578796
  mean: 0.37929142104204006
  median: 0.24921252491764687
  min: 0.0
  num_samples: 792
  rmse: 0.6714281242820241
  std: 0.554034063935411
scale:
  max: 95106.50138279112
  mean: 226.3650612159101
  median: 0.8612205233207382
  min: 0.00776636196909708
  num_samples: 792
  rmse: 3825.816541102942
  std: 3819.1139110057447
trans:
  max: 4.501805061530422
  mean: 2.137823532048099
  median: 2.000380214669585
  min: 0.0
  num_samples: 792
  rmse: 2.3779998877505073
  std: 1.0414384340722291
