rot:
  max: 0.6714281242820241
  mean: 0.6714281242820241
  median: 0.6714281242820241
  min: 0.6714281242820241
  num_samples: 1
  rmse: 0.6714281242820241
  std: 0.0
scale:
  max: 3825.816541102942
  mean: 3825.816541102942
  median: 3825.816541102942
  min: 3825.816541102942
  num_samples: 1
  rmse: 3825.816541102942
  std: 0.0
trans:
  max: 2.3779998877505073
  mean: 2.3779998877505073
  median: 2.3779998877505073
  min: 2.3779998877505073
  num_samples: 1
  rmse: 2.3779998877505073
  std: 0.0
