rot:
  max: 13.42357400807771
  mean: 3.196783433907492
  median: 3.438166079637039
  min: 0.0006741862031264913
  num_samples: 1330
  rmse: 3.70258267627343
  std: 1.8680723089149243
scale:
  max: 11831921.24850328
  mean: 17074.874998674404
  median: 1.2895894864558888
  min: 0.008660029156226656
  num_samples: 1330
  rmse: 399288.30920619384
  std: 398923.0533731045
trans:
  max: 39.75050511274062
  mean: 13.075912357411852
  median: 12.977378979988945
  min: 0.0
  num_samples: 1330
  rmse: 14.419200167635914
  std: 6.0773225597820195
