rot:
  max: 3.70258267627343
  mean: 3.70258267627343
  median: 3.70258267627343
  min: 3.70258267627343
  num_samples: 1
  rmse: 3.70258267627343
  std: 0.0
scale:
  max: 399288.30920619384
  mean: 399288.30920619384
  median: 399288.30920619384
  min: 399288.30920619384
  num_samples: 1
  rmse: 399288.30920619384
  std: 0.0
trans:
  max: 14.419200167635914
  mean: 14.419200167635914
  median: 14.419200167635914
  min: 14.419200167635914
  num_samples: 1
  rmse: 14.419200167635914
  std: 0.0
