rot:
  max: 175.70263055211413
  mean: 9.951580430124743
  median: 7.302093348214457
  min: 0.03371887288229111
  num_samples: 2592
  rmse: 18.917744277440047
  std: 16.088725726090736
scale:
  max: 1227981.1363360449
  mean: 587.4482061214226
  median: 5.802987685715966
  min: 0.08303627630275034
  num_samples: 2592
  rmse: 24123.52284526135
  std: 24116.369110439722
trans:
  max: 287.0906952360005
  mean: 193.37021279835795
  median: 221.1138978130173
  min: 0.001228081136336045
  num_samples: 2592
  rmse: 208.24654860753682
  std: 77.29544494515159
