rot:
  max: 18.917744277440047
  mean: 18.917744277440047
  median: 18.917744277440047
  min: 18.917744277440047
  num_samples: 1
  rmse: 18.917744277440047
  std: 0.0
scale:
  max: 24123.52284526135
  mean: 24123.52284526135
  median: 24123.52284526135
  min: 24123.52284526135
  num_samples: 1
  rmse: 24123.52284526135
  std: 0.0
trans:
  max: 208.24654860753682
  mean: 208.24654860753682
  median: 208.24654860753682
  min: 208.24654860753682
  num_samples: 1
  rmse: 208.24654860753682
  std: 0.0
