rot:
  max: 10.412243894856
  mean: 5.784831572144633
  median: 5.037945236783038
  min: 0.0
  num_samples: 792
  rmse: 6.583283042508469
  std: 3.1425052584996926
scale:
  max: 80473.5457920929
  mean: 228.1250683319417
  median: 6.363078589428506
  min: 0.0036390616520609598
  num_samples: 792
  rmse: 3212.3902769231167
  std: 3204.2799884636684
trans:
  max: 25.212688934276244
  mean: 14.11494002613192
  median: 14.729331729615115
  min: 0.0
  num_samples: 792
  rmse: 15.948351947398178
  std: 7.424176580387772
