rot:
  max: 6.583283042508469
  mean: 6.583283042508469
  median: 6.583283042508469
  min: 6.583283042508469
  num_samples: 1
  rmse: 6.583283042508469
  std: 0.0
scale:
  max: 3212.3902769231167
  mean: 3212.3902769231167
  median: 3212.3902769231167
  min: 3212.3902769231167
  num_samples: 1
  rmse: 3212.3902769231167
  std: 0.0
trans:
  max: 15.948351947398178
  mean: 15.948351947398178
  median: 15.948351947398178
  min: 15.948351947398178
  num_samples: 1
  rmse: 15.948351947398178
  std: 0.0
