rot:
  max: 18.716941502183616
  mean: 9.115865996466855
  median: 7.07394038742598
  min: 0.00042243057245074247
  num_samples: 1330
  rmse: 11.430619059658794
  std: 6.896378703456928
scale:
  max: 23085730.07557089
  mean: 28536.301634830947
  median: 6.037280663874789
  min: 0.06388129146557286
  num_samples: 1330
  rmse: 711844.8968511694
  std: 711272.6879770219
trans:
  max: 273.2288345964898
  mean: 87.31761638558659
  median: 68.25755531055205
  min: 9.678172040897828e-08
  num_samples: 1330
  rmse: 117.85425928424185
  std: 79.15339727501812
