rot:
  max: 11.430619059658794
  mean: 11.430619059658794
  median: 11.430619059658794
  min: 11.430619059658794
  num_samples: 1
  rmse: 11.430619059658794
  std: 0.0
scale:
  max: 711844.8968511694
  mean: 711844.8968511694
  median: 711844.8968511694
  min: 711844.8968511694
  num_samples: 1
  rmse: 711844.8968511694
  std: 0.0
trans:
  max: 117.85425928424185
  mean: 117.85425928424185
  median: 117.85425928424185
  min: 117.85425928424185
  num_samples: 1
  rmse: 117.85425928424185
  std: 0.0
