rot:
  max: 14.11530688770245
  mean: 3.6364091672663164
  median: 3.6188590572873602
  min: 0.0006741862031264913
  num_samples: 1330
  rmse: 4.132542928686236
  std: 1.96327263151507
scale:
  max: 11823396.453366015
  mean: 17082.255726221836
  median: 1.7425553837460916
  min: 0.0008242373930267277
  num_samples: 1330
  rmse: 399061.36745180754
  std: 398695.5875499634
trans:
  max: 102.39202269972247
  mean: 45.642566510443345
  median: 44.994952361680234
  min: 0.0
  num_samples: 1330
  rmse: 57.112238862478755
  std: 34.33021919860962
