rot:
  max: 4.132542928686236
  mean: 4.132542928686236
  median: 4.132542928686236
  min: 4.132542928686236
  num_samples: 1
  rmse: 4.132542928686236
  std: 0.0
scale:
  max: 399061.36745180754
  mean: 399061.36745180754
  median: 399061.36745180754
  min: 399061.36745180754
  num_samples: 1
  rmse: 399061.36745180754
  std: 0.0
trans:
  max: 57.112238862478755
  mean: 57.112238862478755
  median: 57.112238862478755
  min: 57.112238862478755
  num_samples: 1
  rmse: 57.112238862478755
  std: 0.0
