rot:
  max: 9.170081091112838
  mean: 1.6899898853677047
  median: 1.3411650817444978
  min: 0.0
  num_samples: 792
  rmse: 2.4009393451292413
  std: 1.7054160566690117
scale:
  max: 95045.45683651343
  mean: 236.0848908009195
  median: 2.7139843867739044
  min: 0.023750957670443107
  num_samples: 792
  rmse: 3824.323890257479
  std: 3817.029884862001
trans:
  max: 11.454213401918878
  mean: 6.8567637009762805
  median: 8.240676836224154
  min: 0.0
  num_samples: 792
  rmse: 7.5724885893566025
  std: 3.213623342103118
