rot:
  max: 2.4009393451292413
  mean: 2.4009393451292413
  median: 2.4009393451292413
  min: 2.4009393451292413
  num_samples: 1
  rmse: 2.4009393451292413
  std: 0.0
scale:
  max: 3824.323890257479
  mean: 3824.323890257479
  median: 3824.323890257479
  min: 3824.323890257479
  num_samples: 1
  rmse: 3824.323890257479
  std: 0.0
trans:
  max: 7.5724885893566025
  mean: 7.5724885893566025
  median: 7.5724885893566025
  min: 7.5724885893566025
  num_samples: 1
  rmse: 7.5724885893566025
  std: 0.0
