rot:
  max: 35.649502522720525
  mean: 18.984327569562385
  median: 18.03034210334998
  min: 0.0
  num_samples: 2686
  rmse: 21.54639541246686
  std: 10.190312164105993
scale:
  max: 205604.74597101987
  mean: 650.8885522066
  median: 9.813872533217838
  min: 0.09543251873259662
  num_samples: 2686
  rmse: 5596.357855991679
  std: 5558.3779418933145
trans:
  max: 462.56975632202887
  mean: 276.14949566205684
  median: 329.0846742140501
  min: 0.0
  num_samples: 2686
  rmse: 310.32811620935814
  std: 141.58035088118885
