rot:
  max: 21.54639541246686
  mean: 21.54639541246686
  median: 21.54639541246686
  min: 21.54639541246686
  num_samples: 1
  rmse: 21.54639541246686
  std: 0.0
scale:
  max: 5596.357855991679
  mean: 5596.357855991679
  median: 5596.357855991679
  min: 5596.357855991679
  num_samples: 1
  rmse: 5596.357855991679
  std: 0.0
trans:
  max: 310.32811620935814
  mean: 310.32811620935814
  median: 310.32811620935814
  min: 310.32811620935814
  num_samples: 1
  rmse: 310.32811620935814
  std: 0.0
