rot:
  max: 97.97306947583682
  mean: 51.47270849725107
  median: 71.52158390959494
  min: 0.0
  num_samples: 772
  rmse: 65.48367663638673
  std: 40.48051612536429
scale:
  max: 353251.93203223083
  mean: 5718.430974237787
  median: 807.3509788964002
  min: 0.07895757659655
  num_samples: 772
  rmse: 24570.37423329714
  std: 23895.665656289006
trans:
  max: 413.22608526134655
  mean: 213.34047134402843
  median: 331.0943906289275
  min: 0.0
  num_samples: 772
  rmse: 272.29767506365215
  std: 169.20953617269356
