rot:
  max: 65.48367663638673
  mean: 65.48367663638673
  median: 65.48367663638673
  min: 65.48367663638673
  num_samples: 1
  rmse: 65.48367663638673
  std: 0.0
scale:
  max: 24570.37423329714
  mean: 24570.37423329714
  median: 24570.37423329714
  min: 24570.37423329714
  num_samples: 1
  rmse: 24570.37423329714
  std: 0.0
trans:
  max: 272.29767506365215
  mean: 272.29767506365215
  median: 272.29767506365215
  min: 272.29767506365215
  num_samples: 1
  rmse: 272.29767506365215
  std: 0.0
