rot:
  max: 28.84671706257476
  mean: 17.359253817893304
  median: 17.183449700573856
  min: 0.0
  num_samples: 2686
  rmse: 19.230026768763782
  std: 8.273465804203727
scale:
  max: 161726.83803913085
  mean: 512.3654784092602
  median: 9.076421971075376
  min: 0.10101464565109852
  num_samples: 2686
  rmse: 4398.427015438742
  std: 4368.482783149753
trans:
  max: 438.47712433136013
  mean: 259.1596185056331
  median: 312.31253932467877
  min: 0.0
  num_samples: 2686
  rmse: 288.58733265488485
  std: 126.96039029900574
