rot:
  max: 19.230026768763782
  mean: 19.230026768763782
  median: 19.230026768763782
  min: 19.230026768763782
  num_samples: 1
  rmse: 19.230026768763782
  std: 0.0
scale:
  max: 4398.427015438742
  mean: 4398.427015438742
  median: 4398.427015438742
  min: 4398.427015438742
  num_samples: 1
  rmse: 4398.427015438742
  std: 0.0
trans:
  max: 288.58733265488485
  mean: 288.58733265488485
  median: 288.58733265488485
  min: 288.58733265488485
  num_samples: 1
  rmse: 288.58733265488485
  std: 0.0
