rot:
  max: 37.38968870568384
  mean: 19.428377118976947
  median: 23.60970195670555
  min: 0.0
  num_samples: 772
  rmse: 23.875118814603265
  std: 13.876579583392866
scale:
  max: 80875.61632784507
  mean: 1362.6969175740246
  median: 153.24802514336483
  min: 0.04493881978684389
  num_samples: 772
  rmse: 5795.574899012166
  std: 5633.093778812326
trans:
  max: 98.87009409565768
  mean: 47.646855889128844
  median: 64.19702860743224
  min: 0.0
  num_samples: 772
  rmse: 58.11035323012952
  std: 33.265451694077626
