rot:
  max: 23.875118814603265
  mean: 23.875118814603265
  median: 23.875118814603265
  min: 23.875118814603265
  num_samples: 1
  rmse: 23.875118814603265
  std: 0.0
scale:
  max: 5795.574899012166
  mean: 5795.574899012166
  median: 5795.574899012166
  min: 5795.574899012166
  num_samples: 1
  rmse: 5795.574899012166
  std: 0.0
trans:
  max: 58.11035323012952
  mean: 58.11035323012952
  median: 58.11035323012952
  min: 58.11035323012952
  num_samples: 1
  rmse: 58.11035323012952
  std: 0.0
