rot:
  max: 19.79458982778194
  mean: 9.552444964621715
  median: 7.153862416078841
  min: 0.0007801794054116189
  num_samples: 1101
  rmse: 11.400972046327526
  std: 6.223580866271029
scale:
  max: 1075.4229903930348
  mean: 7.02979800766363
  median: 3.425944120169855
  min: 0.0018352725029924244
  num_samples: 1101
  rmse: 43.031315926724396
  std: 42.45322237895509
trans:
  max: 209.57129063321267
  mean: 85.4256420523432
  median: 80.8204134188418
  min: 1.2476799491734092e-08
  num_samples: 1101
  rmse: 106.0098518054659
  std: 62.773787202635575
