rot:
  max: 11.400972046327526
  mean: 11.400972046327526
  median: 11.400972046327526
  min: 11.400972046327526
  num_samples: 1
  rmse: 11.400972046327526
  std: 0.0
scale:
  max: 43.031315926724396
  mean: 43.031315926724396
  median: 43.031315926724396
  min: 43.031315926724396
  num_samples: 1
  rmse: 43.031315926724396
  std: 0.0
trans:
  max: 106.0098518054659
  mean: 106.0098518054659
  median: 106.0098518054659
  min: 106.0098518054659
  num_samples: 1
  rmse: 106.0098518054659
  std: 0.0
