rot:
  max: 4.617696859460493
  mean: 3.091106193071383
  median: 3.4487256031548377
  min: 0.00014039785329892146
  num_samples: 772
  rmse: 3.273959862341559
  std: 1.078830701907999
scale:
  max: 82179.4422051431
  mean: 731.6570107288873
  median: 60.6838659860259
  min: 0.00884889265023725
  num_samples: 772
  rmse: 5388.842126169912
  std: 5338.9416066702515
trans:
  max: 30.470129307024305
  mean: 19.83418239932378
  median: 25.985040994481736
  min: 0.0
  num_samples: 772
  rmse: 22.637407149311365
  std: 10.911343225929981
