rot:
  max: 3.273959862341559
  mean: 3.273959862341559
  median: 3.273959862341559
  min: 3.273959862341559
  num_samples: 1
  rmse: 3.273959862341559
  std: 0.0
scale:
  max: 5388.842126169912
  mean: 5388.842126169912
  median: 5388.842126169912
  min: 5388.842126169912
  num_samples: 1
  rmse: 5388.842126169912
  std: 0.0
trans:
  max: 22.637407149311365
  mean: 22.637407149311365
  median: 22.637407149311365
  min: 22.637407149311365
  num_samples: 1
  rmse: 22.637407149311365
  std: 0.0
