rot:
  max: 40.38066620984274
  mean: 23.257846174514775
  median: 34.57070203123075
  min: 0.002037169356248867
  num_samples: 772
  rmse: 28.470124823151828
  std: 16.420127854814478
scale:
  max: 142663.52795128847
  mean: 3671.4610273172257
  median: 592.2231650506999
  min: 0.27713847187949003
  num_samples: 772
  rmse: 14547.408287403914
  std: 14076.486131322647
trans:
  max: 276.3503202180459
  mean: 154.61623250202297
  median: 242.2841173734625
  min: 0.0
  num_samples: 772
  rmse: 194.02211266085436
  std: 117.21092461140996
