rot:
  max: 28.470124823151828
  mean: 28.470124823151828
  median: 28.470124823151828
  min: 28.470124823151828
  num_samples: 1
  rmse: 28.470124823151828
  std: 0.0
scale:
  max: 14547.408287403914
  mean: 14547.408287403914
  median: 14547.408287403914
  min: 14547.408287403914
  num_samples: 1
  rmse: 14547.408287403914
  std: 0.0
trans:
  max: 194.02211266085436
  mean: 194.02211266085436
  median: 194.02211266085436
  min: 194.02211266085436
  num_samples: 1
  rmse: 194.02211266085436
  std: 0.0
