rot:
  max: 11.113722705504157
  mean: 6.117060368915821
  median: 5.286448531428688
  min: 0.0
  num_samples: 792
  rmse: 7.049756315854074
  std: 3.504373917829524
scale:
  max: 80473.5457920929
  mean: 254.70501724498126
  median: 6.2637851967676905
  min: 0.007261185964191341
  num_samples: 792
  rmse: 3220.3898560496373
  std: 3210.301571369525
trans:
  max: 32.2344332045989
  mean: 15.910555019683466
  median: 16.103943757051987
  min: 0.0
  num_samples: 792
  rmse: 18.171742152980265
  std: 8.778750015806638
