rot:
  max: 7.049756315854074
  mean: 7.049756315854074
  median: 7.049756315854074
  min: 7.049756315854074
  num_samples: 1
  rmse: 7.049756315854074
  std: 0.0
scale:
  max: 3220.3898560496373
  mean: 3220.3898560496373
  median: 3220.3898560496373
  min: 3220.3898560496373
  num_samples: 1
  rmse: 3220.3898560496373
  std: 0.0
trans:
  max: 18.171742152980265
  mean: 18.171742152980265
  median: 18.171742152980265
  min: 18.171742152980265
  num_samples: 1
  rmse: 18.171742152980265
  std: 0.0
