rot:
  max: 4.54317599414562
  mean: 4.54317599414562
  median: 4.54317599414562
  min: 4.54317599414562
  num_samples: 1
  rmse: 4.54317599414562
  std: 0.0
scale:
  max: 200.98603123986913
  mean: 200.98603123986913
  median: 200.98603123986913
  min: 200.98603123986913
  num_samples: 1
  rmse: 200.98603123986913
  std: 0.0
trans:
  max: 11.283752228568048
  mean: 11.283752228568048
  median: 11.283752228568048
  min: 11.283752228568048
  num_samples: 1
  rmse: 11.283752228568048
  std: 0.0
