rot:
  max: 24.19340185979457
  mean: 24.19340185979457
  median: 24.19340185979457
  min: 24.19340185979457
  num_samples: 1
  rmse: 24.19340185979457
  std: 0.0
scale:
  max: 24121.266977888878
  mean: 24121.266977888878
  median: 24121.266977888878
  min: 24121.266977888878
  num_samples: 1
  rmse: 24121.266977888878
  std: 0.0
trans:
  max: 161.37431992807268
  mean: 161.37431992807268
  median: 161.37431992807268
  min: 161.37431992807268
  num_samples: 1
  rmse: 161.37431992807268
  std: 0.0
