rot:
  max: 15.029844145149632
  mean: 6.746350558149933
  median: 6.233514025820509
  min: 0.0016653275185080497
  num_samples: 1101
  rmse: 7.210428315455971
  std: 2.5450011078345938
scale:
  max: 288.19372804930293
  mean: 5.668109036406227
  median: 2.833287112674232
  min: 0.0028137962297947183
  num_samples: 1101
  rmse: 24.08821374441854
  std: 23.41184702983095
trans:
  max: 178.14477395904856
  mean: 71.11894591251786
  median: 50.49166561818681
  min: 9.29184417226616e-08
  num_samples: 1101
  rmse: 90.04262982336418
  std: 55.2247292234172
