rot:
  max: 7.210428315455971
  mean: 7.210428315455971
  median: 7.210428315455971
  min: 7.210428315455971
  num_samples: 1
  rmse: 7.210428315455971
  std: 0.0
scale:
  max: 24.08821374441854
  mean: 24.08821374441854
  median: 24.08821374441854
  min: 24.08821374441854
  num_samples: 1
  rmse: 24.08821374441854
  std: 0.0
trans:
  max: 90.04262982336418
  mean: 90.04262982336418
  median: 90.04262982336418
  min: 90.04262982336418
  num_samples: 1
  rmse: 90.04262982336418
  std: 0.0
