rot:
  max: 32.67633796235778
  mean: 16.735303759329007
  median: 14.031297901942484
  min: 0.00212969360678017
  num_samples: 1330
  rmse: 19.922516026276636
  std: 10.809081963804228
scale:
  max: 24519810.477114342
  mean: 30722.379109181118
  median: 7.337075060384812
  min: 0.009623065820851817
  num_samples: 1330
  rmse: 762003.5890755984
  std: 761384.0063896569
trans:
  max: 475.59823616502194
  mean: 156.46215086620208
  median: 147.92302203507083
  min: 9.938361130639345e-08
  num_samples: 1330
  rmse: 207.78274955057574
  std: 136.72332045821264
