rot:
  max: 19.922516026276636
  mean: 19.922516026276636
  median: 19.922516026276636
  min: 19.922516026276636
  num_samples: 1
  rmse: 19.922516026276636
  std: 0.0
scale:
  max: 762003.5890755984
  mean: 762003.5890755984
  median: 762003.5890755984
  min: 762003.5890755984
  num_samples: 1
  rmse: 762003.5890755984
  std: 0.0
trans:
  max: 207.78274955057574
  mean: 207.78274955057574
  median: 207.78274955057574
  min: 207.78274955057574
  num_samples: 1
  rmse: 207.78274955057574
  std: 0.0
