rot:
  max: 12.951680373597371
  mean: 7.108206247842463
  median: 8.45182848550998
  min: 0.0006785081735415092
  num_samples: 535
  rmse: 8.508889336074416
  std: 4.677029150186503
scale:
  max: 3152900.0099882293
  mean: 13699.830372552835
  median: 10.910458471186658
  min: 0.0008069034141189313
  num_samples: 535
  rmse: 192946.63665001586
  std: 192459.65614205098
trans:
  max: 46.80352756313832
  mean: 19.539217282263493
  median: 17.23369773569331
  min: 3.8474106316268337e-08
  num_samples: 535
  rmse: 25.74234600236755
  std: 16.75969467806929
