rot:
  max: 8.508889336074416
  mean: 8.508889336074416
  median: 8.508889336074416
  min: 8.508889336074416
  num_samples: 1
  rmse: 8.508889336074416
  std: 0.0
scale:
  max: 192946.63665001586
  mean: 192946.63665001586
  median: 192946.63665001586
  min: 192946.63665001586
  num_samples: 1
  rmse: 192946.63665001586
  std: 0.0
trans:
  max: 25.74234600236755
  mean: 25.74234600236755
  median: 25.74234600236755
  min: 25.74234600236755
  num_samples: 1
  rmse: 25.74234600236755
  std: 0.0
