rot:
  max: 113.7344113894291
  mean: 54.96403361230063
  median: 101.67525560757672
  min: 0.0006785081735415092
  num_samples: 535
  rmse: 74.9032182664606
  std: 50.88661037776955
scale:
  max: 3152900.0099882293
  mean: 17306.431749564308
  median: 91.30183014834121
  min: 0.02345169319909468
  num_samples: 535
  rmse: 193476.29554006437
  std: 192700.71187207385
trans:
  max: 670.4334889876188
  mean: 289.5322286671097
  median: 266.0249832496707
  min: 3.8474106316268337e-08
  num_samples: 535
  rmse: 408.0153813632384
  std: 287.4850256831569
