rot:
  max: 74.9032182664606
  mean: 74.9032182664606
  median: 74.9032182664606
  min: 74.9032182664606
  num_samples: 1
  rmse: 74.9032182664606
  std: 0.0
scale:
  max: 193476.29554006437
  mean: 193476.29554006437
  median: 193476.29554006437
  min: 193476.29554006437
  num_samples: 1
  rmse: 193476.29554006437
  std: 0.0
trans:
  max: 408.0153813632384
  mean: 408.0153813632384
  median: 408.0153813632384
  min: 408.0153813632384
  num_samples: 1
  rmse: 408.0153813632384
  std: 0.0
