rot:
  max: 19.420889161102014
  mean: 10.401824813470352
  median: 8.60067691391542
  min: 0.0016653275185080497
  num_samples: 1101
  rmse: 11.574732127431322
  std: 5.077052724924505
scale:
  max: 181.431951144993
  mean: 5.346429664758442
  median: 3.410884751999843
  min: 0.01669786897875447
  num_samples: 1101
  rmse: 14.28373726365743
  std: 13.245408263129786
trans:
  max: 227.2942438764426
  mean: 95.5280585367446
  median: 88.84082405308303
  min: 9.29184417226616e-08
  num_samples: 1101
  rmse: 117.17096710847152
  std: 67.84854873418304
