rot:
  max: 11.574732127431322
  mean: 11.574732127431322
  median: 11.574732127431322
  min: 11.574732127431322
  num_samples: 1
  rmse: 11.574732127431322
  std: 0.0
scale:
  max: 14.28373726365743
  mean: 14.28373726365743
  median: 14.28373726365743
  min: 14.28373726365743
  num_samples: 1
  rmse: 14.28373726365743
  std: 0.0
trans:
  max: 117.17096710847152
  mean: 117.17096710847152
  median: 117.17096710847152
  min: 117.17096710847152
  num_samples: 1
  rmse: 117.17096710847152
  std: 0.0
