rot:
  max: 23.971635033843665
  mean: 13.948373232456188
  median: 13.299492051566693
  min: 0.0
  num_samples: 2667
  rmse: 15.556157079800597
  std: 6.887445626611505
scale:
  max: 2452859.4955019113
  mean: 1500.1709494155991
  median: 7.38906702169031
  min: 0.061385403467539845
  num_samples: 2667
  rmse: 48583.32286486972
  std: 48560.15596880537
trans:
  max: 350.9130994173893
  mean: 205.8830966733393
  median: 242.34150430824116
  min: 0.0
  num_samples: 2667
  rmse: 228.482506642045
  std: 99.07777927279433
