rot:
  max: 15.556157079800597
  mean: 15.556157079800597
  median: 15.556157079800597
  min: 15.556157079800597
  num_samples: 1
  rmse: 15.556157079800597
  std: 0.0
scale:
  max: 48583.32286486972
  mean: 48583.32286486972
  median: 48583.32286486972
  min: 48583.32286486972
  num_samples: 1
  rmse: 48583.32286486972
  std: 0.0
trans:
  max: 228.482506642045
  mean: 228.482506642045
  median: 228.482506642045
  min: 228.482506642045
  num_samples: 1
  rmse: 228.482506642045
  std: 0.0
