rot:
  max: 8.395410679171663
  mean: 3.8867845160207395
  median: 3.3938226540274563
  min: 0.00016122290739021877
  num_samples: 2095
  rmse: 4.258484977729434
  std: 1.7400001240139833
scale:
  max: 21923.82919798714
  mean: 149.19500284321452
  median: 1.9046958765712052
  min: 0.0004186001726802502
  num_samples: 2095
  rmse: 1404.8168787350749
  std: 1396.8719747727673
trans:
  max: 82.96902068533029
  mean: 52.11559709258966
  median: 53.58686088701983
  min: 0.0
  num_samples: 2095
  rmse: 58.0479036194171
  std: 25.56410871303746
