rot:
  max: 4.258484977729434
  mean: 4.258484977729434
  median: 4.258484977729434
  min: 4.258484977729434
  num_samples: 1
  rmse: 4.258484977729434
  std: 0.0
scale:
  max: 1404.8168787350749
  mean: 1404.8168787350749
  median: 1404.8168787350749
  min: 1404.8168787350749
  num_samples: 1
  rmse: 1404.8168787350749
  std: 0.0
trans:
  max: 58.0479036194171
  mean: 58.0479036194171
  median: 58.0479036194171
  min: 58.0479036194171
  num_samples: 1
  rmse: 58.0479036194171
  std: 0.0
