rot:
  max: 12.858906607078723
  mean: 2.9452697919473034
  median: 2.5988201473318373
  min: 0.001030879990381007
  num_samples: 1116
  rmse: 3.4919676166504305
  std: 1.875959404778786
scale:
  max: 136.1167152294809
  mean: 4.0967461598901895
  median: 1.1284025987184476
  min: 0.03156927816982957
  num_samples: 1116
  rmse: 14.964070480106406
  std: 14.392361732357095
trans:
  max: 69.13920302645411
  mean: 38.49568751797705
  median: 44.574577513265865
  min: 0.0
  num_samples: 1116
  rmse: 45.57248108499319
  std: 24.391249963056993
