rot:
  max: 3.4919676166504305
  mean: 3.4919676166504305
  median: 3.4919676166504305
  min: 3.4919676166504305
  num_samples: 1
  rmse: 3.4919676166504305
  std: 0.0
scale:
  max: 14.964070480106406
  mean: 14.964070480106406
  median: 14.964070480106406
  min: 14.964070480106406
  num_samples: 1
  rmse: 14.964070480106406
  std: 0.0
trans:
  max: 45.57248108499319
  mean: 45.57248108499319
  median: 45.57248108499319
  min: 45.57248108499319
  num_samples: 1
  rmse: 45.57248108499319
  std: 0.0
