rot:
  max: 10.005035260610722
  mean: 4.83771871684732
  median: 4.675276219991287
  min: 0.0023198233863703107
  num_samples: 2095
  rmse: 5.043805715479161
  std: 1.4270436966559144
scale:
  max: 10926.727240481006
  mean: 69.96794153632692
  median: 1.9957403475079571
  min: 0.024628888442257413
  num_samples: 2095
  rmse: 689.8636173653623
  std: 686.3062710784394
trans:
  max: 124.93253384543658
  mean: 74.55469322990129
  median: 70.59129262221441
  min: 0.0
  num_samples: 2095
  rmse: 83.07278486155148
  std: 36.64267050924273
