rot:
  max: 5.043805715479161
  mean: 5.043805715479161
  median: 5.043805715479161
  min: 5.043805715479161
  num_samples: 1
  rmse: 5.043805715479161
  std: 0.0
scale:
  max: 689.8636173653623
  mean: 689.8636173653623
  median: 689.8636173653623
  min: 689.8636173653623
  num_samples: 1
  rmse: 689.8636173653623
  std: 0.0
trans:
  max: 83.07278486155148
  mean: 83.07278486155148
  median: 83.07278486155148
  min: 83.07278486155148
  num_samples: 1
  rmse: 83.07278486155148
  std: 0.0
