rot:
  max: 78.57802254397463
  mean: 46.472613129894064
  median: 73.66154849762081
  min: 0.002037169356248867
  num_samples: 772
  rmse: 58.350819923550276
  std: 35.286178804594165
scale:
  max: 243348.9800342014
  mean: 6252.498784719235
  median: 1014.2492036303801
  min: 0.05382447554211911
  num_samples: 772
  rmse: 24826.227844440447
  std: 24025.982767228375
trans:
  max: 483.95656685710634
  mean: 262.8335736320392
  median: 416.3009638379876
  min: 0.0
  num_samples: 772
  rmse: 333.65759959199545
  std: 205.53808974811406
