rot:
  max: 58.350819923550276
  mean: 58.350819923550276
  median: 58.350819923550276
  min: 58.350819923550276
  num_samples: 1
  rmse: 58.350819923550276
  std: 0.0
scale:
  max: 24826.227844440447
  mean: 24826.227844440447
  median: 24826.227844440447
  min: 24826.227844440447
  num_samples: 1
  rmse: 24826.227844440447
  std: 0.0
trans:
  max: 333.65759959199545
  mean: 333.65759959199545
  median: 333.65759959199545
  min: 333.65759959199545
  num_samples: 1
  rmse: 333.65759959199545
  std: 0.0
