rot:
  max: 16.55527948637395
  mean: 9.128896335463129
  median: 10.175685278402051
  min: 0.0023198233863703107
  num_samples: 2095
  rmse: 9.827024264353476
  std: 3.6378094491822788
scale:
  max: 47203.355418718136
  mean: 317.6788499986844
  median: 8.824072849056929
  min: 0.0007588403092118057
  num_samples: 2095
  rmse: 2993.470740479101
  std: 2976.566347718124
trans:
  max: 363.683050100543
  mean: 192.44628326623908
  median: 191.76211167895684
  min: 0.0
  num_samples: 2095
  rmse: 223.6426017056355
  std: 113.93173989137534
