rot:
  max: 9.827024264353476
  mean: 9.827024264353476
  median: 9.827024264353476
  min: 9.827024264353476
  num_samples: 1
  rmse: 9.827024264353476
  std: 0.0
scale:
  max: 2993.470740479101
  mean: 2993.470740479101
  median: 2993.470740479101
  min: 2993.470740479101
  num_samples: 1
  rmse: 2993.470740479101
  std: 0.0
trans:
  max: 223.6426017056355
  mean: 223.6426017056355
  median: 223.6426017056355
  min: 223.6426017056355
  num_samples: 1
  rmse: 223.6426017056355
  std: 0.0
