rot:
  max: 154.49578949595772
  mean: 74.90569008619626
  median: 140.4383862216718
  min: 0.0006785081735415092
  num_samples: 535
  rmse: 103.00407838967936
  std: 70.70344940395715
scale:
  max: 3152900.0099882293
  mean: 18212.484073965796
  median: 139.86070563600887
  min: 0.02345169319909468
  num_samples: 535
  rmse: 193756.40588239432
  std: 192898.54909853177
trans:
  max: 825.7061159479535
  mean: 356.8505421857341
  median: 340.092438021551
  min: 3.8474106316268337e-08
  num_samples: 535
  rmse: 504.04380641520066
  std: 355.9745065693214
