rot:
  max: 119.00812364030162
  mean: 12.859934350217518
  median: 10.335020178818517
  min: 0.03371887288229111
  num_samples: 2592
  rmse: 20.269481513118834
  std: 15.667608921554107
scale:
  max: 1227981.1363360449
  mean: 584.758558497235
  median: 8.392125502638226
  min: 0.04424654630270641
  num_samples: 2592
  rmse: 24123.187816904683
  std: 24116.099350390865
trans:
  max: 304.0124738494993
  mean: 212.7867024841711
  median: 254.37696172362357
  min: 0.001228081136336045
  num_samples: 2592
  rmse: 229.2339436601712
  std: 85.2644132795588
