rot:
  max: 20.269481513118834
  mean: 20.269481513118834
  median: 20.269481513118834
  min: 20.269481513118834
  num_samples: 1
  rmse: 20.269481513118834
  std: 0.0
scale:
  max: 24123.187816904683
  mean: 24123.187816904683
  median: 24123.187816904683
  min: 24123.187816904683
  num_samples: 1
  rmse: 24123.187816904683
  std: 0.0
trans:
  max: 229.2339436601712
  mean: 229.2339436601712
  median: 229.2339436601712
  min: 229.2339436601712
  num_samples: 1
  rmse: 229.2339436601712
  std: 0.0
