rot:
  max: 29.54059870071618
  mean: 16.334085432890372
  median: 15.953947100786523
  min: 1.1459155902616465e-14
  num_samples: 2095
  rmse: 18.266795997763264
  std: 8.17762123694529
scale:
  max: 94988.42498471055
  mean: 633.5564230108334
  median: 11.733285087023916
  min: 0.015571723362173273
  num_samples: 2095
  rmse: 5947.062633905598
  std: 5913.219108950548
trans:
  max: 502.06939539771554
  mean: 264.4598663542351
  median: 302.188135302921
  min: 0.0
  num_samples: 2095
  rmse: 306.5451911774423
  std: 155.0191385665484
