rot:
  max: 18.266795997763264
  mean: 18.266795997763264
  median: 18.266795997763264
  min: 18.266795997763264
  num_samples: 1
  rmse: 18.266795997763264
  std: 0.0
scale:
  max: 5947.062633905598
  mean: 5947.062633905598
  median: 5947.062633905598
  min: 5947.062633905598
  num_samples: 1
  rmse: 5947.062633905598
  std: 0.0
trans:
  max: 306.5451911774423
  mean: 306.5451911774423
  median: 306.5451911774423
  min: 306.5451911774423
  num_samples: 1
  rmse: 306.5451911774423
  std: 0.0
