rot:
  max: 13.441071156303378
  mean: 7.279477501103746
  median: 5.343090046252829
  min: 0.0
  num_samples: 792
  rmse: 8.676167269495439
  std: 4.720708188311189
scale:
  max: 80473.5457920929
  mean: 274.4333602873353
  median: 5.8920059444266375
  min: 0.1846715204244842
  num_samples: 792
  rmse: 3229.1696994273047
  std: 3217.4871061840836
trans:
  max: 42.41696998272043
  mean: 20.21524117362057
  median: 18.379027459303494
  min: 0.0
  num_samples: 792
  rmse: 23.424220832947075
  std: 11.833771415868558
