rot:
  max: 8.676167269495439
  mean: 8.676167269495439
  median: 8.676167269495439
  min: 8.676167269495439
  num_samples: 1
  rmse: 8.676167269495439
  std: 0.0
scale:
  max: 3229.1696994273047
  mean: 3229.1696994273047
  median: 3229.1696994273047
  min: 3229.1696994273047
  num_samples: 1
  rmse: 3229.1696994273047
  std: 0.0
trans:
  max: 23.424220832947075
  mean: 23.424220832947075
  median: 23.424220832947075
  min: 23.424220832947075
  num_samples: 1
  rmse: 23.424220832947075
  std: 0.0
