rot:
  max: 12.6440146737113
  mean: 7.357445616529371
  median: 9.922359922881387
  min: 0.00014039785329892146
  num_samples: 772
  rmse: 8.392236279646378
  std: 4.037031554648243
scale:
  max: 93879.76406736039
  mean: 1837.6897425928205
  median: 235.74090244853238
  min: 0.005370338986154799
  num_samples: 772
  rmse: 8270.240293501478
  std: 8063.48379561989
trans:
  max: 105.89815356754534
  mean: 62.677913285681285
  median: 97.54019008315593
  min: 0.0
  num_samples: 772
  rmse: 76.98835642292485
  std: 44.70666852781509
