rot:
  max: 8.392236279646378
  mean: 8.392236279646378
  median: 8.392236279646378
  min: 8.392236279646378
  num_samples: 1
  rmse: 8.392236279646378
  std: 0.0
scale:
  max: 8270.240293501478
  mean: 8270.240293501478
  median: 8270.240293501478
  min: 8270.240293501478
  num_samples: 1
  rmse: 8270.240293501478
  std: 0.0
trans:
  max: 76.98835642292485
  mean: 76.98835642292485
  median: 76.98835642292485
  min: 76.98835642292485
  num_samples: 1
  rmse: 76.98835642292485
  std: 0.0
