rot:
  max: 25.634931860096085
  mean: 15.999255844292971
  median: 16.359884568697844
  min: 0.0
  num_samples: 2686
  rmse: 17.640708368848728
  std: 7.430908705106435
scale:
  max: 158760.37972905012
  mean: 502.4414628375829
  median: 9.170129174157417
  min: 0.09669932391582758
  num_samples: 2686
  rmse: 4316.377654854849
  std: 4287.0349468778395
trans:
  max: 413.41263492896115
  mean: 245.8835937592996
  median: 298.8846169694974
  min: 0.0
  num_samples: 2686
  rmse: 273.7094508218307
  std: 120.2419302456505
