rot:
  max: 17.640708368848728
  mean: 17.640708368848728
  median: 17.640708368848728
  min: 17.640708368848728
  num_samples: 1
  rmse: 17.640708368848728
  std: 0.0
scale:
  max: 4316.377654854849
  mean: 4316.377654854849
  median: 4316.377654854849
  min: 4316.377654854849
  num_samples: 1
  rmse: 4316.377654854849
  std: 0.0
trans:
  max: 273.7094508218307
  mean: 273.7094508218307
  median: 273.7094508218307
  min: 273.7094508218307
  num_samples: 1
  rmse: 273.7094508218307
  std: 0.0
