rot:
  max: 14.142500046293938
  mean: 7.5698069287667975
  median: 10.272532423953256
  min: 0.0011563767715691445
  num_samples: 535
  rmse: 8.884027306803478
  std: 4.650157443487699
scale:
  max: 3375844.9481039
  mean: 14642.711960648443
  median: 9.847413061807163
  min: 0.06508363080540702
  num_samples: 535
  rmse: 206148.5706333489
  std: 205627.8778780015
trans:
  max: 44.062746805606416
  mean: 19.6318607572817
  median: 21.59931745249463
  min: 4.0797911805097564e-08
  num_samples: 535
  rmse: 24.67555466168123
  std: 14.949014718981346
