rot:
  max: 8.884027306803478
  mean: 8.884027306803478
  median: 8.884027306803478
  min: 8.884027306803478
  num_samples: 1
  rmse: 8.884027306803478
  std: 0.0
scale:
  max: 206148.5706333489
  mean: 206148.5706333489
  median: 206148.5706333489
  min: 206148.5706333489
  num_samples: 1
  rmse: 206148.5706333489
  std: 0.0
trans:
  max: 24.67555466168123
  mean: 24.67555466168123
  median: 24.67555466168123
  min: 24.67555466168123
  num_samples: 1
  rmse: 24.67555466168123
  std: 0.0
