rot:
  max: 0.6759907032218966
  mean: 0.6759907032218966
  median: 0.6759907032218966
  min: 0.6759907032218966
  num_samples: 1
  rmse: 0.6759907032218966
  std: 0.0
scale:
  max: 604.3732595854681
  mean: 604.3732595854681
  median: 604.3732595854681
  min: 604.3732595854681
  num_samples: 1
  rmse: 604.3732595854681
  std: 0.0
trans:
  max: 14.684605953813286
  mean: 14.684605953813286
  median: 14.684605953813286
  min: 14.684605953813286
  num_samples: 1
  rmse: 14.684605953813286
  std: 0.0
