rot:
  max: 8.880098668113153
  mean: 4.361703412822981
  median: 4.302483611051837
  min: 0.0
  num_samples: 772
  rmse: 4.80699153282096
  std: 2.020571932691523
scale:
  max: 69718.89195701777
  mean: 1146.9183618108405
  median: 19.062870805507167
  min: 0.04150451264663957
  num_samples: 772
  rmse: 5084.851924749843
  std: 4953.816444719498
trans:
  max: 76.77091609100586
  mean: 46.83116515276564
  median: 72.23905558849344
  min: 0.0
  num_samples: 772
  rmse: 56.84337855274612
  std: 32.218188275028524
