rot:
  max: 4.80699153282096
  mean: 4.80699153282096
  median: 4.80699153282096
  min: 4.80699153282096
  num_samples: 1
  rmse: 4.80699153282096
  std: 0.0
scale:
  max: 5084.851924749843
  mean: 5084.851924749843
  median: 5084.851924749843
  min: 5084.851924749843
  num_samples: 1
  rmse: 5084.851924749843
  std: 0.0
trans:
  max: 56.84337855274612
  mean: 56.84337855274612
  median: 56.84337855274612
  min: 56.84337855274612
  num_samples: 1
  rmse: 56.84337855274612
  std: 0.0
