rot:
  max: 176.1557364703651
  mean: 12.1216132945867
  median: 8.860924202868304
  min: 0.0013511093732532322
  num_samples: 2592
  rmse: 24.9014559300289
  std: 21.751988382023153
scale:
  max: 1227967.965611622
  mean: 552.3522907644694
  median: 6.611604207667088
  min: 0.0001645664134630742
  num_samples: 2592
  rmse: 24121.164601381057
  std: 24114.839594610745
trans:
  max: 238.15695723436278
  mean: 139.23384435549312
  median: 162.2073498196087
  min: 0.001228067965611622
  num_samples: 2592
  rmse: 155.18549426126995
  std: 68.53082675048489
