rot:
  max: 24.9014559300289
  mean: 24.9014559300289
  median: 24.9014559300289
  min: 24.9014559300289
  num_samples: 1
  rmse: 24.9014559300289
  std: 0.0
scale:
  max: 24121.164601381057
  mean: 24121.164601381057
  median: 24121.164601381057
  min: 24121.164601381057
  num_samples: 1
  rmse: 24121.164601381057
  std: 0.0
trans:
  max: 155.18549426126995
  mean: 155.18549426126995
  median: 155.18549426126995
  min: 155.18549426126995
  num_samples: 1
  rmse: 155.18549426126995
  std: 0.0
