rot:
  max: 49.73124043581921
  mean: 30.52489680059349
  median: 32.405569267241994
  min: 0.0
  num_samples: 2111
  rmse: 33.29315436036168
  std: 13.291531235188357
scale:
  max: 25502822.39659489
  mean: 22978.389506769796
  median: 22.89922485038758
  min: 0.07654324822429226
  num_samples: 2111
  rmse: 670407.2041058675
  std: 670013.2931015034
trans:
  max: 1101.8066849527834
  mean: 603.7402303263477
  median: 772.2121604352662
  min: 0.0
  num_samples: 2111
  rmse: 708.8673419282004
  std: 371.4709177551329
