rot:
  max: 33.29315436036168
  mean: 33.29315436036168
  median: 33.29315436036168
  min: 33.29315436036168
  num_samples: 1
  rmse: 33.29315436036168
  std: 0.0
scale:
  max: 670407.2041058675
  mean: 670407.2041058675
  median: 670407.2041058675
  min: 670407.2041058675
  num_samples: 1
  rmse: 670407.2041058675
  std: 0.0
trans:
  max: 708.8673419282004
  mean: 708.8673419282004
  median: 708.8673419282004
  min: 708.8673419282004
  num_samples: 1
  rmse: 708.8673419282004
  std: 0.0
