rot:
  max: 77.80695049476627
  mean: 10.409165016469359
  median: 9.231339511818803
  min: 0.006610887093053061
  num_samples: 2592
  rmse: 14.810497978832695
  std: 10.535660114151263
scale:
  max: 1227967.965611622
  mean: 544.8018962977329
  median: 6.799219074721863
  min: 0.14369642574793007
  num_samples: 2592
  rmse: 24120.847522056298
  std: 24114.694194123218
trans:
  max: 249.70087207929907
  mean: 147.66653714849025
  median: 171.48288131670938
  min: 0.001228067965611622
  num_samples: 2592
  rmse: 162.8312833171805
  std: 68.61938963072647
