rot:
  max: 9.727447518224919
  mean: 2.775423569597818
  median: 2.3252347802835747
  min: 0.0
  num_samples: 792
  rmse: 3.1243893372235463
  std: 1.434863317489543
scale:
  max: 2556.439637419175
  mean: 61.57610084575253
  median: 8.766014579434566
  min: 0.0052374964511603395
  num_samples: 792
  rmse: 221.01698594117786
  std: 212.26608744487783
trans:
  max: 17.932176467044503
  mean: 10.595407016934196
  median: 9.514596538583872
  min: 0.0
  num_samples: 792
  rmse: 12.123278404973034
  std: 5.891623666697248
