rot:
  max: 3.1243893372235463
  mean: 3.1243893372235463
  median: 3.1243893372235463
  min: 3.1243893372235463
  num_samples: 1
  rmse: 3.1243893372235463
  std: 0.0
scale:
  max: 221.01698594117786
  mean: 221.01698594117786
  median: 221.01698594117786
  min: 221.01698594117786
  num_samples: 1
  rmse: 221.01698594117786
  std: 0.0
trans:
  max: 12.123278404973034
  mean: 12.123278404973034
  median: 12.123278404973034
  min: 12.123278404973034
  num_samples: 1
  rmse: 12.123278404973034
  std: 0.0
