rot:
  max: 11.669634635534864
  mean: 6.016224340016031
  median: 6.3363401049275385
  min: 0.0011563767715691445
  num_samples: 535
  rmse: 6.817962550675794
  std: 3.207749683659289
scale:
  max: 3375844.9481039
  mean: 14561.243175003898
  median: 5.444737267581534
  min: 0.0020358984299639893
  num_samples: 535
  rmse: 206147.70401430636
  std: 205632.79424150338
trans:
  max: 24.294571132590356
  mean: 11.920036351834092
  median: 14.785832449905019
  min: 4.0797911805097564e-08
  num_samples: 535
  rmse: 14.661979318665512
  std: 8.537351516244897
