rot:
  max: 6.817962550675794
  mean: 6.817962550675794
  median: 6.817962550675794
  min: 6.817962550675794
  num_samples: 1
  rmse: 6.817962550675794
  std: 0.0
scale:
  max: 206147.70401430636
  mean: 206147.70401430636
  median: 206147.70401430636
  min: 206147.70401430636
  num_samples: 1
  rmse: 206147.70401430636
  std: 0.0
trans:
  max: 14.661979318665512
  mean: 14.661979318665512
  median: 14.661979318665512
  min: 14.661979318665512
  num_samples: 1
  rmse: 14.661979318665512
  std: 0.0
