rot:
  max: 41.91172105475508
  mean: 23.793520316483132
  median: 33.37199248727546
  min: 0.0
  num_samples: 772
  rmse: 29.549047047218714
  std: 17.52183130691109
scale:
  max: 141021.04660077998
  mean: 2334.927914451738
  median: 328.39635129135536
  min: 0.021209811879796536
  num_samples: 772
  rmse: 9889.897430857744
  std: 9610.316479034425
trans:
  max: 172.7093120472188
  mean: 88.49916915159146
  median: 134.2625816634977
  min: 0.0
  num_samples: 772
  rmse: 110.61139688024909
  std: 66.35343381678133
