rot:
  max: 29.549047047218714
  mean: 29.549047047218714
  median: 29.549047047218714
  min: 29.549047047218714
  num_samples: 1
  rmse: 29.549047047218714
  std: 0.0
scale:
  max: 9889.897430857744
  mean: 9889.897430857744
  median: 9889.897430857744
  min: 9889.897430857744
  num_samples: 1
  rmse: 9889.897430857744
  std: 0.0
trans:
  max: 110.61139688024909
  mean: 110.61139688024909
  median: 110.61139688024909
  min: 110.61139688024909
  num_samples: 1
  rmse: 110.61139688024909
  std: 0.0
