rot:
  max: 9.821447340153593
  mean: 2.503667979292239
  median: 2.20380297725848
  min: 0.0
  num_samples: 792
  rmse: 2.923490258856888
  std: 1.5094508746884854
scale:
  max: 2402.9581962692423
  mean: 57.66295751765252
  median: 6.381747804914406
  min: 0.02968436150623255
  num_samples: 792
  rmse: 210.4302842323802
  std: 202.3756108142424
trans:
  max: 16.76635328194398
  mean: 10.368987769315675
  median: 9.861466196399999
  min: 0.0
  num_samples: 792
  rmse: 11.722095374390339
  std: 5.467322251896752
