rot:
  max: 2.923490258856888
  mean: 2.923490258856888
  median: 2.923490258856888
  min: 2.923490258856888
  num_samples: 1
  rmse: 2.923490258856888
  std: 0.0
scale:
  max: 210.4302842323802
  mean: 210.4302842323802
  median: 210.4302842323802
  min: 210.4302842323802
  num_samples: 1
  rmse: 210.4302842323802
  std: 0.0
trans:
  max: 11.722095374390339
  mean: 11.722095374390339
  median: 11.722095374390339
  min: 11.722095374390339
  num_samples: 1
  rmse: 11.722095374390339
  std: 0.0
