rot:
  max: 13.748681605512417
  mean: 3.466419014754932
  median: 3.4345196449768984
  min: 0.0006741862031264913
  num_samples: 1330
  rmse: 3.9753265082829246
  std: 1.9460627075205865
scale:
  max: 11831921.24850328
  mean: 17088.314705777288
  median: 2.881127954203011
  min: 0.03799583746157964
  num_samples: 1330
  rmse: 399288.3209708857
  std: 398922.4896696919
trans:
  max: 104.42472385538032
  mean: 47.64091625682246
  median: 54.76144369449668
  min: 0.0
  num_samples: 1330
  rmse: 57.318469192378224
  std: 31.870833198522455
