rot:
  max: 3.9753265082829246
  mean: 3.9753265082829246
  median: 3.9753265082829246
  min: 3.9753265082829246
  num_samples: 1
  rmse: 3.9753265082829246
  std: 0.0
scale:
  max: 399288.3209708857
  mean: 399288.3209708857
  median: 399288.3209708857
  min: 399288.3209708857
  num_samples: 1
  rmse: 399288.3209708857
  std: 0.0
trans:
  max: 57.318469192378224
  mean: 57.318469192378224
  median: 57.318469192378224
  min: 57.318469192378224
  num_samples: 1
  rmse: 57.318469192378224
  std: 0.0
