rot:
  max: 123.85724056077412
  mean: 56.78639352171
  median: 67.59723692602518
  min: 0.00014039785329892146
  num_samples: 772
  rmse: 73.7065183998172
  std: 46.98889619282501
scale:
  max: 237274.84274093035
  mean: 4112.956776643667
  median: 526.8558389957352
  min: 0.0004858565924026337
  num_samples: 772
  rmse: 17239.83036291974
  std: 16742.023100441307
trans:
  max: 307.57263003381024
  mean: 146.96963207002767
  median: 222.2783287090518
  min: 0.0
  num_samples: 772
  rmse: 186.1684118160135
  std: 114.27425260003885
