rot:
  max: 73.7065183998172
  mean: 73.7065183998172
  median: 73.7065183998172
  min: 73.7065183998172
  num_samples: 1
  rmse: 73.7065183998172
  std: 0.0
scale:
  max: 17239.83036291974
  mean: 17239.83036291974
  median: 17239.83036291974
  min: 17239.83036291974
  num_samples: 1
  rmse: 17239.83036291974
  std: 0.0
trans:
  max: 186.1684118160135
  mean: 186.1684118160135
  median: 186.1684118160135
  min: 186.1684118160135
  num_samples: 1
  rmse: 186.1684118160135
  std: 0.0
