rot:
  max: 14.644105666315589
  mean: 7.758579588309134
  median: 9.6776220345182
  min: 0.0011563767715691445
  num_samples: 535
  rmse: 9.093114375892432
  std: 4.742274963025075
scale:
  max: 3375844.9481039
  mean: 14657.76742762311
  median: 8.946208629343966
  min: 0.028878332896398184
  num_samples: 535
  rmse: 206148.7915057603
  std: 205627.02666070708
trans:
  max: 46.55730450364016
  mean: 20.610614331302312
  median: 22.02938609440818
  min: 4.0797911805097564e-08
  num_samples: 535
  rmse: 26.11858972806559
  std: 16.04317008166806
