rot:
  max: 20.210994074956087
  mean: 10.195548103347347
  median: 9.101400360290551
  min: 0.00042243057245074247
  num_samples: 1330
  rmse: 12.155150883450082
  std: 6.618042903439627
scale:
  max: 23085730.07557089
  mean: 28514.460325699994
  median: 3.802541453636199
  min: 0.031793699123106034
  num_samples: 1330
  rmse: 711844.8644202674
  std: 711273.5314587791
trans:
  max: 275.60194843200225
  mean: 80.48506242505793
  median: 48.08505907090334
  min: 9.678172040897828e-08
  num_samples: 1330
  rmse: 112.79242822646582
  std: 79.02079847519244
