rot:
  max: 12.155150883450082
  mean: 12.155150883450082
  median: 12.155150883450082
  min: 12.155150883450082
  num_samples: 1
  rmse: 12.155150883450082
  std: 0.0
scale:
  max: 711844.8644202674
  mean: 711844.8644202674
  median: 711844.8644202674
  min: 711844.8644202674
  num_samples: 1
  rmse: 711844.8644202674
  std: 0.0
trans:
  max: 112.79242822646582
  mean: 112.79242822646582
  median: 112.79242822646582
  min: 112.79242822646582
  num_samples: 1
  rmse: 112.79242822646582
  std: 0.0
