rot:
  max: 9.776430156123443
  mean: 2.618680285719892
  median: 2.4183772264253576
  min: 0.0
  num_samples: 792
  rmse: 3.0291886103754013
  std: 1.5226612224687541
scale:
  max: 2483.986690154458
  mean: 59.08756051455277
  median: 5.316240281170059
  min: 0.0272964260118691
  num_samples: 792
  rmse: 216.382736718987
  std: 208.15895114656374
trans:
  max: 17.3375623424375
  mean: 10.871895975445053
  median: 10.51282933197534
  min: 0.0
  num_samples: 792
  rmse: 12.272284417338469
  std: 5.693052144425716
