rot:
  max: 5.517751922295713
  mean: 2.125437341747951
  median: 1.7503747560540246
  min: 0.0
  num_samples: 788
  rmse: 2.767580221172826
  std: 1.7725733798436758
scale:
  max: 60321.4679116282
  mean: 827.2054425507908
  median: 44.971050340291555
  min: 0.03770304057404417
  num_samples: 788
  rmse: 3883.1831507234774
  std: 3794.0535760419966
trans:
  max: 60.61597759621264
  mean: 38.5823121489518
  median: 57.45145439445993
  min: 0.0
  num_samples: 788
  rmse: 46.34895981892221
  std: 25.683287669940384
