rot:
  max: 2.767580221172826
  mean: 2.767580221172826
  median: 2.767580221172826
  min: 2.767580221172826
  num_samples: 1
  rmse: 2.767580221172826
  std: 0.0
scale:
  max: 3883.1831507234774
  mean: 3883.1831507234774
  median: 3883.1831507234774
  min: 3883.1831507234774
  num_samples: 1
  rmse: 3883.1831507234774
  std: 0.0
trans:
  max: 46.34895981892221
  mean: 46.34895981892221
  median: 46.34895981892221
  min: 46.34895981892221
  num_samples: 1
  rmse: 46.34895981892221
  std: 0.0
