rot:
  max: 32.453681703820074
  mean: 16.0413520953804
  median: 13.361808222075721
  min: 0.0016653275185080497
  num_samples: 1101
  rmse: 18.909654592833963
  std: 10.012495182137245
scale:
  max: 181.431951144993
  mean: 7.916280011060339
  median: 4.240756159237313
  min: 0.0011915117328342717
  num_samples: 1101
  rmse: 17.19675747942484
  std: 15.266334812018261
trans:
  max: 313.14943688523886
  mean: 138.43281829801418
  median: 133.94573011634043
  min: 9.29184417226616e-08
  num_samples: 1101
  rmse: 170.71999864173586
  std: 99.90832174700607
