rot:
  max: 18.909654592833963
  mean: 18.909654592833963
  median: 18.909654592833963
  min: 18.909654592833963
  num_samples: 1
  rmse: 18.909654592833963
  std: 0.0
scale:
  max: 17.19675747942484
  mean: 17.19675747942484
  median: 17.19675747942484
  min: 17.19675747942484
  num_samples: 1
  rmse: 17.19675747942484
  std: 0.0
trans:
  max: 170.71999864173586
  mean: 170.71999864173586
  median: 170.71999864173586
  min: 170.71999864173586
  num_samples: 1
  rmse: 170.71999864173586
  std: 0.0
