rot:
  max: 12.78964544383673
  mean: 7.0096248100179945
  median: 10.025952429488987
  min: 0.0006785081735415092
  num_samples: 535
  rmse: 8.396500870448872
  std: 4.62237892109992
scale:
  max: 3152900.0099882293
  mean: 13628.360791464936
  median: 10.377074228402394
  min: 0.059895538819587646
  num_samples: 535
  rmse: 192945.51541113693
  std: 192463.606168561
trans:
  max: 38.96028360298535
  mean: 16.598503894659228
  median: 18.838222512469933
  min: 3.8474106316268337e-08
  num_samples: 535
  rmse: 20.95665929239196
  std: 12.793406002952494
