rot:
  max: 8.396500870448872
  mean: 8.396500870448872
  median: 8.396500870448872
  min: 8.396500870448872
  num_samples: 1
  rmse: 8.396500870448872
  std: 0.0
scale:
  max: 192945.51541113693
  mean: 192945.51541113693
  median: 192945.51541113693
  min: 192945.51541113693
  num_samples: 1
  rmse: 192945.51541113693
  std: 0.0
trans:
  max: 20.95665929239196
  mean: 20.95665929239196
  median: 20.95665929239196
  min: 20.95665929239196
  num_samples: 1
  rmse: 20.95665929239196
  std: 0.0
