rot:
  max: 11.649662978944615
  mean: 6.084880424882934
  median: 5.130382180352401
  min: 0.0
  num_samples: 792
  rmse: 7.119196223948029
  std: 3.6955628921657317
scale:
  max: 80473.5457920929
  mean: 281.8283269623405
  median: 6.364073175231033
  min: 0.14831755444597583
  num_samples: 792
  rmse: 3232.935011290469
  std: 3220.627513598757
trans:
  max: 42.274186848019866
  mean: 20.01802142314215
  median: 15.536080980164996
  min: 0.0
  num_samples: 792
  rmse: 23.679806937778732
  std: 12.649587934517697
