rot:
  max: 7.119196223948029
  mean: 7.119196223948029
  median: 7.119196223948029
  min: 7.119196223948029
  num_samples: 1
  rmse: 7.119196223948029
  std: 0.0
scale:
  max: 3232.935011290469
  mean: 3232.935011290469
  median: 3232.935011290469
  min: 3232.935011290469
  num_samples: 1
  rmse: 3232.935011290469
  std: 0.0
trans:
  max: 23.679806937778732
  mean: 23.679806937778732
  median: 23.679806937778732
  min: 23.679806937778732
  num_samples: 1
  rmse: 23.679806937778732
  std: 0.0
