rot:
  max: 10.648368128024238
  mean: 5.732032109273252
  median: 4.921343490700157
  min: 0.0
  num_samples: 792
  rmse: 6.420424132486564
  std: 2.8923440215984457
scale:
  max: 3148.691461533671
  mean: 75.02224521252799
  median: 7.330247117238208
  min: 0.018343577793045185
  num_samples: 792
  rmse: 261.1731435944474
  std: 250.16609214335418
trans:
  max: 27.22391401991327
  mean: 15.711291002966139
  median: 18.444341189380104
  min: 0.0
  num_samples: 792
  rmse: 17.428455359863623
  std: 7.543632497071576
