rot:
  max: 6.420424132486564
  mean: 6.420424132486564
  median: 6.420424132486564
  min: 6.420424132486564
  num_samples: 1
  rmse: 6.420424132486564
  std: 0.0
scale:
  max: 261.1731435944474
  mean: 261.1731435944474
  median: 261.1731435944474
  min: 261.1731435944474
  num_samples: 1
  rmse: 261.1731435944474
  std: 0.0
trans:
  max: 17.428455359863623
  mean: 17.428455359863623
  median: 17.428455359863623
  min: 17.428455359863623
  num_samples: 1
  rmse: 17.428455359863623
  std: 0.0
