rot:
  max: 10.652122646815183
  mean: 5.396372128308123
  median: 6.017591497534372
  min: 0.0011563767715691445
  num_samples: 535
  rmse: 5.8887150010182765
  std: 2.3571449289419886
scale:
  max: 3375844.9481039
  mean: 14650.0606206812
  median: 16.052888666638452
  min: 0.17803448364610563
  num_samples: 535
  rmse: 206148.70276005394
  std: 205627.48691131597
trans:
  max: 41.76521910128933
  mean: 20.083625178796737
  median: 26.3994980479158
  min: 4.0797911805097564e-08
  num_samples: 535
  rmse: 24.784205242256576
  std: 14.522562761713235
