rot:
  max: 5.8887150010182765
  mean: 5.8887150010182765
  median: 5.8887150010182765
  min: 5.8887150010182765
  num_samples: 1
  rmse: 5.8887150010182765
  std: 0.0
scale:
  max: 206148.70276005394
  mean: 206148.70276005394
  median: 206148.70276005394
  min: 206148.70276005394
  num_samples: 1
  rmse: 206148.70276005394
  std: 0.0
trans:
  max: 24.784205242256576
  mean: 24.784205242256576
  median: 24.784205242256576
  min: 24.784205242256576
  num_samples: 1
  rmse: 24.784205242256576
  std: 0.0
