rot:
  max: 28.149304487099702
  mean: 10.60715362337056
  median: 10.146153971715083
  min: 0.00042243057245074247
  num_samples: 1330
  rmse: 12.46341184949619
  std: 6.544075713221753
scale:
  max: 23085824.10276372
  mean: 28525.48075201108
  median: 6.209240121186232
  min: 0.01043764057266916
  num_samples: 1330
  rmse: 711847.3450705773
  std: 711275.5722164907
trans:
  max: 360.6083808146363
  mean: 87.17485578003742
  median: 62.76056969987741
  min: 9.678172040897828e-08
  num_samples: 1330
  rmse: 118.49986685165133
  std: 80.26682355487084
