rot:
  max: 12.46341184949619
  mean: 12.46341184949619
  median: 12.46341184949619
  min: 12.46341184949619
  num_samples: 1
  rmse: 12.46341184949619
  std: 0.0
scale:
  max: 711847.3450705773
  mean: 711847.3450705773
  median: 711847.3450705773
  min: 711847.3450705773
  num_samples: 1
  rmse: 711847.3450705773
  std: 0.0
trans:
  max: 118.49986685165133
  mean: 118.49986685165133
  median: 118.49986685165133
  min: 118.49986685165133
  num_samples: 1
  rmse: 118.49986685165133
  std: 0.0
