rot:
  max: 15.086453861936238
  mean: 8.19947625105692
  median: 12.201699510106438
  min: 0.0006785081735415092
  num_samples: 535
  rmse: 9.957777252387402
  std: 5.650302382750638
scale:
  max: 3152900.0099882293
  mean: 13739.955218388817
  median: 15.113329313937097
  min: 0.019707873769592155
  num_samples: 535
  rmse: 192947.36115389882
  std: 192457.52208435434
trans:
  max: 58.222079833484834
  mean: 24.66581075776502
  median: 23.49437491189853
  min: 3.8474106316268337e-08
  num_samples: 535
  rmse: 32.01539368417884
  std: 20.410370217491938
