rot:
  max: 9.957777252387402
  mean: 9.957777252387402
  median: 9.957777252387402
  min: 9.957777252387402
  num_samples: 1
  rmse: 9.957777252387402
  std: 0.0
scale:
  max: 192947.36115389882
  mean: 192947.36115389882
  median: 192947.36115389882
  min: 192947.36115389882
  num_samples: 1
  rmse: 192947.36115389882
  std: 0.0
trans:
  max: 32.01539368417884
  mean: 32.01539368417884
  median: 32.01539368417884
  min: 32.01539368417884
  num_samples: 1
  rmse: 32.01539368417884
  std: 0.0
