rot:
  max: 14.369892331572634
  mean: 3.3214663445587167
  median: 3.1664667216243227
  min: 0.0006741862031264913
  num_samples: 1330
  rmse: 3.838257657848775
  std: 1.923560025057322
scale:
  max: 11823396.453366015
  mean: 17081.40723985693
  median: 2.2289834693952795
  min: 0.011273092750241354
  num_samples: 1330
  rmse: 399061.36507946905
  std: 398695.6215282473
trans:
  max: 89.424229680097
  mean: 44.85426353430314
  median: 42.98140928744738
  min: 0.0
  num_samples: 1330
  rmse: 55.378440308973474
  std: 32.47871139453999
