rot:
  max: 3.838257657848775
  mean: 3.838257657848775
  median: 3.838257657848775
  min: 3.838257657848775
  num_samples: 1
  rmse: 3.838257657848775
  std: 0.0
scale:
  max: 399061.36507946905
  mean: 399061.36507946905
  median: 399061.36507946905
  min: 399061.36507946905
  num_samples: 1
  rmse: 399061.36507946905
  std: 0.0
trans:
  max: 55.378440308973474
  mean: 55.378440308973474
  median: 55.378440308973474
  min: 55.378440308973474
  num_samples: 1
  rmse: 55.378440308973474
  std: 0.0
