rot:
  max: 11.194851999389163
  mean: 6.166996730509303
  median: 6.165512875292871
  min: 0.00260916829651933
  num_samples: 535
  rmse: 6.973987153150996
  std: 3.2564778731326736
scale:
  max: 2560772.933327428
  mean: 8317.046557116664
  median: 17.64705816314114
  min: 0.029765013753357827
  num_samples: 535
  rmse: 126939.32531841559
  std: 126666.56642090406
trans:
  max: 39.5870558686826
  mean: 18.905670058787656
  median: 20.91934969357775
  min: 0.0
  num_samples: 535
  rmse: 24.00917478163994
  std: 14.799192995687138
