rot:
  max: 6.973987153150996
  mean: 6.973987153150996
  median: 6.973987153150996
  min: 6.973987153150996
  num_samples: 1
  rmse: 6.973987153150996
  std: 0.0
scale:
  max: 126939.32531841559
  mean: 126939.32531841559
  median: 126939.32531841559
  min: 126939.32531841559
  num_samples: 1
  rmse: 126939.32531841559
  std: 0.0
trans:
  max: 24.00917478163994
  mean: 24.00917478163994
  median: 24.00917478163994
  min: 24.00917478163994
  num_samples: 1
  rmse: 24.00917478163994
  std: 0.0
