rot:
  max: 23.306901784923628
  mean: 11.475687991734274
  median: 8.98367505880925
  min: 0.00042243057245074247
  num_samples: 1330
  rmse: 14.092433567194728
  std: 8.17956410587768
scale:
  max: 23085730.07557089
  mean: 28536.631821605457
  median: 6.809890858513123
  min: 0.004155848231968129
  num_samples: 1330
  rmse: 711844.8970087799
  std: 711272.6748875697
trans:
  max: 302.5484398512454
  mean: 100.90767264193684
  median: 80.51389328857414
  min: 9.678172040897828e-08
  num_samples: 1330
  rmse: 136.8741109599414
  std: 92.47791008160847
