rot:
  max: 14.092433567194728
  mean: 14.092433567194728
  median: 14.092433567194728
  min: 14.092433567194728
  num_samples: 1
  rmse: 14.092433567194728
  std: 0.0
scale:
  max: 711844.8970087799
  mean: 711844.8970087799
  median: 711844.8970087799
  min: 711844.8970087799
  num_samples: 1
  rmse: 711844.8970087799
  std: 0.0
trans:
  max: 136.8741109599414
  mean: 136.8741109599414
  median: 136.8741109599414
  min: 136.8741109599414
  num_samples: 1
  rmse: 136.8741109599414
  std: 0.0
