rot:
  max: 110.41342709546961
  mean: 62.534716281410745
  median: 96.03038325097933
  min: 0.00014039785329892146
  num_samples: 772
  rmse: 79.30690978919719
  std: 48.77494438659385
scale:
  max: 530811.0750705546
  mean: 8826.274230820216
  median: 1281.8211689807035
  min: 0.0025953534386502497
  num_samples: 772
  rmse: 37215.145349964
  std: 36153.339079831974
trans:
  max: 614.3064812261704
  mean: 331.4925807758747
  median: 528.6094081631871
  min: 0.0
  num_samples: 772
  rmse: 423.33932743658545
  std: 263.30373154403014
