rot:
  max: 79.30690978919719
  mean: 79.30690978919719
  median: 79.30690978919719
  min: 79.30690978919719
  num_samples: 1
  rmse: 79.30690978919719
  std: 0.0
scale:
  max: 37215.145349964
  mean: 37215.145349964
  median: 37215.145349964
  min: 37215.145349964
  num_samples: 1
  rmse: 37215.145349964
  std: 0.0
trans:
  max: 423.33932743658545
  mean: 423.33932743658545
  median: 423.33932743658545
  min: 423.33932743658545
  num_samples: 1
  rmse: 423.33932743658545
  std: 0.0
