rot:
  max: 16.134094498021355
  mean: 8.70361960244671
  median: 12.428643082955501
  min: 0.0011563767715691445
  num_samples: 535
  rmse: 10.384107949533167
  std: 5.663629906999861
scale:
  max: 3375844.9481039
  mean: 14736.668549253967
  median: 15.955726408095682
  min: 0.014781428991472723
  num_samples: 535
  rmse: 206150.19709176448
  std: 205622.79630683648
trans:
  max: 61.44572613851876
  mean: 26.341813599637874
  median: 24.70723398478075
  min: 4.0797911805097564e-08
  num_samples: 535
  rmse: 34.222692993031565
  std: 21.847232593104888
