rot:
  max: 9.98806173601118
  mean: 5.219733107340447
  median: 4.517502376344552
  min: 0.0
  num_samples: 792
  rmse: 5.864365323780359
  std: 2.673044507465512
scale:
  max: 3043.8645216142772
  mean: 73.8057948103619
  median: 5.479886608062112
  min: 0.012670571780293294
  num_samples: 792
  rmse: 251.7404764575607
  std: 240.67815052366183
trans:
  max: 25.62632419330266
  mean: 13.451226573346203
  median: 14.58861703834046
  min: 0.0
  num_samples: 792
  rmse: 15.15724636387711
  std: 6.986173559808748
