rot:
  max: 5.864365323780359
  mean: 5.864365323780359
  median: 5.864365323780359
  min: 5.864365323780359
  num_samples: 1
  rmse: 5.864365323780359
  std: 0.0
scale:
  max: 251.7404764575607
  mean: 251.7404764575607
  median: 251.7404764575607
  min: 251.7404764575607
  num_samples: 1
  rmse: 251.7404764575607
  std: 0.0
trans:
  max: 15.15724636387711
  mean: 15.15724636387711
  median: 15.15724636387711
  min: 15.15724636387711
  num_samples: 1
  rmse: 15.15724636387711
  std: 0.0
