rot:
  max: 18.20678109229452
  mean: 18.20678109229452
  median: 18.20678109229452
  min: 18.20678109229452
  num_samples: 1
  rmse: 18.20678109229452
  std: 0.0
scale:
  max: 4422.1405437507665
  mean: 4422.1405437507665
  median: 4422.1405437507665
  min: 4422.1405437507665
  num_samples: 1
  rmse: 4422.1405437507665
  std: 0.0
trans:
  max: 276.6868881546441
  mean: 276.6868881546441
  median: 276.6868881546441
  min: 276.6868881546441
  num_samples: 1
  rmse: 276.6868881546441
  std: 0.0
