rot:
  max: 16.746499311510956
  mean: 8.537796352606527
  median: 6.08547356747513
  min: 0.0
  num_samples: 792
  rmse: 10.079178005740873
  std: 5.356851940536459
scale:
  max: 5720.564632094106
  mean: 125.3676664481573
  median: 5.707810575045935
  min: 0.009786411404721918
  num_samples: 792
  rmse: 454.7608672525514
  std: 437.1388733499187
trans:
  max: 48.61326482961445
  mean: 21.738574151713216
  median: 16.678766541186597
  min: 0.0
  num_samples: 792
  rmse: 26.041573726422342
  std: 14.338687387594325
