rot:
  max: 10.079178005740873
  mean: 10.079178005740873
  median: 10.079178005740873
  min: 10.079178005740873
  num_samples: 1
  rmse: 10.079178005740873
  std: 0.0
scale:
  max: 454.7608672525514
  mean: 454.7608672525514
  median: 454.7608672525514
  min: 454.7608672525514
  num_samples: 1
  rmse: 454.7608672525514
  std: 0.0
trans:
  max: 26.041573726422342
  mean: 26.041573726422342
  median: 26.041573726422342
  min: 26.041573726422342
  num_samples: 1
  rmse: 26.041573726422342
  std: 0.0
