rot:
  max: 11.692835832233168
  mean: 6.375035840964592
  median: 6.886790315768497
  min: 0.0006785081735415092
  num_samples: 535
  rmse: 7.5772898512837425
  std: 4.09563664364705
scale:
  max: 3151274.4737575916
  mean: 13668.385787613519
  median: 9.691066925046732
  min: 0.010606606285934461
  num_samples: 535
  rmse: 192899.64037533107
  std: 192414.77720511233
trans:
  max: 41.041416907884724
  mean: 17.29874651260187
  median: 15.767901721390043
  min: 3.8474106316268337e-08
  num_samples: 535
  rmse: 22.622135382150603
  std: 14.577872901802062
