rot:
  max: 7.5772898512837425
  mean: 7.5772898512837425
  median: 7.5772898512837425
  min: 7.5772898512837425
  num_samples: 1
  rmse: 7.5772898512837425
  std: 0.0
scale:
  max: 192899.64037533107
  mean: 192899.64037533107
  median: 192899.64037533107
  min: 192899.64037533107
  num_samples: 1
  rmse: 192899.64037533107
  std: 0.0
trans:
  max: 22.622135382150603
  mean: 22.622135382150603
  median: 22.622135382150603
  min: 22.622135382150603
  num_samples: 1
  rmse: 22.622135382150603
  std: 0.0
