rot:
  max: 12.977246426314835
  mean: 12.977246426314835
  median: 12.977246426314835
  min: 12.977246426314835
  num_samples: 1
  rmse: 12.977246426314835
  std: 0.0
scale:
  max: 762003.474614007
  mean: 762003.474614007
  median: 762003.474614007
  min: 762003.474614007
  num_samples: 1
  rmse: 762003.474614007
  std: 0.0
trans:
  max: 134.6463667284863
  mean: 134.6463667284863
  median: 134.6463667284863
  min: 134.6463667284863
  num_samples: 1
  rmse: 134.6463667284863
  std: 0.0
