rot:
  max: 23.725221420781274
  mean: 14.606279791178897
  median: 21.615644133363464
  min: 0.002037169356248867
  num_samples: 772
  rmse: 17.301588778059397
  std: 9.273702869235663
scale:
  max: 102137.84010660216
  mean: 2633.169248559909
  median: 423.5770844858881
  min: 0.07819242322191222
  num_samples: 772
  rmse: 10404.008650627318
  std: 10065.277726459737
trans:
  max: 194.78425415988255
  mean: 111.69498218364215
  median: 173.63371864344404
  min: 0.0
  num_samples: 772
  rmse: 138.84274883667638
  std: 82.4714487536157
