rot:
  max: 17.301588778059397
  mean: 17.301588778059397
  median: 17.301588778059397
  min: 17.301588778059397
  num_samples: 1
  rmse: 17.301588778059397
  std: 0.0
scale:
  max: 10404.008650627318
  mean: 10404.008650627318
  median: 10404.008650627318
  min: 10404.008650627318
  num_samples: 1
  rmse: 10404.008650627318
  std: 0.0
trans:
  max: 138.84274883667638
  mean: 138.84274883667638
  median: 138.84274883667638
  min: 138.84274883667638
  num_samples: 1
  rmse: 138.84274883667638
  std: 0.0
