rot:
  max: 42.47132283236653
  mean: 25.712151165063073
  median: 40.068805472547034
  min: 0.0
  num_samples: 772
  rmse: 32.15655014417062
  std: 19.311369698690594
scale:
  max: 120242.63303245264
  mean: 3067.3365770225714
  median: 496.3379848360273
  min: 0.06801038764564504
  num_samples: 772
  rmse: 12252.677566857521
  std: 11862.52729736092
trans:
  max: 242.27710193172578
  mean: 128.5984361143103
  median: 203.12494338618836
  min: 0.0
  num_samples: 772
  rmse: 163.88778290693958
  std: 101.59550981763812
