rot:
  max: 32.15655014417062
  mean: 32.15655014417062
  median: 32.15655014417062
  min: 32.15655014417062
  num_samples: 1
  rmse: 32.15655014417062
  std: 0.0
scale:
  max: 12252.677566857521
  mean: 12252.677566857521
  median: 12252.677566857521
  min: 12252.677566857521
  num_samples: 1
  rmse: 12252.677566857521
  std: 0.0
trans:
  max: 163.88778290693958
  mean: 163.88778290693958
  median: 163.88778290693958
  min: 163.88778290693958
  num_samples: 1
  rmse: 163.88778290693958
  std: 0.0
