rot:
  max: 19.575933766047026
  mean: 10.832541828781894
  median: 10.1149241029863
  min: 0.00212969360678017
  num_samples: 1330
  rmse: 12.237890911914517
  std: 5.694032973175566
scale:
  max: 24519810.477114342
  mean: 30677.06896272894
  median: 5.290445270038225
  min: 0.022698859807279703
  num_samples: 1330
  rmse: 762003.4792465783
  std: 761385.7234173402
trans:
  max: 283.3398374781459
  mean: 104.04544538290962
  median: 107.82017197844662
  min: 9.938361130639345e-08
  num_samples: 1330
  rmse: 131.25640763179098
  std: 80.01743459693549
