rot:
  max: 12.237890911914517
  mean: 12.237890911914517
  median: 12.237890911914517
  min: 12.237890911914517
  num_samples: 1
  rmse: 12.237890911914517
  std: 0.0
scale:
  max: 762003.4792465783
  mean: 762003.4792465783
  median: 762003.4792465783
  min: 762003.4792465783
  num_samples: 1
  rmse: 762003.4792465783
  std: 0.0
trans:
  max: 131.25640763179098
  mean: 131.25640763179098
  median: 131.25640763179098
  min: 131.25640763179098
  num_samples: 1
  rmse: 131.25640763179098
  std: 0.0
