rot:
  max: 9.7969376798687
  mean: 5.143022937446454
  median: 5.258740320599866
  min: 0.0010292157793350173
  num_samples: 753
  rmse: 5.644006960278466
  std: 2.324678393363566
scale:
  max: 75216.93495004429
  mean: 1196.6602316139108
  median: 2.716083491210064
  min: 0.016793804166570503
  num_samples: 753
  rmse: 5348.508120974321
  std: 5212.920813728327
trans:
  max: 85.46714694466976
  mean: 52.42144231180913
  median: 79.80352802884818
  min: 0.0
  num_samples: 753
  rmse: 63.49309857771634
  std: 35.82409737801181
