rot:
  max: 5.644006960278466
  mean: 5.644006960278466
  median: 5.644006960278466
  min: 5.644006960278466
  num_samples: 1
  rmse: 5.644006960278466
  std: 0.0
scale:
  max: 5348.508120974321
  mean: 5348.508120974321
  median: 5348.508120974321
  min: 5348.508120974321
  num_samples: 1
  rmse: 5348.508120974321
  std: 0.0
trans:
  max: 63.49309857771634
  mean: 63.49309857771634
  median: 63.49309857771634
  min: 63.49309857771634
  num_samples: 1
  rmse: 63.49309857771634
  std: 0.0
