rot:
  max: 13.14665016424714
  mean: 4.932717975416082
  median: 4.560102181549352
  min: 0.0006741862031264913
  num_samples: 1330
  rmse: 5.647861041963802
  std: 2.750750392954531
scale:
  max: 11823396.453366015
  mean: 17081.77276545322
  median: 3.30730184914676
  min: 0.014677991901512755
  num_samples: 1330
  rmse: 399061.360789285
  std: 398695.60157366336
trans:
  max: 135.49151293451425
  mean: 57.07776589495601
  median: 62.50525324266282
  min: 0.0
  num_samples: 1330
  rmse: 69.49654166214067
  std: 39.6471681641735
