rot:
  max: 5.647861041963802
  mean: 5.647861041963802
  median: 5.647861041963802
  min: 5.647861041963802
  num_samples: 1
  rmse: 5.647861041963802
  std: 0.0
scale:
  max: 399061.360789285
  mean: 399061.360789285
  median: 399061.360789285
  min: 399061.360789285
  num_samples: 1
  rmse: 399061.360789285
  std: 0.0
trans:
  max: 69.49654166214067
  mean: 69.49654166214067
  median: 69.49654166214067
  min: 69.49654166214067
  num_samples: 1
  rmse: 69.49654166214067
  std: 0.0
