rot:
  max: 11.531955075417176
  mean: 6.488113822788402
  median: 6.8795239103393575
  min: 0.00260916829651933
  num_samples: 535
  rmse: 7.312744907014779
  std: 3.3735170219835364
scale:
  max: 2560772.933327428
  mean: 8413.555595122523
  median: 51.170454374013666
  min: 0.026284872222170907
  num_samples: 535
  rmse: 126942.05325140612
  std: 126662.92656468431
trans:
  max: 54.52859031219575
  mean: 25.397326424914603
  median: 22.29333709475093
  min: 0.0
  num_samples: 535
  rmse: 33.14601507706532
  std: 21.29868836232354
