rot:
  max: 7.312744907014779
  mean: 7.312744907014779
  median: 7.312744907014779
  min: 7.312744907014779
  num_samples: 1
  rmse: 7.312744907014779
  std: 0.0
scale:
  max: 126942.05325140612
  mean: 126942.05325140612
  median: 126942.05325140612
  min: 126942.05325140612
  num_samples: 1
  rmse: 126942.05325140612
  std: 0.0
trans:
  max: 33.14601507706532
  mean: 33.14601507706532
  median: 33.14601507706532
  min: 33.14601507706532
  num_samples: 1
  rmse: 33.14601507706532
  std: 0.0
