rot:
  max: 13.223903573387053
  mean: 6.459932890309218
  median: 9.060313620607882
  min: 0.00028484216398121505
  num_samples: 535
  rmse: 8.199972276047118
  std: 5.050624949512937
scale:
  max: 2557282.951710896
  mean: 8417.530147337773
  median: 50.62401590130723
  min: 0.020897934836017207
  num_samples: 535
  rmse: 126348.90545983477
  std: 126068.20018195281
trans:
  max: 81.40978134698587
  mean: 35.46031059733014
  median: 24.272957372671083
  min: 0.0
  num_samples: 535
  rmse: 48.771708637049166
  std: 33.48501061248289
