rot:
  max: 8.199972276047118
  mean: 8.199972276047118
  median: 8.199972276047118
  min: 8.199972276047118
  num_samples: 1
  rmse: 8.199972276047118
  std: 0.0
scale:
  max: 126348.90545983477
  mean: 126348.90545983477
  median: 126348.90545983477
  min: 126348.90545983477
  num_samples: 1
  rmse: 126348.90545983477
  std: 0.0
trans:
  max: 48.771708637049166
  mean: 48.771708637049166
  median: 48.771708637049166
  min: 48.771708637049166
  num_samples: 1
  rmse: 48.771708637049166
  std: 0.0
