rot:
  max: 13.659679381468385
  mean: 7.452282809503318
  median: 10.089966237891918
  min: 0.0006785081735415092
  num_samples: 535
  rmse: 9.028274602936504
  std: 5.096393159206776
scale:
  max: 3152900.0099882293
  mean: 13734.410786428036
  median: 10.479490143970605
  min: 0.0008069034147517584
  num_samples: 535
  rmse: 192947.30252448004
  std: 192457.85905445082
trans:
  max: 53.25224264449579
  mean: 21.995668791527258
  median: 18.221716796495816
  min: 3.8474106316268337e-08
  num_samples: 535
  rmse: 29.392752013459216
  std: 19.496779870997784
