rot:
  max: 9.028274602936504
  mean: 9.028274602936504
  median: 9.028274602936504
  min: 9.028274602936504
  num_samples: 1
  rmse: 9.028274602936504
  std: 0.0
scale:
  max: 192947.30252448004
  mean: 192947.30252448004
  median: 192947.30252448004
  min: 192947.30252448004
  num_samples: 1
  rmse: 192947.30252448004
  std: 0.0
trans:
  max: 29.392752013459216
  mean: 29.392752013459216
  median: 29.392752013459216
  min: 29.392752013459216
  num_samples: 1
  rmse: 29.392752013459216
  std: 0.0
