rot:
  max: 10.205834736561819
  mean: 5.587823616568447
  median: 4.751058555887804
  min: 0.0
  num_samples: 792
  rmse: 6.41026999146691
  std: 3.1413036455619965
scale:
  max: 80473.5457920929
  mean: 243.21159654202796
  median: 5.807678958038709
  min: 0.006848058917485744
  num_samples: 792
  rmse: 3216.57685914354
  std: 3207.3688297551935
trans:
  max: 27.69398794982987
  mean: 14.347519530207864
  median: 16.144560261711113
  min: 0.0
  num_samples: 792
  rmse: 16.176142085147276
  std: 7.471027779976251
