rot:
  max: 6.41026999146691
  mean: 6.41026999146691
  median: 6.41026999146691
  min: 6.41026999146691
  num_samples: 1
  rmse: 6.41026999146691
  std: 0.0
scale:
  max: 3216.57685914354
  mean: 3216.57685914354
  median: 3216.57685914354
  min: 3216.57685914354
  num_samples: 1
  rmse: 3216.57685914354
  std: 0.0
trans:
  max: 16.176142085147276
  mean: 16.176142085147276
  median: 16.176142085147276
  min: 16.176142085147276
  num_samples: 1
  rmse: 16.176142085147276
  std: 0.0
