rot:
  max: 6.102190123379902
  mean: 2.6694731933951767
  median: 2.8889002619775264
  min: 0.00028484216398121505
  num_samples: 535
  rmse: 3.4049782486497557
  std: 2.113714678834992
scale:
  max: 2557282.951710896
  mean: 8002.763866129255
  median: 5.8444401287431225
  min: 0.0496118859370176
  num_samples: 535
  rmse: 126337.51236660747
  std: 126083.7927787932
trans:
  max: 23.866181909227148
  mean: 6.333619277063525
  median: 4.120565224436764
  min: 0.0
  num_samples: 535
  rmse: 9.042332601407193
  std: 6.453607187277566
