rot:
  max: 3.4049782486497557
  mean: 3.4049782486497557
  median: 3.4049782486497557
  min: 3.4049782486497557
  num_samples: 1
  rmse: 3.4049782486497557
  std: 0.0
scale:
  max: 126337.51236660747
  mean: 126337.51236660747
  median: 126337.51236660747
  min: 126337.51236660747
  num_samples: 1
  rmse: 126337.51236660747
  std: 0.0
trans:
  max: 9.042332601407193
  mean: 9.042332601407193
  median: 9.042332601407193
  min: 9.042332601407193
  num_samples: 1
  rmse: 9.042332601407193
  std: 0.0
