rot:
  max: 32.265176048766584
  mean: 15.05635918405426
  median: 10.7950415652802
  min: 0.00042243057245074247
  num_samples: 1330
  rmse: 18.930810529320514
  std: 11.475261888853668
scale:
  max: 23085730.07557089
  mean: 28563.97250800605
  median: 7.354596724949869
  min: 0.0337504667143107
  num_samples: 1330
  rmse: 711844.9668815185
  std: 711271.6473676651
trans:
  max: 456.9755953174668
  mean: 135.23416529816393
  median: 100.85200403979414
  min: 9.678172040897828e-08
  num_samples: 1330
  rmse: 187.38637534797925
  std: 129.71266014604217
