rot:
  max: 18.930810529320514
  mean: 18.930810529320514
  median: 18.930810529320514
  min: 18.930810529320514
  num_samples: 1
  rmse: 18.930810529320514
  std: 0.0
scale:
  max: 711844.9668815185
  mean: 711844.9668815185
  median: 711844.9668815185
  min: 711844.9668815185
  num_samples: 1
  rmse: 711844.9668815185
  std: 0.0
trans:
  max: 187.38637534797925
  mean: 187.38637534797925
  median: 187.38637534797925
  min: 187.38637534797925
  num_samples: 1
  rmse: 187.38637534797925
  std: 0.0
