rot:
  max: 5.43753128335872
  mean: 3.2278195806542342
  median: 3.8919691776756014
  min: 4.899463357895689e-05
  num_samples: 535
  rmse: 3.6664333052871547
  std: 1.7389404638641357
scale:
  max: 2557238.238924382
  mean: 8209.673091186822
  median: 12.759733147623198
  min: 0.011032836092006448
  num_samples: 535
  rmse: 126339.27976066699
  std: 126072.26054203967
trans:
  max: 43.33456414316138
  mean: 22.534939213788533
  median: 30.746691571399968
  min: 0.0
  num_samples: 535
  rmse: 28.568689084370465
  std: 17.559798137515248
