rot:
  max: 3.6664333052871547
  mean: 3.6664333052871547
  median: 3.6664333052871547
  min: 3.6664333052871547
  num_samples: 1
  rmse: 3.6664333052871547
  std: 0.0
scale:
  max: 126339.27976066699
  mean: 126339.27976066699
  median: 126339.27976066699
  min: 126339.27976066699
  num_samples: 1
  rmse: 126339.27976066699
  std: 0.0
trans:
  max: 28.568689084370465
  mean: 28.568689084370465
  median: 28.568689084370465
  min: 28.568689084370465
  num_samples: 1
  rmse: 28.568689084370465
  std: 0.0
