rot:
  max: 4.197932249661298
  mean: 2.1409140575617576
  median: 2.165798270022188
  min: 0.00016122290739021877
  num_samples: 2095
  rmse: 2.3920304775514465
  std: 1.0669099323136197
scale:
  max: 10959.102430127547
  mean: 49.770668869373445
  median: 2.517119454373473
  min: 0.007632249813549485
  num_samples: 2095
  rmse: 490.33365576154836
  std: 487.80116286534184
trans:
  max: 57.586528461397634
  mean: 38.17381560759144
  median: 44.859345831059635
  min: 0.0
  num_samples: 2095
  rmse: 42.054851589473074
  std: 17.64568911009752
