rot:
  max: 2.3920304775514465
  mean: 2.3920304775514465
  median: 2.3920304775514465
  min: 2.3920304775514465
  num_samples: 1
  rmse: 2.3920304775514465
  std: 0.0
scale:
  max: 490.33365576154836
  mean: 490.33365576154836
  median: 490.33365576154836
  min: 490.33365576154836
  num_samples: 1
  rmse: 490.33365576154836
  std: 0.0
trans:
  max: 42.054851589473074
  mean: 42.054851589473074
  median: 42.054851589473074
  min: 42.054851589473074
  num_samples: 1
  rmse: 42.054851589473074
  std: 0.0
