rot:
  max: 4.225249464336583
  mean: 1.7115585127563784
  median: 1.2946458881879077
  min: 5.109599479759417e-05
  num_samples: 1330
  rmse: 2.177658608101556
  std: 1.346389420208722
scale:
  max: 2176276.0445006993
  mean: 2832.225959438811
  median: 1.674209850183761
  min: 0.0003661819893308049
  num_samples: 1330
  rmse: 68765.51553346463
  std: 68707.16573035046
trans:
  max: 72.26525213989817
  mean: 18.74154744366407
  median: 12.212842806246776
  min: 0.0
  num_samples: 1330
  rmse: 26.989727255612873
  std: 19.4216316706208
