rot:
  max: 2.177658608101556
  mean: 2.177658608101556
  median: 2.177658608101556
  min: 2.177658608101556
  num_samples: 1
  rmse: 2.177658608101556
  std: 0.0
scale:
  max: 68765.51553346463
  mean: 68765.51553346463
  median: 68765.51553346463
  min: 68765.51553346463
  num_samples: 1
  rmse: 68765.51553346463
  std: 0.0
trans:
  max: 26.989727255612873
  mean: 26.989727255612873
  median: 26.989727255612873
  min: 26.989727255612873
  num_samples: 1
  rmse: 26.989727255612873
  std: 0.0
