rot:
  max: 8.3755330327172
  mean: 1.544270477157348
  median: 1.1384249661292793
  min: 0.0
  num_samples: 792
  rmse: 2.1771994183651526
  std: 1.534739717577471
scale:
  max: 95045.45683651343
  mean: 227.09441856129015
  median: 3.4054521054939055
  min: 0.017499497614359427
  num_samples: 792
  rmse: 3823.646870350148
  std: 3816.897105529149
trans:
  max: 8.275218212195286
  mean: 4.356531262046066
  median: 3.4097158815761683
  min: 0.0
  num_samples: 792
  rmse: 5.056503609770603
  std: 2.5668782827470507
