rot:
  max: 2.1771994183651526
  mean: 2.1771994183651526
  median: 2.1771994183651526
  min: 2.1771994183651526
  num_samples: 1
  rmse: 2.1771994183651526
  std: 0.0
scale:
  max: 3823.646870350148
  mean: 3823.646870350148
  median: 3823.646870350148
  min: 3823.646870350148
  num_samples: 1
  rmse: 3823.646870350148
  std: 0.0
trans:
  max: 5.056503609770603
  mean: 5.056503609770603
  median: 5.056503609770603
  min: 5.056503609770603
  num_samples: 1
  rmse: 5.056503609770603
  std: 0.0
