rot:
  max: 10.812465745767753
  mean: 5.943172651689646
  median: 4.66624740956906
  min: 0.0
  num_samples: 792
  rmse: 6.936799242004934
  std: 3.577412829977621
scale:
  max: 80473.5457920929
  mean: 252.37635710954405
  median: 4.876267058104489
  min: 0.05398476547127107
  num_samples: 792
  rmse: 3219.624439638533
  std: 3209.7176989090262
trans:
  max: 32.573656958122285
  mean: 16.400416890375553
  median: 17.273790509041067
  min: 0.0
  num_samples: 792
  rmse: 18.62788906022306
  std: 8.833152136234396
