rot:
  max: 6.936799242004934
  mean: 6.936799242004934
  median: 6.936799242004934
  min: 6.936799242004934
  num_samples: 1
  rmse: 6.936799242004934
  std: 0.0
scale:
  max: 3219.624439638533
  mean: 3219.624439638533
  median: 3219.624439638533
  min: 3219.624439638533
  num_samples: 1
  rmse: 3219.624439638533
  std: 0.0
trans:
  max: 18.62788906022306
  mean: 18.62788906022306
  median: 18.62788906022306
  min: 18.62788906022306
  num_samples: 1
  rmse: 18.62788906022306
  std: 0.0
