rot:
  max: 175.5639648286589
  mean: 12.009529868482195
  median: 9.40873234287342
  min: 0.03371887288229111
  num_samples: 2592
  rmse: 23.887935480990286
  std: 20.64956788608393
scale:
  max: 1227981.1363360449
  mean: 560.2162518014111
  median: 8.330257184332513
  min: 0.35859439940201243
  num_samples: 2592
  rmse: 24121.752825077587
  std: 24115.24656944971
trans:
  max: 249.03098312559274
  mean: 174.20622388813766
  median: 204.12684070159753
  min: 0.001228081136336045
  num_samples: 2592
  rmse: 187.08177746442752
  std: 68.2039809533551
