rot:
  max: 23.887935480990286
  mean: 23.887935480990286
  median: 23.887935480990286
  min: 23.887935480990286
  num_samples: 1
  rmse: 23.887935480990286
  std: 0.0
scale:
  max: 24121.752825077587
  mean: 24121.752825077587
  median: 24121.752825077587
  min: 24121.752825077587
  num_samples: 1
  rmse: 24121.752825077587
  std: 0.0
trans:
  max: 187.08177746442752
  mean: 187.08177746442752
  median: 187.08177746442752
  min: 187.08177746442752
  num_samples: 1
  rmse: 187.08177746442752
  std: 0.0
