rot:
  max: 3.4981684053046105
  mean: 3.4981684053046105
  median: 3.4981684053046105
  min: 3.4981684053046105
  num_samples: 1
  rmse: 3.4981684053046105
  std: 0.0
scale:
  max: 238.34296724933316
  mean: 238.34296724933316
  median: 238.34296724933316
  min: 238.34296724933316
  num_samples: 1
  rmse: 238.34296724933316
  std: 0.0
trans:
  max: 13.488740428429278
  mean: 13.488740428429278
  median: 13.488740428429278
  min: 13.488740428429278
  num_samples: 1
  rmse: 13.488740428429278
  std: 0.0
