rot:
  max: 10.847536202031332
  mean: 5.789541195148017
  median: 4.861680105198118
  min: 0.0
  num_samples: 792
  rmse: 6.5237847680455054
  std: 3.0068223175749247
scale:
  max: 2548.471552531805
  mean: 64.57165013768793
  median: 6.0783343120332844
  min: 0.005055390803254678
  num_samples: 792
  rmse: 220.50249093766828
  std: 210.8360749687124
trans:
  max: 24.57919724489883
  mean: 14.537577255320324
  median: 16.522316727146194
  min: 0.0
  num_samples: 792
  rmse: 16.194026165896247
  std: 7.134797194547684
