rot:
  max: 6.5237847680455054
  mean: 6.5237847680455054
  median: 6.5237847680455054
  min: 6.5237847680455054
  num_samples: 1
  rmse: 6.5237847680455054
  std: 0.0
scale:
  max: 220.50249093766828
  mean: 220.50249093766828
  median: 220.50249093766828
  min: 220.50249093766828
  num_samples: 1
  rmse: 220.50249093766828
  std: 0.0
trans:
  max: 16.194026165896247
  mean: 16.194026165896247
  median: 16.194026165896247
  min: 16.194026165896247
  num_samples: 1
  rmse: 16.194026165896247
  std: 0.0
