rot:
  max: 9.860992939499047
  mean: 4.5374622946769305
  median: 4.512661940306422
  min: 0.0023198233863703107
  num_samples: 2095
  rmse: 4.700373304540566
  std: 1.2267620496342266
scale:
  max: 36440.966073901625
  mean: 239.6841871056816
  median: 3.498882131365244
  min: 0.004732404730756201
  num_samples: 2095
  rmse: 2309.19558935525
  std: 2296.7228305455637
trans:
  max: 181.0211794462949
  mean: 104.18238998131197
  median: 120.54351741158787
  min: 0.0
  num_samples: 2095
  rmse: 117.65437246775505
  std: 54.667915440073834
