rot:
  max: 4.700373304540566
  mean: 4.700373304540566
  median: 4.700373304540566
  min: 4.700373304540566
  num_samples: 1
  rmse: 4.700373304540566
  std: 0.0
scale:
  max: 2309.19558935525
  mean: 2309.19558935525
  median: 2309.19558935525
  min: 2309.19558935525
  num_samples: 1
  rmse: 2309.19558935525
  std: 0.0
trans:
  max: 117.65437246775505
  mean: 117.65437246775505
  median: 117.65437246775505
  min: 117.65437246775505
  num_samples: 1
  rmse: 117.65437246775505
  std: 0.0
