rot:
  max: 19.32835673897602
  mean: 11.402552944560922
  median: 11.177205987147447
  min: 0.0023198233863703107
  num_samples: 2095
  rmse: 12.011025748386768
  std: 3.7744570304740543
scale:
  max: 41329.39374466697
  mean: 268.221713503579
  median: 3.105401845388067
  min: 0.004955862407562961
  num_samples: 2095
  rmse: 2617.6151917670813
  std: 2603.836862127698
trans:
  max: 315.9868748621019
  mean: 168.1101263675895
  median: 146.2356105895607
  min: 0.0
  num_samples: 2095
  rmse: 192.03891903305143
  std: 92.83281659012603
