rot:
  max: 12.011025748386768
  mean: 12.011025748386768
  median: 12.011025748386768
  min: 12.011025748386768
  num_samples: 1
  rmse: 12.011025748386768
  std: 0.0
scale:
  max: 2617.6151917670813
  mean: 2617.6151917670813
  median: 2617.6151917670813
  min: 2617.6151917670813
  num_samples: 1
  rmse: 2617.6151917670813
  std: 0.0
trans:
  max: 192.03891903305143
  mean: 192.03891903305143
  median: 192.03891903305143
  min: 192.03891903305143
  num_samples: 1
  rmse: 192.03891903305143
  std: 0.0
