rot:
  max: 13.701478290788431
  mean: 7.618747133279331
  median: 10.963453725905392
  min: 0.0011756501000594333
  num_samples: 516
  rmse: 8.989819333737433
  std: 4.7719538736650975
scale:
  max: 9609.445664680592
  mean: 229.52878527924867
  median: 7.986557983149561
  min: 0.019182115858185078
  num_samples: 516
  rmse: 881.3974839602181
  std: 850.986522490007
trans:
  max: 47.63619909602598
  mean: 20.006007296780385
  median: 16.503059917031774
  min: 9.0953652069798e-08
  num_samples: 516
  rmse: 26.405088420060697
  std: 17.233350414599986
