rot:
  max: 8.989819333737433
  mean: 8.989819333737433
  median: 8.989819333737433
  min: 8.989819333737433
  num_samples: 1
  rmse: 8.989819333737433
  std: 0.0
scale:
  max: 881.3974839602181
  mean: 881.3974839602181
  median: 881.3974839602181
  min: 881.3974839602181
  num_samples: 1
  rmse: 881.3974839602181
  std: 0.0
trans:
  max: 26.405088420060697
  mean: 26.405088420060697
  median: 26.405088420060697
  min: 26.405088420060697
  num_samples: 1
  rmse: 26.405088420060697
  std: 0.0
