rot:
  max: 8.254477738309372
  mean: 8.254477738309372
  median: 8.254477738309372
  min: 8.254477738309372
  num_samples: 1
  rmse: 8.254477738309372
  std: 0.0
scale:
  max: 192946.5135874895
  mean: 192946.5135874895
  median: 192946.5135874895
  min: 192946.5135874895
  num_samples: 1
  rmse: 192946.5135874895
  std: 0.0
trans:
  max: 24.975072618058007
  mean: 24.975072618058007
  median: 24.975072618058007
  min: 24.975072618058007
  num_samples: 1
  rmse: 24.975072618058007
  std: 0.0
