rot:
  max: 36.17363975263996
  mean: 19.035682278049375
  median: 17.912691231678544
  min: 1.1459155902616465e-14
  num_samples: 2095
  rmse: 21.65611900321065
  std: 10.326194385657212
scale:
  max: 97057.145464634
  mean: 676.0788577471945
  median: 12.660638122411205
  min: 0.011205117546742027
  num_samples: 2095
  rmse: 6103.831931222318
  std: 6066.2741137139865
trans:
  max: 607.1737157603152
  mean: 316.1918560534087
  median: 374.59644319741255
  min: 0.0
  num_samples: 2095
  rmse: 369.9634942308424
  std: 192.08252713090548
