rot:
  max: 21.65611900321065
  mean: 21.65611900321065
  median: 21.65611900321065
  min: 21.65611900321065
  num_samples: 1
  rmse: 21.65611900321065
  std: 0.0
scale:
  max: 6103.831931222318
  mean: 6103.831931222318
  median: 6103.831931222318
  min: 6103.831931222318
  num_samples: 1
  rmse: 6103.831931222318
  std: 0.0
trans:
  max: 369.9634942308424
  mean: 369.9634942308424
  median: 369.9634942308424
  min: 369.9634942308424
  num_samples: 1
  rmse: 369.9634942308424
  std: 0.0
