rot:
  max: 107.58587531753338
  mean: 107.58587531753338
  median: 107.58587531753338
  min: 107.58587531753338
  num_samples: 1
  rmse: 107.58587531753338
  std: 0.0
scale:
  max: 36714.07991338771
  mean: 36714.07991338771
  median: 36714.07991338771
  min: 36714.07991338771
  num_samples: 1
  rmse: 36714.07991338771
  std: 0.0
trans:
  max: 480.81915842662846
  mean: 480.81915842662846
  median: 480.81915842662846
  min: 480.81915842662846
  num_samples: 1
  rmse: 480.81915842662846
  std: 0.0
