rot:
  max: 28.649982593797752
  mean: 13.021131328174787
  median: 8.52310632808964
  min: 0.0007801794054116189
  num_samples: 1101
  rmse: 16.210479447162122
  std: 9.655557096371533
scale:
  max: 1075.418366396347
  mean: 8.697653741601087
  median: 3.7761878602515564
  min: 0.0038032944452037754
  num_samples: 1101
  rmse: 43.748880965316495
  std: 42.875580522118234
trans:
  max: 291.05257743793953
  mean: 113.32636732707921
  median: 104.61176947989395
  min: 1.2476799491734092e-08
  num_samples: 1101
  rmse: 142.30177830309574
  std: 86.06352640155599
