rot:
  max: 16.210479447162122
  mean: 16.210479447162122
  median: 16.210479447162122
  min: 16.210479447162122
  num_samples: 1
  rmse: 16.210479447162122
  std: 0.0
scale:
  max: 43.748880965316495
  mean: 43.748880965316495
  median: 43.748880965316495
  min: 43.748880965316495
  num_samples: 1
  rmse: 43.748880965316495
  std: 0.0
trans:
  max: 142.30177830309574
  mean: 142.30177830309574
  median: 142.30177830309574
  min: 142.30177830309574
  num_samples: 1
  rmse: 142.30177830309574
  std: 0.0
