rot:
  max: 10.207820484795175
  mean: 10.207820484795175
  median: 10.207820484795175
  min: 10.207820484795175
  num_samples: 1
  rmse: 10.207820484795175
  std: 0.0
scale:
  max: 42.99299415382814
  mean: 42.99299415382814
  median: 42.99299415382814
  min: 42.99299415382814
  num_samples: 1
  rmse: 42.99299415382814
  std: 0.0
trans:
  max: 96.98940884460859
  mean: 96.98940884460859
  median: 96.98940884460859
  min: 96.98940884460859
  num_samples: 1
  rmse: 96.98940884460859
  std: 0.0
