rot:
  max: 24.784732800343097
  mean: 13.42189955621996
  median: 12.120370325882197
  min: 1.1459155902616465e-14
  num_samples: 2095
  rmse: 15.004460642296277
  std: 6.70719400859707
scale:
  max: 77806.19887875323
  mean: 521.8365339947541
  median: 9.987356938336811
  min: 0.013655693582936834
  num_samples: 2095
  rmse: 4872.487467654693
  std: 4844.4628963632695
trans:
  max: 421.96062660426105
  mean: 222.0979198890009
  median: 251.17263116726303
  min: 0.0
  num_samples: 2095
  rmse: 257.5188165272945
  std: 130.33976694239297
