rot:
  max: 15.004460642296277
  mean: 15.004460642296277
  median: 15.004460642296277
  min: 15.004460642296277
  num_samples: 1
  rmse: 15.004460642296277
  std: 0.0
scale:
  max: 4872.487467654693
  mean: 4872.487467654693
  median: 4872.487467654693
  min: 4872.487467654693
  num_samples: 1
  rmse: 4872.487467654693
  std: 0.0
trans:
  max: 257.5188165272945
  mean: 257.5188165272945
  median: 257.5188165272945
  min: 257.5188165272945
  num_samples: 1
  rmse: 257.5188165272945
  std: 0.0
