rot:
  max: 149.0017142688107
  mean: 72.13249196665632
  median: 133.8247768866642
  min: 0.00028484216398121505
  num_samples: 535
  rmse: 99.94915360670632
  std: 69.18624797875106
scale:
  max: 2557282.951710896
  mean: 12143.94892938261
  median: 103.06589404175908
  min: 0.009507704457578647
  num_samples: 535
  rmse: 127298.88913504439
  std: 126718.31627439213
trans:
  max: 739.1496506997316
  mean: 310.6138154533794
  median: 252.9760264139218
  min: 0.0
  num_samples: 535
  rmse: 443.6493136245959
  std: 316.7708495570086
