rot:
  max: 99.94915360670632
  mean: 99.94915360670632
  median: 99.94915360670632
  min: 99.94915360670632
  num_samples: 1
  rmse: 99.94915360670632
  std: 0.0
scale:
  max: 127298.88913504439
  mean: 127298.88913504439
  median: 127298.88913504439
  min: 127298.88913504439
  num_samples: 1
  rmse: 127298.88913504439
  std: 0.0
trans:
  max: 443.6493136245959
  mean: 443.6493136245959
  median: 443.6493136245959
  min: 443.6493136245959
  num_samples: 1
  rmse: 443.6493136245959
  std: 0.0
