rot:
  max: 28.783900350947235
  mean: 16.08812637110909
  median: 16.307978318808143
  min: 0.0
  num_samples: 2686
  rmse: 17.79188871199152
  std: 7.5975978971722
scale:
  max: 144428.36364424165
  mean: 457.8646402706506
  median: 8.92236843536115
  min: 0.10017199660338205
  num_samples: 2686
  rmse: 3926.168759000518
  std: 3899.379578258764
trans:
  max: 415.78774845406014
  mean: 243.79340438045534
  median: 286.45990414909215
  min: 0.0
  num_samples: 2686
  rmse: 271.9068291318412
  std: 120.40805500098422
