rot:
  max: 9.277955709384678
  mean: 2.0777995701278473
  median: 1.9710771007397447
  min: 0.00260916829651933
  num_samples: 535
  rmse: 2.413345364037461
  std: 1.227593089137292
scale:
  max: 2560772.933327428
  mean: 8181.862950621636
  median: 3.4270137824924385
  min: 0.011692822673325942
  num_samples: 535
  rmse: 126937.19777563613
  std: 126673.23828570978
trans:
  max: 11.714933683428116
  mean: 5.560662471952579
  median: 4.680647676231313
  min: 0.0
  num_samples: 535
  rmse: 7.155927549075027
  std: 4.504035075421724
