rot:
  max: 2.413345364037461
  mean: 2.413345364037461
  median: 2.413345364037461
  min: 2.413345364037461
  num_samples: 1
  rmse: 2.413345364037461
  std: 0.0
scale:
  max: 126937.19777563613
  mean: 126937.19777563613
  median: 126937.19777563613
  min: 126937.19777563613
  num_samples: 1
  rmse: 126937.19777563613
  std: 0.0
trans:
  max: 7.155927549075027
  mean: 7.155927549075027
  median: 7.155927549075027
  min: 7.155927549075027
  num_samples: 1
  rmse: 7.155927549075027
  std: 0.0
