rot:
  max: 13.932885258237782
  mean: 13.932885258237782
  median: 13.932885258237782
  min: 13.932885258237782
  num_samples: 1
  rmse: 13.932885258237782
  std: 0.0
scale:
  max: 206152.44697682874
  mean: 206152.44697682874
  median: 206152.44697682874
  min: 206152.44697682874
  num_samples: 1
  rmse: 206152.44697682874
  std: 0.0
trans:
  max: 43.078853147209244
  mean: 43.078853147209244
  median: 43.078853147209244
  min: 43.078853147209244
  num_samples: 1
  rmse: 43.078853147209244
  std: 0.0
