rot:
  max: 24.550557851597635
  mean: 15.093185719023506
  median: 16.156448347321795
  min: 1.1459155902616465e-14
  num_samples: 2095
  rmse: 16.18414695252041
  std: 5.841434535440811
scale:
  max: 107555.10604031353
  mean: 719.5225209705321
  median: 10.928003869163883
  min: 0.017645722360071225
  num_samples: 2095
  rmse: 6824.373181636023
  std: 6786.336026461494
trans:
  max: 534.655766617404
  mean: 293.2590914483181
  median: 356.1765506516246
  min: 0.0
  num_samples: 2095
  rmse: 339.46077834829003
  std: 170.97580331653342
