rot:
  max: 16.18414695252041
  mean: 16.18414695252041
  median: 16.18414695252041
  min: 16.18414695252041
  num_samples: 1
  rmse: 16.18414695252041
  std: 0.0
scale:
  max: 6824.373181636023
  mean: 6824.373181636023
  median: 6824.373181636023
  min: 6824.373181636023
  num_samples: 1
  rmse: 6824.373181636023
  std: 0.0
trans:
  max: 339.46077834829003
  mean: 339.46077834829003
  median: 339.46077834829003
  min: 339.46077834829003
  num_samples: 1
  rmse: 339.46077834829003
  std: 0.0
