rot:
  max: 179.58355707118366
  mean: 83.39458465267919
  median: 110.95671543625268
  min: 0.002037169356248867
  num_samples: 772
  rmse: 107.58587531753338
  std: 67.97105132662703
scale:
  max: 359502.08573762886
  mean: 9176.11199412379
  median: 1377.7077539902289
  min: 0.0023899884744271738
  num_samples: 772
  rmse: 36714.07991338771
  std: 35548.87667083048
trans:
  max: 693.4445732383673
  mean: 375.93529011686365
  median: 595.3068081261899
  min: 0.0
  num_samples: 772
  rmse: 480.81915842662846
  std: 299.7661100839133
