rot:
  max: 7.999222562325195
  mean: 4.447641644417501
  median: 4.688362359120025
  min: 0.00016122290739021877
  num_samples: 2095
  rmse: 4.916274630975696
  std: 2.094812652725392
scale:
  max: 20894.420753824506
  mean: 149.48291744205756
  median: 4.166264936589359
  min: 0.015865119438862596
  num_samples: 2095
  rmse: 1345.5493602204324
  std: 1337.2202280038339
trans:
  max: 159.17203039097768
  mean: 81.70838974506206
  median: 78.90991070710805
  min: 0.0
  num_samples: 2095
  rmse: 94.77467299842156
  std: 48.02059648970193
