rot:
  max: 4.916274630975696
  mean: 4.916274630975696
  median: 4.916274630975696
  min: 4.916274630975696
  num_samples: 1
  rmse: 4.916274630975696
  std: 0.0
scale:
  max: 1345.5493602204324
  mean: 1345.5493602204324
  median: 1345.5493602204324
  min: 1345.5493602204324
  num_samples: 1
  rmse: 1345.5493602204324
  std: 0.0
trans:
  max: 94.77467299842156
  mean: 94.77467299842156
  median: 94.77467299842156
  min: 94.77467299842156
  num_samples: 1
  rmse: 94.77467299842156
  std: 0.0
