rot:
  max: 19.13409887008097
  mean: 10.82485218256078
  median: 9.942210314697572
  min: 0.00212969360678017
  num_samples: 1330
  rmse: 12.266528901877816
  std: 5.7697752578686226
scale:
  max: 24519810.477114342
  mean: 30676.55107471077
  median: 5.129906167985688
  min: 0.04376847661757832
  num_samples: 1330
  rmse: 762003.4785829809
  std: 761385.7436193066
trans:
  max: 278.0425051048966
  mean: 102.89169073967594
  median: 106.32252161050539
  min: 9.938361130639345e-08
  num_samples: 1330
  rmse: 129.70549754846053
  std: 78.97351499727348
