rot:
  max: 12.266528901877816
  mean: 12.266528901877816
  median: 12.266528901877816
  min: 12.266528901877816
  num_samples: 1
  rmse: 12.266528901877816
  std: 0.0
scale:
  max: 762003.4785829809
  mean: 762003.4785829809
  median: 762003.4785829809
  min: 762003.4785829809
  num_samples: 1
  rmse: 762003.4785829809
  std: 0.0
trans:
  max: 129.70549754846053
  mean: 129.70549754846053
  median: 129.70549754846053
  min: 129.70549754846053
  num_samples: 1
  rmse: 129.70549754846053
  std: 0.0
