rot:
  max: 4.223637976238691
  mean: 1.1026432846047234
  median: 0.5844903784030578
  min: 0.0004746431245258161
  num_samples: 1101
  rmse: 1.6131925798322078
  std: 1.1775262572621477
scale:
  max: 13823.080277924504
  mean: 35.93123469297946
  median: 1.8251888615741008
  min: 0.002133182042118875
  num_samples: 1101
  rmse: 604.3736293968639
  std: 603.3045916316034
trans:
  max: 35.34534080618035
  mean: 15.855777984375052
  median: 14.826503931458056
  min: 0.0
  num_samples: 1101
  rmse: 19.15935635406619
  std: 10.755242461809214
