rot:
  max: 1.6131925798322078
  mean: 1.6131925798322078
  median: 1.6131925798322078
  min: 1.6131925798322078
  num_samples: 1
  rmse: 1.6131925798322078
  std: 0.0
scale:
  max: 604.3736293968639
  mean: 604.3736293968639
  median: 604.3736293968639
  min: 604.3736293968639
  num_samples: 1
  rmse: 604.3736293968639
  std: 0.0
trans:
  max: 19.15935635406619
  mean: 19.15935635406619
  median: 19.15935635406619
  min: 19.15935635406619
  num_samples: 1
  rmse: 19.15935635406619
  std: 0.0
