rot:
  max: 9.10430093331408
  mean: 3.877865688624061
  median: 4.6113968794120925
  min: 0.0014041919303462956
  num_samples: 753
  rmse: 4.387480805859739
  std: 2.0523512181836376
scale:
  max: 13661.787849710749
  mean: 350.82809627440383
  median: 43.166598870466736
  min: 0.023329018333506646
  num_samples: 753
  rmse: 1425.8447958576303
  std: 1382.010502398142
trans:
  max: 28.362177705375757
  mean: 15.96081806296153
  median: 23.756162811231366
  min: 0.0
  num_samples: 753
  rmse: 19.58599601726672
  std: 11.351807201914097
