rot:
  max: 4.387480805859739
  mean: 4.387480805859739
  median: 4.387480805859739
  min: 4.387480805859739
  num_samples: 1
  rmse: 4.387480805859739
  std: 0.0
scale:
  max: 1425.8447958576303
  mean: 1425.8447958576303
  median: 1425.8447958576303
  min: 1425.8447958576303
  num_samples: 1
  rmse: 1425.8447958576303
  std: 0.0
trans:
  max: 19.58599601726672
  mean: 19.58599601726672
  median: 19.58599601726672
  min: 19.58599601726672
  num_samples: 1
  rmse: 19.58599601726672
  std: 0.0
