rot:
  max: 1.4757730131841449
  mean: 0.4667328361716854
  median: 0.3562351269199718
  min: 0.00024775414789135876
  num_samples: 2111
  rmse: 0.5872687687786973
  std: 0.3564338177305595
scale:
  max: 17328474.582918115
  mean: 14550.953922275514
  median: 1.2632219339046236
  min: 0.007777561674249256
  num_samples: 2111
  rmse: 455065.2116072599
  std: 454832.51483937673
trans:
  max: 26.67135152980399
  mean: 14.739891475708296
  median: 15.510091182082002
  min: 0.0
  num_samples: 2111
  rmse: 16.23956377228627
  std: 6.816086178922227
