rot:
  max: 0.5872687687786973
  mean: 0.5872687687786973
  median: 0.5872687687786973
  min: 0.5872687687786973
  num_samples: 1
  rmse: 0.5872687687786973
  std: 0.0
scale:
  max: 455065.2116072599
  mean: 455065.2116072599
  median: 455065.2116072599
  min: 455065.2116072599
  num_samples: 1
  rmse: 455065.2116072599
  std: 0.0
trans:
  max: 16.23956377228627
  mean: 16.23956377228627
  median: 16.23956377228627
  min: 16.23956377228627
  num_samples: 1
  rmse: 16.23956377228627
  std: 0.0
