rot:
  max: 4.3029537073439466
  mean: 1.2217837524790507
  median: 0.8698569012864164
  min: 0.0004746431245258161
  num_samples: 1101
  rmse: 1.6977246818789697
  std: 1.178776296690453
scale:
  max: 13823.080277924504
  mean: 37.42239745145849
  median: 3.0913973765708924
  min: 0.03358634228471935
  num_samples: 1101
  rmse: 604.3799069160551
  std: 603.2202218533829
trans:
  max: 61.079587890022026
  mean: 26.834418013601155
  median: 24.258415990436912
  min: 0.0
  num_samples: 1101
  rmse: 31.838637100048523
  std: 17.1351341477067
