rot:
  max: 1.6977246818789697
  mean: 1.6977246818789697
  median: 1.6977246818789697
  min: 1.6977246818789697
  num_samples: 1
  rmse: 1.6977246818789697
  std: 0.0
scale:
  max: 604.3799069160551
  mean: 604.3799069160551
  median: 604.3799069160551
  min: 604.3799069160551
  num_samples: 1
  rmse: 604.3799069160551
  std: 0.0
trans:
  max: 31.838637100048523
  mean: 31.838637100048523
  median: 31.838637100048523
  min: 31.838637100048523
  num_samples: 1
  rmse: 31.838637100048523
  std: 0.0
