rot:
  max: 9.093527150417646
  mean: 4.981512119377296
  median: 4.452573630939963
  min: 0.0
  num_samples: 792
  rmse: 5.688339962152803
  std: 2.7462244135397373
scale:
  max: 75199.26763419207
  mean: 219.21424743719925
  median: 7.052878512490518
  min: 0.04141800214179092
  num_samples: 792
  rmse: 3030.6724167960774
  std: 3022.73393001255
trans:
  max: 25.007172005865122
  mean: 13.381258613275572
  median: 15.444241692969074
  min: 0.0
  num_samples: 792
  rmse: 14.96896370413576
  std: 6.7090828210994715
