rot:
  max: 5.688339962152803
  mean: 5.688339962152803
  median: 5.688339962152803
  min: 5.688339962152803
  num_samples: 1
  rmse: 5.688339962152803
  std: 0.0
scale:
  max: 3030.6724167960774
  mean: 3030.6724167960774
  median: 3030.6724167960774
  min: 3030.6724167960774
  num_samples: 1
  rmse: 3030.6724167960774
  std: 0.0
trans:
  max: 14.96896370413576
  mean: 14.96896370413576
  median: 14.96896370413576
  min: 14.96896370413576
  num_samples: 1
  rmse: 14.96896370413576
  std: 0.0
