rot:
  max: 12.249734861323091
  mean: 6.284349734621874
  median: 5.1734986012390145
  min: 0.001786922634406715
  num_samples: 1082
  rmse: 7.3486184483173
  std: 3.8090867031228535
scale:
  max: 823340.8865629414
  mean: 763.955799721104
  median: 2.9099170584748535
  min: 0.01963110523397482
  num_samples: 1082
  rmse: 25030.300214940376
  std: 25018.639059431604
trans:
  max: 148.81818134823405
  mean: 59.31948802772256
  median: 54.25465556518883
  min: 3.422857959081703e-08
  num_samples: 1082
  rmse: 73.89100771017178
  std: 44.05768219679227
