rot:
  max: 7.3486184483173
  mean: 7.3486184483173
  median: 7.3486184483173
  min: 7.3486184483173
  num_samples: 1
  rmse: 7.3486184483173
  std: 0.0
scale:
  max: 25030.300214940376
  mean: 25030.300214940376
  median: 25030.300214940376
  min: 25030.300214940376
  num_samples: 1
  rmse: 25030.300214940376
  std: 0.0
trans:
  max: 73.89100771017178
  mean: 73.89100771017178
  median: 73.89100771017178
  min: 73.89100771017178
  num_samples: 1
  rmse: 73.89100771017178
  std: 0.0
