rot:
  max: 7.537105164750309
  mean: 4.024778224955877
  median: 4.103688658796382
  min: 0.0006785081735415092
  num_samples: 535
  rmse: 4.6555420980129805
  std: 2.339921465838573
scale:
  max: 3152942.3655458493
  mean: 13563.19877203455
  median: 7.433824598690242
  min: 0.0035529642153253604
  num_samples: 535
  rmse: 192946.60190907412
  std: 192469.2984019243
trans:
  max: 21.126096059925505
  mean: 9.314928169250317
  median: 11.05398146031066
  min: 3.8474106316268337e-08
  num_samples: 535
  rmse: 11.68374769785242
  std: 7.052806070549415
