rot:
  max: 4.6555420980129805
  mean: 4.6555420980129805
  median: 4.6555420980129805
  min: 4.6555420980129805
  num_samples: 1
  rmse: 4.6555420980129805
  std: 0.0
scale:
  max: 192946.60190907412
  mean: 192946.60190907412
  median: 192946.60190907412
  min: 192946.60190907412
  num_samples: 1
  rmse: 192946.60190907412
  std: 0.0
trans:
  max: 11.68374769785242
  mean: 11.68374769785242
  median: 11.68374769785242
  min: 11.68374769785242
  num_samples: 1
  rmse: 11.68374769785242
  std: 0.0
