rot:
  max: 2.3432139097511886
  mean: 0.5156674560514488
  median: 0.48038329630753374
  min: 0.0
  num_samples: 792
  rmse: 0.6894763356223033
  std: 0.45767312806476407
scale:
  max: 95045.45683651343
  mean: 226.8954915432578
  median: 3.0303722643283404
  min: 0.029983236788777567
  num_samples: 792
  rmse: 3823.685343329773
  std: 3816.9474768081714
trans:
  max: 5.338166796738303
  mean: 3.4145462389517793
  median: 4.022591457450955
  min: 0.0
  num_samples: 792
  rmse: 3.708572864043565
  std: 1.4471995957643673
