rot:
  max: 0.6894763356223033
  mean: 0.6894763356223033
  median: 0.6894763356223033
  min: 0.6894763356223033
  num_samples: 1
  rmse: 0.6894763356223033
  std: 0.0
scale:
  max: 3823.685343329773
  mean: 3823.685343329773
  median: 3823.685343329773
  min: 3823.685343329773
  num_samples: 1
  rmse: 3823.685343329773
  std: 0.0
trans:
  max: 3.708572864043565
  mean: 3.708572864043565
  median: 3.708572864043565
  min: 3.708572864043565
  num_samples: 1
  rmse: 3.708572864043565
  std: 0.0
