rot:
  max: 28.615623729688377
  mean: 17.304900790819577
  median: 17.07156375959034
  min: 0.0
  num_samples: 2686
  rmse: 18.89005979388076
  std: 7.5746133654650825
scale:
  max: 173725.51719894467
  mean: 594.8718452508195
  median: 10.852306724160677
  min: 0.0014496455466361802
  num_samples: 2686
  rmse: 4930.816873430154
  std: 4894.801581987916
trans:
  max: 477.8411781090506
  mean: 292.75895725510986
  median: 364.6386249699351
  min: 0.0
  num_samples: 2686
  rmse: 326.9068836111109
  std: 145.4658155692573
