rot:
  max: 18.89005979388076
  mean: 18.89005979388076
  median: 18.89005979388076
  min: 18.89005979388076
  num_samples: 1
  rmse: 18.89005979388076
  std: 0.0
scale:
  max: 4930.816873430154
  mean: 4930.816873430154
  median: 4930.816873430154
  min: 4930.816873430154
  num_samples: 1
  rmse: 4930.816873430154
  std: 0.0
trans:
  max: 326.9068836111109
  mean: 326.9068836111109
  median: 326.9068836111109
  min: 326.9068836111109
  num_samples: 1
  rmse: 326.9068836111109
  std: 0.0
