rot:
  max: 5.708457385645765
  mean: 3.1337192140071535
  median: 3.21502729090897
  min: 0.0004746431245258161
  num_samples: 1101
  rmse: 3.4860479061201026
  std: 1.5271980524891795
scale:
  max: 13823.080277924504
  mean: 37.76907487788253
  median: 3.3434839256577753
  min: 0.013340701887409878
  num_samples: 1101
  rmse: 604.3821599354219
  std: 603.2008722068255
trans:
  max: 108.2831578748617
  mean: 43.89893968390264
  median: 32.87523129661607
  min: 0.0
  num_samples: 1101
  rmse: 54.67676135025764
  std: 32.594958603779595
