rot:
  max: 3.4860479061201026
  mean: 3.4860479061201026
  median: 3.4860479061201026
  min: 3.4860479061201026
  num_samples: 1
  rmse: 3.4860479061201026
  std: 0.0
scale:
  max: 604.3821599354219
  mean: 604.3821599354219
  median: 604.3821599354219
  min: 604.3821599354219
  num_samples: 1
  rmse: 604.3821599354219
  std: 0.0
trans:
  max: 54.67676135025764
  mean: 54.67676135025764
  median: 54.67676135025764
  min: 54.67676135025764
  num_samples: 1
  rmse: 54.67676135025764
  std: 0.0
