rot:
  max: 6.477355526434996
  mean: 2.3291410049941543
  median: 0.7792955288085727
  min: 5.109599479759417e-05
  num_samples: 1330
  rmse: 3.371329050866104
  std: 2.437408818411177
scale:
  max: 2176276.0445006993
  mean: 2838.4097317784694
  median: 1.5795953136268248
  min: 0.044710508724876696
  num_samples: 1330
  rmse: 68765.56147156146
  std: 68706.9565232928
trans:
  max: 111.3898594097912
  mean: 25.559872228921257
  median: 10.088624820436362
  min: 0.0
  num_samples: 1330
  rmse: 40.44751757283332
  std: 31.347960211884278
