rot:
  max: 3.371329050866104
  mean: 3.371329050866104
  median: 3.371329050866104
  min: 3.371329050866104
  num_samples: 1
  rmse: 3.371329050866104
  std: 0.0
scale:
  max: 68765.56147156146
  mean: 68765.56147156146
  median: 68765.56147156146
  min: 68765.56147156146
  num_samples: 1
  rmse: 68765.56147156146
  std: 0.0
trans:
  max: 40.44751757283332
  mean: 40.44751757283332
  median: 40.44751757283332
  min: 40.44751757283332
  num_samples: 1
  rmse: 40.44751757283332
  std: 0.0
