rot:
  max: 4.682888182089822
  mean: 4.682888182089822
  median: 4.682888182089822
  min: 4.682888182089822
  num_samples: 1
  rmse: 4.682888182089822
  std: 0.0
scale:
  max: 126938.07578033632
  mean: 126938.07578033632
  median: 126938.07578033632
  min: 126938.07578033632
  num_samples: 1
  rmse: 126938.07578033632
  std: 0.0
trans:
  max: 18.439318164998426
  mean: 18.439318164998426
  median: 18.439318164998426
  min: 18.439318164998426
  num_samples: 1
  rmse: 18.439318164998426
  std: 0.0
