rot:
  max: 3.776638509136596
  mean: 1.349821719134378
  median: 0.6020164390664494
  min: 3.5902444128828443e-05
  num_samples: 1330
  rmse: 1.8851783813919016
  std: 1.316008683945704
scale:
  max: 2057788.0673522335
  mean: 2712.111341590338
  median: 2.1215070262922575
  min: 0.0808719372340505
  num_samples: 1330
  rmse: 65524.281429210685
  std: 65468.128955127635
trans:
  max: 45.24600482454223
  mean: 13.588102256371885
  median: 10.478897951016972
  min: 0.0
  num_samples: 1330
  rmse: 17.36545260107343
  std: 10.813067146305395
