rot:
  max: 1.8851783813919016
  mean: 1.8851783813919016
  median: 1.8851783813919016
  min: 1.8851783813919016
  num_samples: 1
  rmse: 1.8851783813919016
  std: 0.0
scale:
  max: 65524.281429210685
  mean: 65524.281429210685
  median: 65524.281429210685
  min: 65524.281429210685
  num_samples: 1
  rmse: 65524.281429210685
  std: 0.0
trans:
  max: 17.36545260107343
  mean: 17.36545260107343
  median: 17.36545260107343
  min: 17.36545260107343
  num_samples: 1
  rmse: 17.36545260107343
  std: 0.0
