rot:
  max: 12.32309715367808
  mean: 12.32309715367808
  median: 12.32309715367808
  min: 12.32309715367808
  num_samples: 1
  rmse: 12.32309715367808
  std: 0.0
scale:
  max: 762003.479120655
  mean: 762003.479120655
  median: 762003.479120655
  min: 762003.479120655
  num_samples: 1
  rmse: 762003.479120655
  std: 0.0
trans:
  max: 130.54718170284232
  mean: 130.54718170284232
  median: 130.54718170284232
  min: 130.54718170284232
  num_samples: 1
  rmse: 130.54718170284232
  std: 0.0
