rot:
  max: 30.02638745226629
  mean: 18.02694750903554
  median: 17.619045203231913
  min: 0.0
  num_samples: 2686
  rmse: 19.721400604650377
  std: 7.997674994370648
scale:
  max: 178608.4559041738
  mean: 610.5788620003623
  median: 9.717615668186397
  min: 0.49940716850918054
  num_samples: 2686
  rmse: 5069.319273477533
  std: 5032.414067793819
trans:
  max: 473.4415994231708
  mean: 289.4940530065269
  median: 358.0064971064815
  min: 0.0
  num_samples: 2686
  rmse: 323.07599374932477
  std: 143.42695357208123
