rot:
  max: 19.721400604650377
  mean: 19.721400604650377
  median: 19.721400604650377
  min: 19.721400604650377
  num_samples: 1
  rmse: 19.721400604650377
  std: 0.0
scale:
  max: 5069.319273477533
  mean: 5069.319273477533
  median: 5069.319273477533
  min: 5069.319273477533
  num_samples: 1
  rmse: 5069.319273477533
  std: 0.0
trans:
  max: 323.07599374932477
  mean: 323.07599374932477
  median: 323.07599374932477
  min: 323.07599374932477
  num_samples: 1
  rmse: 323.07599374932477
  std: 0.0
