rot:
  max: 21.744925905573325
  mean: 12.523671424882155
  median: 12.693346384007599
  min: 1.1459155902616465e-14
  num_samples: 2095
  rmse: 13.627446071876605
  std: 5.372610211386576
scale:
  max: 51724.41751818609
  mean: 351.55045624097335
  median: 9.347474649427333
  min: 0.010224664013336326
  num_samples: 2095
  rmse: 3245.063552387649
  std: 3225.9649309550014
trans:
  max: 406.72383102946674
  mean: 213.68896259271483
  median: 214.83898084448614
  min: 0.0
  num_samples: 2095
  rmse: 246.9155035416529
  std: 123.71052160296354
