rot:
  max: 13.627446071876605
  mean: 13.627446071876605
  median: 13.627446071876605
  min: 13.627446071876605
  num_samples: 1
  rmse: 13.627446071876605
  std: 0.0
scale:
  max: 3245.063552387649
  mean: 3245.063552387649
  median: 3245.063552387649
  min: 3245.063552387649
  num_samples: 1
  rmse: 3245.063552387649
  std: 0.0
trans:
  max: 246.9155035416529
  mean: 246.9155035416529
  median: 246.9155035416529
  min: 246.9155035416529
  num_samples: 1
  rmse: 246.9155035416529
  std: 0.0
