rot:
  max: 51.28554010351919
  mean: 31.99689845169349
  median: 34.16690490977224
  min: 0.0
  num_samples: 2686
  rmse: 35.08516643876551
  std: 14.393310720883248
scale:
  max: 210341.62307134212
  mean: 676.1128842741327
  median: 18.2896526704696
  min: 0.17187468547028573
  num_samples: 2686
  rmse: 5728.468953491077
  std: 5688.42930155853
trans:
  max: 818.821239946614
  mean: 495.8119661600486
  median: 535.8789955644411
  min: 0.0
  num_samples: 2686
  rmse: 555.827106249597
  std: 251.22552866758517
