rot:
  max: 35.08516643876551
  mean: 35.08516643876551
  median: 35.08516643876551
  min: 35.08516643876551
  num_samples: 1
  rmse: 35.08516643876551
  std: 0.0
scale:
  max: 5728.468953491077
  mean: 5728.468953491077
  median: 5728.468953491077
  min: 5728.468953491077
  num_samples: 1
  rmse: 5728.468953491077
  std: 0.0
trans:
  max: 555.827106249597
  mean: 555.827106249597
  median: 555.827106249597
  min: 555.827106249597
  num_samples: 1
  rmse: 555.827106249597
  std: 0.0
