rot:
  max: 93.66245446571321
  mean: 49.33737530329302
  median: 68.47101774186848
  min: 0.0
  num_samples: 772
  rmse: 62.70910484355071
  std: 38.7073020044209
scale:
  max: 312821.68506072677
  mean: 5080.401170420813
  median: 725.9540566868304
  min: 0.016920493117611457
  num_samples: 772
  rmse: 21767.57383187061
  std: 21166.407216944615
trans:
  max: 373.4538801558759
  mean: 191.9702132056717
  median: 297.8663902619254
  min: 0.0
  num_samples: 772
  rmse: 244.28326707734885
  std: 151.06869899404143
