rot:
  max: 62.70910484355071
  mean: 62.70910484355071
  median: 62.70910484355071
  min: 62.70910484355071
  num_samples: 1
  rmse: 62.70910484355071
  std: 0.0
scale:
  max: 21767.57383187061
  mean: 21767.57383187061
  median: 21767.57383187061
  min: 21767.57383187061
  num_samples: 1
  rmse: 21767.57383187061
  std: 0.0
trans:
  max: 244.28326707734885
  mean: 244.28326707734885
  median: 244.28326707734885
  min: 244.28326707734885
  num_samples: 1
  rmse: 244.28326707734885
  std: 0.0
