rot:
  max: 6.014060827148513
  mean: 3.3340277653505184
  median: 4.555228543453162
  min: 0.00028484216398121505
  num_samples: 535
  rmse: 3.998077974720868
  std: 2.2065553135645493
scale:
  max: 2557282.951710896
  mean: 8022.738095592315
  median: 7.512314823464528
  min: 0.1029203863605277
  num_samples: 535
  rmse: 126337.59533039111
  std: 126082.6065217371
trans:
  max: 23.659919428553188
  mean: 7.296200826889802
  median: 7.271185544776052
  min: 0.0
  num_samples: 535
  rmse: 9.418713889597113
  std: 5.9563096652022836
