rot:
  max: 3.998077974720868
  mean: 3.998077974720868
  median: 3.998077974720868
  min: 3.998077974720868
  num_samples: 1
  rmse: 3.998077974720868
  std: 0.0
scale:
  max: 126337.59533039111
  mean: 126337.59533039111
  median: 126337.59533039111
  min: 126337.59533039111
  num_samples: 1
  rmse: 126337.59533039111
  std: 0.0
trans:
  max: 9.418713889597113
  mean: 9.418713889597113
  median: 9.418713889597113
  min: 9.418713889597113
  num_samples: 1
  rmse: 9.418713889597113
  std: 0.0
