rot:
  max: 7.931272901924157
  mean: 1.4433147782687694
  median: 1.0929796636498605
  min: 0.00016959842872136632
  num_samples: 773
  rmse: 2.0532837593933806
  std: 1.4604166006381838
scale:
  max: 4989.99017532911
  mean: 33.33341084776946
  median: 2.8716004619402713
  min: 0.04252705986516059
  num_samples: 773
  rmse: 300.1199816294849
  std: 298.26311722124836
trans:
  max: 7.752870447776053
  mean: 4.189862531516939
  median: 3.2876308649780475
  min: 0.0
  num_samples: 773
  rmse: 4.806952543096252
  std: 2.356235285061744
