rot:
  max: 2.0532837593933806
  mean: 2.0532837593933806
  median: 2.0532837593933806
  min: 2.0532837593933806
  num_samples: 1
  rmse: 2.0532837593933806
  std: 0.0
scale:
  max: 300.1199816294849
  mean: 300.1199816294849
  median: 300.1199816294849
  min: 300.1199816294849
  num_samples: 1
  rmse: 300.1199816294849
  std: 0.0
trans:
  max: 4.806952543096252
  mean: 4.806952543096252
  median: 4.806952543096252
  min: 4.806952543096252
  num_samples: 1
  rmse: 4.806952543096252
  std: 0.0
