rot:
  max: 28.2702825977926
  mean: 12.282699987139607
  median: 8.43365606526822
  min: 9.097456433421758e-05
  num_samples: 1311
  rmse: 15.852949060189479
  std: 10.022538347688332
scale:
  max: 6414.648648172028
  mean: 58.13328185479824
  median: 6.2537442193447035
  min: 0.014923270236411046
  num_samples: 1311
  rmse: 339.5621943267632
  std: 334.54895808655135
trans:
  max: 397.52676842454713
  mean: 111.94170102848224
  median: 79.77802687374042
  min: 5.698150040880972e-08
  num_samples: 1311
  rmse: 156.7262641442194
  std: 109.69128244055466
