rot:
  max: 15.852949060189479
  mean: 15.852949060189479
  median: 15.852949060189479
  min: 15.852949060189479
  num_samples: 1
  rmse: 15.852949060189479
  std: 0.0
scale:
  max: 339.5621943267632
  mean: 339.5621943267632
  median: 339.5621943267632
  min: 339.5621943267632
  num_samples: 1
  rmse: 339.5621943267632
  std: 0.0
trans:
  max: 156.7262641442194
  mean: 156.7262641442194
  median: 156.7262641442194
  min: 156.7262641442194
  num_samples: 1
  rmse: 156.7262641442194
  std: 0.0
