rot:
  max: 11.521538405366677
  mean: 3.1143299246001517
  median: 2.877364562900846
  min: 0.0
  num_samples: 792
  rmse: 3.696352724216347
  std: 1.9909727729332778
scale:
  max: 2406.27069478693
  mean: 54.73188734563131
  median: 2.0128587304313217
  min: 0.022758456158955553
  num_samples: 792
  rmse: 209.32996221752936
  std: 202.04814671156328
trans:
  max: 17.106070424949543
  mean: 11.378396124921965
  median: 13.127670361321133
  min: 0.0
  num_samples: 792
  rmse: 12.555254340753628
  std: 5.30721331636233
