rot:
  max: 3.696352724216347
  mean: 3.696352724216347
  median: 3.696352724216347
  min: 3.696352724216347
  num_samples: 1
  rmse: 3.696352724216347
  std: 0.0
scale:
  max: 209.32996221752936
  mean: 209.32996221752936
  median: 209.32996221752936
  min: 209.32996221752936
  num_samples: 1
  rmse: 209.32996221752936
  std: 0.0
trans:
  max: 12.555254340753628
  mean: 12.555254340753628
  median: 12.555254340753628
  min: 12.555254340753628
  num_samples: 1
  rmse: 12.555254340753628
  std: 0.0
