rot:
  max: 21.116166648615835
  mean: 11.591965699093697
  median: 17.41325978382991
  min: 0.0011563767715691445
  num_samples: 535
  rmse: 14.184725001089276
  std: 8.175130248966209
scale:
  max: 3375844.5533309174
  mean: 14837.325886874185
  median: 15.936148175503995
  min: 0.014886027967353499
  num_samples: 535
  rmse: 206152.71404908496
  std: 205618.08108804657
trans:
  max: 80.4477333244268
  mean: 32.334183866329916
  median: 23.00224591814471
  min: 4.0797911805097564e-08
  num_samples: 535
  rmse: 44.05058021569213
  std: 29.915784646863223
