rot:
  max: 14.184725001089276
  mean: 14.184725001089276
  median: 14.184725001089276
  min: 14.184725001089276
  num_samples: 1
  rmse: 14.184725001089276
  std: 0.0
scale:
  max: 206152.71404908496
  mean: 206152.71404908496
  median: 206152.71404908496
  min: 206152.71404908496
  num_samples: 1
  rmse: 206152.71404908496
  std: 0.0
trans:
  max: 44.05058021569213
  mean: 44.05058021569213
  median: 44.05058021569213
  min: 44.05058021569213
  num_samples: 1
  rmse: 44.05058021569213
  std: 0.0
