rot:
  max: 5.513357826215848
  mean: 2.5839368797322004
  median: 2.315322523742922
  min: 5.109599479759417e-05
  num_samples: 1330
  rmse: 3.301118761268269
  std: 2.05442334428841
scale:
  max: 2176276.0445006993
  mean: 2830.391065787212
  median: 2.647081262304962
  min: 0.00020933511022391826
  num_samples: 1330
  rmse: 68765.50151975002
  std: 68707.22731763705
trans:
  max: 79.25139846208505
  mean: 25.8339015135285
  median: 16.545694484111202
  min: 0.0
  num_samples: 1330
  rmse: 34.04387944598448
  std: 22.171947598757185
