rot:
  max: 3.301118761268269
  mean: 3.301118761268269
  median: 3.301118761268269
  min: 3.301118761268269
  num_samples: 1
  rmse: 3.301118761268269
  std: 0.0
scale:
  max: 68765.50151975002
  mean: 68765.50151975002
  median: 68765.50151975002
  min: 68765.50151975002
  num_samples: 1
  rmse: 68765.50151975002
  std: 0.0
trans:
  max: 34.04387944598448
  mean: 34.04387944598448
  median: 34.04387944598448
  min: 34.04387944598448
  num_samples: 1
  rmse: 34.04387944598448
  std: 0.0
