rot:
  max: 8.726182789699227
  mean: 4.667091297615815
  median: 4.896412229443905
  min: 0.002037169356248867
  num_samples: 772
  rmse: 4.936351954999025
  std: 1.6080514430021944
scale:
  max: 20636.53705571836
  mean: 544.3144968135983
  median: 68.21159290591362
  min: 0.07819242322191222
  num_samples: 772
  rmse: 2091.751856252537
  std: 2019.6899654883896
trans:
  max: 37.89583677717038
  mean: 25.408622668810562
  median: 34.51289860081074
  min: 0.0
  num_samples: 772
  rmse: 28.81766298604839
  std: 13.596308103726896
