rot:
  max: 4.936351954999025
  mean: 4.936351954999025
  median: 4.936351954999025
  min: 4.936351954999025
  num_samples: 1
  rmse: 4.936351954999025
  std: 0.0
scale:
  max: 2091.751856252537
  mean: 2091.751856252537
  median: 2091.751856252537
  min: 2091.751856252537
  num_samples: 1
  rmse: 2091.751856252537
  std: 0.0
trans:
  max: 28.81766298604839
  mean: 28.81766298604839
  median: 28.81766298604839
  min: 28.81766298604839
  num_samples: 1
  rmse: 28.81766298604839
  std: 0.0
