rot:
  max: 35.42440367126202
  mean: 18.619485577981756
  median: 17.743552245085723
  min: 0.0
  num_samples: 2686
  rmse: 21.20041838880073
  std: 10.137677084595344
scale:
  max: 206883.98969015366
  mean: 656.8342815075215
  median: 9.463626011576054
  min: 0.4873463181483295
  num_samples: 2686
  rmse: 5632.988194005016
  std: 5594.562066903575
trans:
  max: 433.14177384069257
  mean: 263.2378492018365
  median: 302.99406910364485
  min: 0.0
  num_samples: 2686
  rmse: 296.04357272175406
  std: 135.45342999515233
