rot:
  max: 21.20041838880073
  mean: 21.20041838880073
  median: 21.20041838880073
  min: 21.20041838880073
  num_samples: 1
  rmse: 21.20041838880073
  std: 0.0
scale:
  max: 5632.988194005016
  mean: 5632.988194005016
  median: 5632.988194005016
  min: 5632.988194005016
  num_samples: 1
  rmse: 5632.988194005016
  std: 0.0
trans:
  max: 296.04357272175406
  mean: 296.04357272175406
  median: 296.04357272175406
  min: 296.04357272175406
  num_samples: 1
  rmse: 296.04357272175406
  std: 0.0
