rot:
  max: 28.9722138228665
  mean: 14.391254908845367
  median: 11.181148385881324
  min: 0.0016653275185080497
  num_samples: 1101
  rmse: 17.035526028167652
  std: 9.115971105977225
scale:
  max: 288.19372804930293
  mean: 8.66601881699543
  median: 3.682393635847614
  min: 0.00993090556963283
  num_samples: 1101
  rmse: 25.73036838585747
  std: 24.22709175975141
trans:
  max: 300.8321264932402
  mean: 122.22250966546602
  median: 120.49880040462867
  min: 9.29184417226616e-08
  num_samples: 1101
  rmse: 151.29532835739738
  std: 89.1736200557528
