rot:
  max: 17.035526028167652
  mean: 17.035526028167652
  median: 17.035526028167652
  min: 17.035526028167652
  num_samples: 1
  rmse: 17.035526028167652
  std: 0.0
scale:
  max: 25.73036838585747
  mean: 25.73036838585747
  median: 25.73036838585747
  min: 25.73036838585747
  num_samples: 1
  rmse: 25.73036838585747
  std: 0.0
trans:
  max: 151.29532835739738
  mean: 151.29532835739738
  median: 151.29532835739738
  min: 151.29532835739738
  num_samples: 1
  rmse: 151.29532835739738
  std: 0.0
