rot:
  max: 21.322150821790945
  mean: 11.981352530879892
  median: 13.043389807774735
  min: 1.1459155902616465e-14
  num_samples: 2095
  rmse: 12.887436445704495
  std: 4.74691580637897
scale:
  max: 78380.9994263118
  mean: 524.0676163053365
  median: 7.584605916451892
  min: 0.0013906420905263062
  num_samples: 2095
  rmse: 4972.313253434974
  std: 4944.61851145517
trans:
  max: 393.86169525559365
  mean: 217.21983261368644
  median: 260.8040355393569
  min: 0.0
  num_samples: 2095
  rmse: 250.20572670179286
  std: 124.17105135116765
