rot:
  max: 12.887436445704495
  mean: 12.887436445704495
  median: 12.887436445704495
  min: 12.887436445704495
  num_samples: 1
  rmse: 12.887436445704495
  std: 0.0
scale:
  max: 4972.313253434974
  mean: 4972.313253434974
  median: 4972.313253434974
  min: 4972.313253434974
  num_samples: 1
  rmse: 4972.313253434974
  std: 0.0
trans:
  max: 250.20572670179286
  mean: 250.20572670179286
  median: 250.20572670179286
  min: 250.20572670179286
  num_samples: 1
  rmse: 250.20572670179286
  std: 0.0
