rot:
  max: 13.097446636339775
  mean: 3.1610355645989063
  median: 2.795244665328768
  min: 0.0005860310670338717
  num_samples: 1101
  rmse: 3.6461486103458842
  std: 1.8172104578358819
scale:
  max: 331.15703572743234
  mean: 4.945751703648544
  median: 1.3383850523789764
  min: 0.07785758697363976
  num_samples: 1101
  rmse: 26.30642040133907
  std: 25.837323669796877
trans:
  max: 76.09807796174773
  mean: 44.249399401475706
  median: 52.52763195544083
  min: 0.0
  num_samples: 1101
  rmse: 51.94902780967681
  std: 27.215659885059868
