rot:
  max: 3.6461486103458842
  mean: 3.6461486103458842
  median: 3.6461486103458842
  min: 3.6461486103458842
  num_samples: 1
  rmse: 3.6461486103458842
  std: 0.0
scale:
  max: 26.30642040133907
  mean: 26.30642040133907
  median: 26.30642040133907
  min: 26.30642040133907
  num_samples: 1
  rmse: 26.30642040133907
  std: 0.0
trans:
  max: 51.94902780967681
  mean: 51.94902780967681
  median: 51.94902780967681
  min: 51.94902780967681
  num_samples: 1
  rmse: 51.94902780967681
  std: 0.0
