rot:
  max: 22.603619270439076
  mean: 12.426351366901823
  median: 17.044601939515836
  min: 0.0
  num_samples: 772
  rmse: 14.59530641972983
  std: 7.655635910367213
scale:
  max: 69628.24340217431
  mean: 1704.769178765743
  median: 109.00137459302519
  min: 0.012041664538042784
  num_samples: 772
  rmse: 7105.426581941331
  std: 6897.887282240036
trans:
  max: 140.29982258238718
  mean: 78.92804867741414
  median: 123.55879790948441
  min: 0.0
  num_samples: 772
  rmse: 97.91309189151747
  std: 57.94252924866579
