rot:
  max: 14.59530641972983
  mean: 14.59530641972983
  median: 14.59530641972983
  min: 14.59530641972983
  num_samples: 1
  rmse: 14.59530641972983
  std: 0.0
scale:
  max: 7105.426581941331
  mean: 7105.426581941331
  median: 7105.426581941331
  min: 7105.426581941331
  num_samples: 1
  rmse: 7105.426581941331
  std: 0.0
trans:
  max: 97.91309189151747
  mean: 97.91309189151747
  median: 97.91309189151747
  min: 97.91309189151747
  num_samples: 1
  rmse: 97.91309189151747
  std: 0.0
