rot:
  max: 10.56048022071751
  mean: 5.829720153317241
  median: 4.699167787858505
  min: 0.0
  num_samples: 792
  rmse: 6.776551541180594
  std: 3.4548536473031524
scale:
  max: 80473.5457920929
  mean: 250.70764821589856
  median: 6.028931166086366
  min: 0.0021060651591131574
  num_samples: 792
  rmse: 3218.9780762448577
  std: 3209.200138737236
trans:
  max: 30.79630168463036
  mean: 15.195170636915478
  median: 15.283218726265552
  min: 0.0
  num_samples: 792
  rmse: 17.301385900828805
  std: 8.273133832135162
