rot:
  max: 6.776551541180594
  mean: 6.776551541180594
  median: 6.776551541180594
  min: 6.776551541180594
  num_samples: 1
  rmse: 6.776551541180594
  std: 0.0
scale:
  max: 3218.9780762448577
  mean: 3218.9780762448577
  median: 3218.9780762448577
  min: 3218.9780762448577
  num_samples: 1
  rmse: 3218.9780762448577
  std: 0.0
trans:
  max: 17.301385900828805
  mean: 17.301385900828805
  median: 17.301385900828805
  min: 17.301385900828805
  num_samples: 1
  rmse: 17.301385900828805
  std: 0.0
