rot:
  max: 43.39698873182559
  mean: 24.097704943919815
  median: 23.21240627187705
  min: 0.0
  num_samples: 2686
  rmse: 27.12824935335024
  std: 12.459636006454204
scale:
  max: 220529.70170135496
  mean: 761.9120707821037
  median: 13.156914503958085
  min: 0.08816859507073671
  num_samples: 2686
  rmse: 6269.055466748652
  std: 6222.5835825296635
trans:
  max: 615.5841248641128
  mean: 359.04136214884136
  median: 437.651830522473
  min: 0.0
  num_samples: 2686
  rmse: 405.10431009173766
  std: 187.61343854107915
