rot:
  max: 34.117473240170554
  mean: 19.111927696538963
  median: 28.35276788671745
  min: 0.00014039785329892146
  num_samples: 772
  rmse: 23.517867356543118
  std: 13.704900755650264
scale:
  max: 217497.46123339192
  mean: 3807.782802551207
  median: 522.5263456717876
  min: 0.08044142793572906
  num_samples: 772
  rmse: 15933.167948499115
  std: 15471.47798381508
trans:
  max: 242.30151990333195
  mean: 136.52387679170874
  median: 213.63509585520063
  min: 0.0
  num_samples: 772
  rmse: 171.16065936880233
  std: 103.23372695648217
