rot:
  max: 23.517867356543118
  mean: 23.517867356543118
  median: 23.517867356543118
  min: 23.517867356543118
  num_samples: 1
  rmse: 23.517867356543118
  std: 0.0
scale:
  max: 15933.167948499115
  mean: 15933.167948499115
  median: 15933.167948499115
  min: 15933.167948499115
  num_samples: 1
  rmse: 15933.167948499115
  std: 0.0
trans:
  max: 171.16065936880233
  mean: 171.16065936880233
  median: 171.16065936880233
  min: 171.16065936880233
  num_samples: 1
  rmse: 171.16065936880233
  std: 0.0
