rot:
  max: 12.481325721346682
  mean: 7.703846095628178
  median: 10.207146835695735
  min: 0.002037169356248867
  num_samples: 772
  rmse: 8.623808062716801
  std: 3.875670372652172
scale:
  max: 11344.344216268591
  mean: 315.40991152429854
  median: 30.75368928307011
  min: 0.023849277681642356
  num_samples: 772
  rmse: 1171.8194091845849
  std: 1128.573132523517
trans:
  max: 29.22406054925685
  mean: 16.444818625815845
  median: 20.69434702541831
  min: 0.0
  num_samples: 772
  rmse: 18.5583473691928
  std: 8.60117418958863
