rot:
  max: 8.623808062716801
  mean: 8.623808062716801
  median: 8.623808062716801
  min: 8.623808062716801
  num_samples: 1
  rmse: 8.623808062716801
  std: 0.0
scale:
  max: 1171.8194091845849
  mean: 1171.8194091845849
  median: 1171.8194091845849
  min: 1171.8194091845849
  num_samples: 1
  rmse: 1171.8194091845849
  std: 0.0
trans:
  max: 18.5583473691928
  mean: 18.5583473691928
  median: 18.5583473691928
  min: 18.5583473691928
  num_samples: 1
  rmse: 18.5583473691928
  std: 0.0
