rot:
  max: 11.156158833942664
  mean: 4.19263820101341
  median: 4.9718134682158
  min: 0.00260916829651933
  num_samples: 535
  rmse: 4.722824271001744
  std: 2.1741329329565375
scale:
  max: 2560772.933327428
  mean: 8260.542672600897
  median: 14.090572808493596
  min: 0.05151174635601441
  num_samples: 535
  rmse: 126938.18344152712
  std: 126669.11956032901
trans:
  max: 25.33435658134696
  mean: 14.800301016152297
  median: 19.08763859305908
  min: 0.0
  num_samples: 535
  rmse: 17.983728489860468
  std: 10.215947348547777
