rot:
  max: 4.722824271001744
  mean: 4.722824271001744
  median: 4.722824271001744
  min: 4.722824271001744
  num_samples: 1
  rmse: 4.722824271001744
  std: 0.0
scale:
  max: 126938.18344152712
  mean: 126938.18344152712
  median: 126938.18344152712
  min: 126938.18344152712
  num_samples: 1
  rmse: 126938.18344152712
  std: 0.0
trans:
  max: 17.983728489860468
  mean: 17.983728489860468
  median: 17.983728489860468
  min: 17.983728489860468
  num_samples: 1
  rmse: 17.983728489860468
  std: 0.0
