rot:
  max: 7.773687831404093
  mean: 3.1168753338636046
  median: 4.0236482015940425
  min: 0.001859648472065016
  num_samples: 550
  rmse: 3.6383052959790323
  std: 1.8767934302692233
scale:
  max: 4844.499622424474
  mean: 107.6754881995169
  median: 6.702437907815284
  min: 0.03496245857192992
  num_samples: 550
  rmse: 421.3615526105296
  std: 407.37151012233517
trans:
  max: 21.81554295816355
  mean: 8.808969643856015
  median: 4.320719424867521
  min: 4.283704852832585e-07
  num_samples: 550
  rmse: 12.214302565913524
  std: 8.461160735106318
