rot:
  max: 3.6383052959790323
  mean: 3.6383052959790323
  median: 3.6383052959790323
  min: 3.6383052959790323
  num_samples: 1
  rmse: 3.6383052959790323
  std: 0.0
scale:
  max: 421.3615526105296
  mean: 421.3615526105296
  median: 421.3615526105296
  min: 421.3615526105296
  num_samples: 1
  rmse: 421.3615526105296
  std: 0.0
trans:
  max: 12.214302565913524
  mean: 12.214302565913524
  median: 12.214302565913524
  min: 12.214302565913524
  num_samples: 1
  rmse: 12.214302565913524
  std: 0.0
