rot:
  max: 9.17392358816377
  mean: 3.885248726609463
  median: 4.246336717739335
  min: 0.001859648472065016
  num_samples: 550
  rmse: 4.315605497639613
  std: 1.8786413025473487
scale:
  max: 7488.333124820035
  mean: 165.16156544537333
  median: 10.090048071976753
  min: 0.018617554466404673
  num_samples: 550
  rmse: 656.316014067928
  std: 635.1947477912946
trans:
  max: 30.792412151299157
  mean: 16.909100655429775
  median: 22.276522112534806
  min: 4.283704852832585e-07
  num_samples: 550
  rmse: 21.12950817321331
  std: 12.670376105958036
