rot:
  max: 4.315605497639613
  mean: 4.315605497639613
  median: 4.315605497639613
  min: 4.315605497639613
  num_samples: 1
  rmse: 4.315605497639613
  std: 0.0
scale:
  max: 656.316014067928
  mean: 656.316014067928
  median: 656.316014067928
  min: 656.316014067928
  num_samples: 1
  rmse: 656.316014067928
  std: 0.0
trans:
  max: 21.12950817321331
  mean: 21.12950817321331
  median: 21.12950817321331
  min: 21.12950817321331
  num_samples: 1
  rmse: 21.12950817321331
  std: 0.0
