rot:
  max: 23.139215583865173
  mean: 15.374179923419971
  median: 16.97319117778581
  min: 1.1459155902616465e-14
  num_samples: 2095
  rmse: 16.45610849169326
  std: 5.868398279998505
scale:
  max: 123463.5703900532
  mean: 823.9556074228847
  median: 11.08801060325435
  min: 0.05511468163018618
  num_samples: 2095
  rmse: 7833.615663046352
  std: 7790.162483114298
trans:
  max: 559.0315463866461
  mean: 311.6983431664588
  median: 396.1761513796518
  min: 0.0
  num_samples: 2095
  rmse: 362.59371610629364
  std: 185.2521142310013
