rot:
  max: 16.45610849169326
  mean: 16.45610849169326
  median: 16.45610849169326
  min: 16.45610849169326
  num_samples: 1
  rmse: 16.45610849169326
  std: 0.0
scale:
  max: 7833.615663046352
  mean: 7833.615663046352
  median: 7833.615663046352
  min: 7833.615663046352
  num_samples: 1
  rmse: 7833.615663046352
  std: 0.0
trans:
  max: 362.59371610629364
  mean: 362.59371610629364
  median: 362.59371610629364
  min: 362.59371610629364
  num_samples: 1
  rmse: 362.59371610629364
  std: 0.0
