rot:
  max: 23.037260689866606
  mean: 13.575332606379467
  median: 13.77145651899067
  min: 1.1459155902616465e-14
  num_samples: 2095
  rmse: 14.751898662931767
  std: 5.773115171861592
scale:
  max: 56338.05389086877
  mean: 382.5540380944749
  median: 10.436705850107565
  min: 0.0028297739620875006
  num_samples: 2095
  rmse: 3532.6002258009576
  std: 3511.8252751619902
trans:
  max: 456.03778004017136
  mean: 234.15730761610598
  median: 234.92098146114674
  min: 0.0
  num_samples: 2095
  rmse: 272.62474707818484
  std: 139.6230926796157
