rot:
  max: 14.751898662931767
  mean: 14.751898662931767
  median: 14.751898662931767
  min: 14.751898662931767
  num_samples: 1
  rmse: 14.751898662931767
  std: 0.0
scale:
  max: 3532.6002258009576
  mean: 3532.6002258009576
  median: 3532.6002258009576
  min: 3532.6002258009576
  num_samples: 1
  rmse: 3532.6002258009576
  std: 0.0
trans:
  max: 272.62474707818484
  mean: 272.62474707818484
  median: 272.62474707818484
  min: 272.62474707818484
  num_samples: 1
  rmse: 272.62474707818484
  std: 0.0
