rot:
  max: 26.122176643433985
  mean: 15.202326930674808
  median: 14.45628679405677
  min: 0.0
  num_samples: 2686
  rmse: 16.677829310661192
  std: 6.8585163416316925
scale:
  max: 157250.35852490654
  mean: 537.1211655655302
  median: 8.165128728896565
  min: 0.5069079117442588
  num_samples: 2686
  rmse: 4461.4264943529715
  std: 4428.975865594231
trans:
  max: 373.0635472346974
  mean: 227.7014933870937
  median: 271.00630323000036
  min: 0.0
  num_samples: 2686
  rmse: 256.32445167326114
  std: 117.70409693330679
