rot:
  max: 16.677829310661192
  mean: 16.677829310661192
  median: 16.677829310661192
  min: 16.677829310661192
  num_samples: 1
  rmse: 16.677829310661192
  std: 0.0
scale:
  max: 4461.4264943529715
  mean: 4461.4264943529715
  median: 4461.4264943529715
  min: 4461.4264943529715
  num_samples: 1
  rmse: 4461.4264943529715
  std: 0.0
trans:
  max: 256.32445167326114
  mean: 256.32445167326114
  median: 256.32445167326114
  min: 256.32445167326114
  num_samples: 1
  rmse: 256.32445167326114
  std: 0.0
