rot:
  max: 21.833069097146815
  mean: 11.691283295543244
  median: 9.905297653623272
  min: 0.00212969360678017
  num_samples: 1330
  rmse: 13.504026527506339
  std: 6.758152658748279
scale:
  max: 24519809.584729448
  mean: 30681.45594360894
  median: 5.274972818314683
  min: 0.03265897979838339
  num_samples: 1330
  rmse: 762003.4642940074
  std: 761385.5316836858
trans:
  max: 270.5747798338273
  mean: 104.54199383839273
  median: 103.62451063487481
  min: 9.938361130639345e-08
  num_samples: 1330
  rmse: 133.9602588342206
  std: 83.76349127886708
