rot:
  max: 13.504026527506339
  mean: 13.504026527506339
  median: 13.504026527506339
  min: 13.504026527506339
  num_samples: 1
  rmse: 13.504026527506339
  std: 0.0
scale:
  max: 762003.4642940074
  mean: 762003.4642940074
  median: 762003.4642940074
  min: 762003.4642940074
  num_samples: 1
  rmse: 762003.4642940074
  std: 0.0
trans:
  max: 133.9602588342206
  mean: 133.9602588342206
  median: 133.9602588342206
  min: 133.9602588342206
  num_samples: 1
  rmse: 133.9602588342206
  std: 0.0
