rot:
  max: 17.476839908370202
  mean: 8.932724380730388
  median: 7.109259679732371
  min: 0.0007801794054116189
  num_samples: 1101
  rmse: 10.495010159836344
  std: 5.50923528204895
scale:
  max: 1075.418366396347
  mean: 6.748629552823141
  median: 3.407135547273321
  min: 0.0032779999321719266
  num_samples: 1101
  rmse: 42.96503540415684
  std: 42.43171298026057
trans:
  max: 206.01287244048066
  mean: 80.8421462005245
  median: 75.58354850530112
  min: 1.2476799491734092e-08
  num_samples: 1101
  rmse: 101.26991350883831
  std: 60.99297320003849
