rot:
  max: 11.44479232532158
  mean: 11.44479232532158
  median: 11.44479232532158
  min: 11.44479232532158
  num_samples: 1
  rmse: 11.44479232532158
  std: 0.0
scale:
  max: 711844.8691270218
  mean: 711844.8691270218
  median: 711844.8691270218
  min: 711844.8691270218
  num_samples: 1
  rmse: 711844.8691270218
  std: 0.0
trans:
  max: 108.35652561222535
  mean: 108.35652561222535
  median: 108.35652561222535
  min: 108.35652561222535
  num_samples: 1
  rmse: 108.35652561222535
  std: 0.0
