rot:
  max: 6.137643144093013
  mean: 2.917132891217979
  median: 3.810812195572814
  min: 0.00028484216398121505
  num_samples: 535
  rmse: 3.6496838413202757
  std: 2.193291553024485
scale:
  max: 2557282.951710896
  mean: 8028.398022312271
  median: 4.523727891478968
  min: 0.009507704459177369
  num_samples: 535
  rmse: 126337.62441819084
  std: 126082.27539518467
trans:
  max: 26.021926584293112
  mean: 8.797602013467104
  median: 8.310118515105115
  min: 0.0
  num_samples: 535
  rmse: 11.504200024848277
  std: 7.412746928390218
