rot:
  max: 3.6496838413202757
  mean: 3.6496838413202757
  median: 3.6496838413202757
  min: 3.6496838413202757
  num_samples: 1
  rmse: 3.6496838413202757
  std: 0.0
scale:
  max: 126337.62441819084
  mean: 126337.62441819084
  median: 126337.62441819084
  min: 126337.62441819084
  num_samples: 1
  rmse: 126337.62441819084
  std: 0.0
trans:
  max: 11.504200024848277
  mean: 11.504200024848277
  median: 11.504200024848277
  min: 11.504200024848277
  num_samples: 1
  rmse: 11.504200024848277
  std: 0.0
