rot:
  max: 17.438824237289815
  mean: 8.923048974315595
  median: 7.109259679732371
  min: 0.0007801794054116189
  num_samples: 1101
  rmse: 10.480107499494709
  std: 5.496530742471167
scale:
  max: 1075.418366396347
  mean: 6.744378837106688
  median: 3.406690545044211
  min: 0.0032779999321719266
  num_samples: 1101
  rmse: 42.964212101412706
  std: 42.43155518711005
trans:
  max: 206.01287244048066
  mean: 80.75224489671724
  median: 75.54900702041498
  min: 1.2476799491734092e-08
  num_samples: 1101
  rmse: 101.19064280822579
  std: 60.980497997987385
