rot:
  max: 10.480107499494709
  mean: 10.480107499494709
  median: 10.480107499494709
  min: 10.480107499494709
  num_samples: 1
  rmse: 10.480107499494709
  std: 0.0
scale:
  max: 42.964212101412706
  mean: 42.964212101412706
  median: 42.964212101412706
  min: 42.964212101412706
  num_samples: 1
  rmse: 42.964212101412706
  std: 0.0
trans:
  max: 101.19064280822579
  mean: 101.19064280822579
  median: 101.19064280822579
  min: 101.19064280822579
  num_samples: 1
  rmse: 101.19064280822579
  std: 0.0
