rot:
  max: 11.955199746655692
  mean: 6.356715243176405
  median: 5.018418818320317
  min: 0.0
  num_samples: 792
  rmse: 7.219688369315249
  std: 3.4228747372924166
scale:
  max: 3787.5502362883326
  mean: 88.72493634887458
  median: 5.062287231777718
  min: 0.051670504047018895
  num_samples: 792
  rmse: 308.7676140303198
  std: 295.7453721427686
trans:
  max: 33.578480357412076
  mean: 17.07089903238173
  median: 17.601265675103363
  min: 0.0
  num_samples: 792
  rmse: 19.40704882287988
  std: 9.231356901337527
