rot:
  max: 7.219688369315249
  mean: 7.219688369315249
  median: 7.219688369315249
  min: 7.219688369315249
  num_samples: 1
  rmse: 7.219688369315249
  std: 0.0
scale:
  max: 308.7676140303198
  mean: 308.7676140303198
  median: 308.7676140303198
  min: 308.7676140303198
  num_samples: 1
  rmse: 308.7676140303198
  std: 0.0
trans:
  max: 19.40704882287988
  mean: 19.40704882287988
  median: 19.40704882287988
  min: 19.40704882287988
  num_samples: 1
  rmse: 19.40704882287988
  std: 0.0
