rot:
  max: 17.313675748859335
  mean: 9.802658302089682
  median: 8.290925824367406
  min: 0.0016653275185080497
  num_samples: 1101
  rmse: 10.76291220388878
  std: 4.443891236415472
scale:
  max: 288.19372804930293
  mean: 6.527341738991956
  median: 3.191525417168539
  min: 0.0004619882587153512
  num_samples: 1101
  rmse: 24.270641916382015
  std: 23.37643832699184
trans:
  max: 216.78604206990462
  mean: 97.7886640411768
  median: 101.70528555444638
  min: 9.29184417226616e-08
  num_samples: 1101
  rmse: 117.45173227370917
  std: 65.05602661657804
