rot:
  max: 10.76291220388878
  mean: 10.76291220388878
  median: 10.76291220388878
  min: 10.76291220388878
  num_samples: 1
  rmse: 10.76291220388878
  std: 0.0
scale:
  max: 24.270641916382015
  mean: 24.270641916382015
  median: 24.270641916382015
  min: 24.270641916382015
  num_samples: 1
  rmse: 24.270641916382015
  std: 0.0
trans:
  max: 117.45173227370917
  mean: 117.45173227370917
  median: 117.45173227370917
  min: 117.45173227370917
  num_samples: 1
  rmse: 117.45173227370917
  std: 0.0
