rot:
  max: 41.639156754178096
  mean: 23.872533808910784
  median: 35.3869565936253
  min: 0.00014039785329892146
  num_samples: 772
  rmse: 29.282434018768463
  std: 16.957684736010997
scale:
  max: 260041.69192114117
  mean: 4487.367379817253
  median: 625.7918471261653
  min: 0.017095243166997953
  num_samples: 772
  rmse: 18751.99693461126
  std: 18207.16680415221
trans:
  max: 291.81646342703476
  mean: 163.21529252913035
  median: 255.68540017918303
  min: 0.0
  num_samples: 772
  rmse: 204.94365605497745
  std: 123.94624012777193
