rot:
  max: 123.47634881640171
  mean: 123.47634881640171
  median: 123.47634881640171
  min: 123.47634881640171
  num_samples: 1
  rmse: 123.47634881640171
  std: 0.0
scale:
  max: 28097.180986585612
  mean: 28097.180986585612
  median: 28097.180986585612
  min: 28097.180986585612
  num_samples: 1
  rmse: 28097.180986585612
  std: 0.0
trans:
  max: 302.92254597635844
  mean: 302.92254597635844
  median: 302.92254597635844
  min: 302.92254597635844
  num_samples: 1
  rmse: 302.92254597635844
  std: 0.0
