rot:
  max: 5.746438243485348
  mean: 2.477780942421685
  median: 1.7978375729723082
  min: 0.00028484216398121505
  num_samples: 535
  rmse: 3.2797006157825277
  std: 2.1487293292865437
scale:
  max: 2557282.951710896
  mean: 8089.257875093524
  median: 6.067884473913976
  min: 0.005327990249170966
  num_samples: 535
  rmse: 126338.26958070525
  std: 126079.03183193147
trans:
  max: 25.689279206632992
  mean: 13.644421984144193
  median: 19.417774892660155
  min: 0.0
  num_samples: 535
  rmse: 16.532290868882985
  std: 9.33522308742295
