rot:
  max: 11.351463493793911
  mean: 3.0782215583513786
  median: 2.623285337762206
  min: 0.0
  num_samples: 792
  rmse: 3.7264020037227885
  std: 2.100148549757856
scale:
  max: 3787.4058453761327
  mean: 82.3331327196619
  median: 7.095220480850983
  min: 0.028088206888199352
  num_samples: 792
  rmse: 308.1888120737416
  std: 296.98754038509855
trans:
  max: 26.338915944021583
  mean: 14.715889628726538
  median: 11.812298439290295
  min: 0.0
  num_samples: 792
  rmse: 17.270757849860235
  std: 9.040003824315985
