rot:
  max: 3.7264020037227885
  mean: 3.7264020037227885
  median: 3.7264020037227885
  min: 3.7264020037227885
  num_samples: 1
  rmse: 3.7264020037227885
  std: 0.0
scale:
  max: 308.1888120737416
  mean: 308.1888120737416
  median: 308.1888120737416
  min: 308.1888120737416
  num_samples: 1
  rmse: 308.1888120737416
  std: 0.0
trans:
  max: 17.270757849860235
  mean: 17.270757849860235
  median: 17.270757849860235
  min: 17.270757849860235
  num_samples: 1
  rmse: 17.270757849860235
  std: 0.0
