rot:
  max: 38.52948904348885
  mean: 19.155810310360238
  median: 13.840368714155758
  min: 0.002891555654078782
  num_samples: 1116
  rmse: 22.79078490924286
  std: 12.348069004215535
scale:
  max: 2371.4468521558138
  mean: 14.3813585786665
  median: 5.369860168939322
  min: 0.032613530087943765
  num_samples: 1116
  rmse: 75.66700596664523
  std: 74.2877669430717
trans:
  max: 399.70357636221064
  mean: 169.09877942497107
  median: 161.8066541770462
  min: 1.135894081985687e-08
  num_samples: 1116
  rmse: 208.7170473302116
  std: 122.3454479873557
