rot:
  max: 22.79078490924286
  mean: 22.79078490924286
  median: 22.79078490924286
  min: 22.79078490924286
  num_samples: 1
  rmse: 22.79078490924286
  std: 0.0
scale:
  max: 75.66700596664523
  mean: 75.66700596664523
  median: 75.66700596664523
  min: 75.66700596664523
  num_samples: 1
  rmse: 75.66700596664523
  std: 0.0
trans:
  max: 208.7170473302116
  mean: 208.7170473302116
  median: 208.7170473302116
  min: 208.7170473302116
  num_samples: 1
  rmse: 208.7170473302116
  std: 0.0
