rot:
  max: 14.300610080229026
  mean: 3.559066916338115
  median: 3.3736813990783
  min: 0.0005860310670338717
  num_samples: 1101
  rmse: 3.990026795052428
  std: 1.8037063259477302
scale:
  max: 331.15703572743234
  mean: 5.742001057515609
  median: 2.2011170041270622
  min: 0.10214182754505474
  num_samples: 1101
  rmse: 26.36223835919616
  std: 25.72930304463304
trans:
  max: 105.2794778563985
  mean: 59.744234660737476
  median: 75.85399713308774
  min: 0.0
  num_samples: 1101
  rmse: 70.0371997356455
  std: 36.549087151575144
