rot:
  max: 3.990026795052428
  mean: 3.990026795052428
  median: 3.990026795052428
  min: 3.990026795052428
  num_samples: 1
  rmse: 3.990026795052428
  std: 0.0
scale:
  max: 26.36223835919616
  mean: 26.36223835919616
  median: 26.36223835919616
  min: 26.36223835919616
  num_samples: 1
  rmse: 26.36223835919616
  std: 0.0
trans:
  max: 70.0371997356455
  mean: 70.0371997356455
  median: 70.0371997356455
  min: 70.0371997356455
  num_samples: 1
  rmse: 70.0371997356455
  std: 0.0
