rot:
  max: 13.804385052411698
  mean: 3.4177979015835107
  median: 3.226693404774481
  min: 0.0005860310670338717
  num_samples: 1101
  rmse: 3.8636933337928543
  std: 1.8018833706782167
scale:
  max: 331.15703572743234
  mean: 5.263916833670884
  median: 1.861926341066189
  min: 0.07996162398479223
  num_samples: 1101
  rmse: 26.32547570322201
  std: 25.793833576440875
trans:
  max: 100.23335610810238
  mean: 50.564438436398135
  median: 52.6455192392327
  min: 0.0
  num_samples: 1101
  rmse: 59.83205810061626
  std: 31.986133592030505
