rot:
  max: 12.735141377460785
  mean: 6.976276094643164
  median: 8.023851413720084
  min: 0.0006785081735415092
  num_samples: 535
  rmse: 8.333690379149953
  std: 4.558724293796107
scale:
  max: 3305995.4741701833
  mean: 13954.934887826157
  median: 11.103374811369127
  min: 0.014926696368167125
  num_samples: 535
  rmse: 197369.2838822736
  std: 196875.32606316626
trans:
  max: 46.10448082319137
  mean: 19.325984767436864
  median: 17.343052784024227
  min: 3.8474106316268337e-08
  num_samples: 535
  rmse: 25.409887501870113
  std: 16.49753604713423
