rot:
  max: 8.333690379149953
  mean: 8.333690379149953
  median: 8.333690379149953
  min: 8.333690379149953
  num_samples: 1
  rmse: 8.333690379149953
  std: 0.0
scale:
  max: 197369.2838822736
  mean: 197369.2838822736
  median: 197369.2838822736
  min: 197369.2838822736
  num_samples: 1
  rmse: 197369.2838822736
  std: 0.0
trans:
  max: 25.409887501870113
  mean: 25.409887501870113
  median: 25.409887501870113
  min: 25.409887501870113
  num_samples: 1
  rmse: 25.409887501870113
  std: 0.0
