rot:
  max: 20.00392845937152
  mean: 11.595098611654214
  median: 11.212992742346247
  min: 0.0023198233863703107
  num_samples: 2095
  rmse: 12.255739616732203
  std: 3.9694888511184567
scale:
  max: 40857.978608931444
  mean: 265.15293164497115
  median: 2.9319611148750813
  min: 0.0004084902378354016
  num_samples: 2095
  rmse: 2587.8186577179945
  std: 2574.198774002007
trans:
  max: 305.10220755024795
  mean: 164.31344238137598
  median: 133.38547084775948
  min: 0.0
  num_samples: 2095
  rmse: 186.92147301760136
  std: 89.11077223238556
