rot:
  max: 12.255739616732203
  mean: 12.255739616732203
  median: 12.255739616732203
  min: 12.255739616732203
  num_samples: 1
  rmse: 12.255739616732203
  std: 0.0
scale:
  max: 2587.8186577179945
  mean: 2587.8186577179945
  median: 2587.8186577179945
  min: 2587.8186577179945
  num_samples: 1
  rmse: 2587.8186577179945
  std: 0.0
trans:
  max: 186.92147301760136
  mean: 186.92147301760136
  median: 186.92147301760136
  min: 186.92147301760136
  num_samples: 1
  rmse: 186.92147301760136
  std: 0.0
