rot:
  max: 10.009551840527593
  mean: 2.3812428899949465
  median: 2.4035013513701804
  min: 0.0
  num_samples: 792
  rmse: 2.9416023338857373
  std: 1.7270514148601748
scale:
  max: 95045.45683651343
  mean: 230.9657902258033
  median: 3.990929344803323
  min: 0.0023970982723886536
  num_samples: 792
  rmse: 3823.8614238078185
  std: 3816.879745581582
trans:
  max: 11.648374314049876
  mean: 6.270918504133933
  median: 5.487924044980915
  min: 0.0
  num_samples: 792
  rmse: 7.199297004411976
  std: 3.5363057662263713
