rot:
  max: 2.9416023338857373
  mean: 2.9416023338857373
  median: 2.9416023338857373
  min: 2.9416023338857373
  num_samples: 1
  rmse: 2.9416023338857373
  std: 0.0
scale:
  max: 3823.8614238078185
  mean: 3823.8614238078185
  median: 3823.8614238078185
  min: 3823.8614238078185
  num_samples: 1
  rmse: 3823.8614238078185
  std: 0.0
trans:
  max: 7.199297004411976
  mean: 7.199297004411976
  median: 7.199297004411976
  min: 7.199297004411976
  num_samples: 1
  rmse: 7.199297004411976
  std: 0.0
