rot:
  max: 13.385395304674072
  mean: 2.999189131905272
  median: 2.9645414170389905
  min: 0.0006741862031264913
  num_samples: 1330
  rmse: 3.521218430738065
  std: 1.844950890411651
scale:
  max: 11823396.453366015
  mean: 17078.50099606709
  median: 2.4359470516594928
  min: 0.042785688549784595
  num_samples: 1330
  rmse: 399061.3591010789
  std: 398695.740046627
trans:
  max: 87.72563691137256
  mean: 42.74081089440533
  median: 44.12470911442746
  min: 0.0
  num_samples: 1330
  rmse: 51.59451102467252
  std: 28.90011508564865
