rot:
  max: 3.521218430738065
  mean: 3.521218430738065
  median: 3.521218430738065
  min: 3.521218430738065
  num_samples: 1
  rmse: 3.521218430738065
  std: 0.0
scale:
  max: 399061.3591010789
  mean: 399061.3591010789
  median: 399061.3591010789
  min: 399061.3591010789
  num_samples: 1
  rmse: 399061.3591010789
  std: 0.0
trans:
  max: 51.59451102467252
  mean: 51.59451102467252
  median: 51.59451102467252
  min: 51.59451102467252
  num_samples: 1
  rmse: 51.59451102467252
  std: 0.0
