rot:
  max: 21.067431542479675
  mean: 10.60653535912584
  median: 10.66452662846488
  min: 0.0
  num_samples: 772
  rmse: 12.848162820343536
  std: 7.250978936231387
scale:
  max: 30746.377632897224
  mean: 558.0037525678373
  median: 15.332102971004147
  min: 0.024411482329522727
  num_samples: 772
  rmse: 2605.910943807384
  std: 2545.4672771762957
trans:
  max: 36.55883197432296
  mean: 15.461360259592404
  median: 14.833004551022011
  min: 0.0
  num_samples: 772
  rmse: 18.59124114186603
  std: 10.323787392140002
