rot:
  max: 12.848162820343536
  mean: 12.848162820343536
  median: 12.848162820343536
  min: 12.848162820343536
  num_samples: 1
  rmse: 12.848162820343536
  std: 0.0
scale:
  max: 2605.910943807384
  mean: 2605.910943807384
  median: 2605.910943807384
  min: 2605.910943807384
  num_samples: 1
  rmse: 2605.910943807384
  std: 0.0
trans:
  max: 18.59124114186603
  mean: 18.59124114186603
  median: 18.59124114186603
  min: 18.59124114186603
  num_samples: 1
  rmse: 18.59124114186603
  std: 0.0
