rot:
  max: 15.692428265022821
  mean: 7.994637475326005
  median: 6.98059969652733
  min: 0.0
  num_samples: 772
  rmse: 9.60455540405377
  std: 5.3228992238865
scale:
  max: 30967.564630113975
  mean: 557.5532827904123
  median: 2.842697855511256
  min: 0.10552328009600931
  num_samples: 772
  rmse: 2618.602972207431
  std: 2558.5573792477717
trans:
  max: 35.82845389011267
  mean: 17.226785163768866
  median: 19.818972060587996
  min: 0.0
  num_samples: 772
  rmse: 20.10421031555533
  std: 10.364224299648972
