rot:
  max: 9.60455540405377
  mean: 9.60455540405377
  median: 9.60455540405377
  min: 9.60455540405377
  num_samples: 1
  rmse: 9.60455540405377
  std: 0.0
scale:
  max: 2618.602972207431
  mean: 2618.602972207431
  median: 2618.602972207431
  min: 2618.602972207431
  num_samples: 1
  rmse: 2618.602972207431
  std: 0.0
trans:
  max: 20.10421031555533
  mean: 20.10421031555533
  median: 20.10421031555533
  min: 20.10421031555533
  num_samples: 1
  rmse: 20.10421031555533
  std: 0.0
