rot:
  max: 12.949289533690624
  mean: 7.199472455776928
  median: 9.399886542485486
  min: 0.0006785081735415092
  num_samples: 535
  rmse: 8.579221463684044
  std: 4.665901550766616
scale:
  max: 3152900.0099882293
  mean: 13647.234473261684
  median: 8.465434555359685
  min: 0.001727981113464061
  num_samples: 535
  rmse: 192945.76602063572
  std: 192462.52003058084
trans:
  max: 41.491752416920185
  mean: 17.792558583339602
  median: 19.544326359095173
  min: 3.8474106316268337e-08
  num_samples: 535
  rmse: 22.628958093938575
  std: 13.981938473461264
