rot:
  max: 13.407442317335976
  mean: 7.1114594028313425
  median: 9.44486668264059
  min: 0.0011563767715691445
  num_samples: 535
  rmse: 8.302659327676743
  std: 4.285008409949661
scale:
  max: 3375844.9481039
  mean: 14655.777601221478
  median: 9.800254763466732
  min: 0.0007160026694208455
  num_samples: 535
  rmse: 206148.7874250258
  std: 205627.1644012824
trans:
  max: 42.968121067989586
  mean: 18.280365728660414
  median: 16.369324948534462
  min: 4.0797911805097564e-08
  num_samples: 535
  rmse: 23.819103743260296
  std: 15.270164765273968
