rot:
  max: 8.302659327676743
  mean: 8.302659327676743
  median: 8.302659327676743
  min: 8.302659327676743
  num_samples: 1
  rmse: 8.302659327676743
  std: 0.0
scale:
  max: 206148.7874250258
  mean: 206148.7874250258
  median: 206148.7874250258
  min: 206148.7874250258
  num_samples: 1
  rmse: 206148.7874250258
  std: 0.0
trans:
  max: 23.819103743260296
  mean: 23.819103743260296
  median: 23.819103743260296
  min: 23.819103743260296
  num_samples: 1
  rmse: 23.819103743260296
  std: 0.0
