rot:
  max: 13.32272273820566
  mean: 3.2556563605288855
  median: 3.217456961640146
  min: 0.0006741862031264913
  num_samples: 1330
  rmse: 3.7643928526540034
  std: 1.8898029556703415
scale:
  max: 11823396.453366015
  mean: 17076.93188233365
  median: 1.3420993932687142
  min: 0.004188510801683698
  num_samples: 1330
  rmse: 399061.3578734349
  std: 398695.8060292028
trans:
  max: 82.22729101014352
  mean: 39.92641004182666
  median: 42.16795572085158
  min: 0.0
  num_samples: 1330
  rmse: 48.756258040989756
  std: 27.983110608570694
