rot:
  max: 3.7643928526540034
  mean: 3.7643928526540034
  median: 3.7643928526540034
  min: 3.7643928526540034
  num_samples: 1
  rmse: 3.7643928526540034
  std: 0.0
scale:
  max: 399061.3578734349
  mean: 399061.3578734349
  median: 399061.3578734349
  min: 399061.3578734349
  num_samples: 1
  rmse: 399061.3578734349
  std: 0.0
trans:
  max: 48.756258040989756
  mean: 48.756258040989756
  median: 48.756258040989756
  min: 48.756258040989756
  num_samples: 1
  rmse: 48.756258040989756
  std: 0.0
