rot:
  max: 18.834140906866455
  mean: 10.50016695769818
  median: 8.84390069274792
  min: 0.0016653275185080497
  num_samples: 1101
  rmse: 11.689739829294917
  std: 5.137753510734756
scale:
  max: 288.19372804930293
  mean: 8.960465488344296
  median: 5.271040900186774
  min: 0.012284349519520177
  num_samples: 1101
  rmse: 24.944024704126903
  std: 23.279055536517884
trans:
  max: 248.5844106951706
  mean: 112.79798547728078
  median: 111.6748808308241
  min: 9.29184417226616e-08
  num_samples: 1101
  rmse: 135.80669258152056
  std: 75.63115906951833
