rot:
  max: 11.689739829294917
  mean: 11.689739829294917
  median: 11.689739829294917
  min: 11.689739829294917
  num_samples: 1
  rmse: 11.689739829294917
  std: 0.0
scale:
  max: 24.944024704126903
  mean: 24.944024704126903
  median: 24.944024704126903
  min: 24.944024704126903
  num_samples: 1
  rmse: 24.944024704126903
  std: 0.0
trans:
  max: 135.80669258152056
  mean: 135.80669258152056
  median: 135.80669258152056
  min: 135.80669258152056
  num_samples: 1
  rmse: 135.80669258152056
  std: 0.0
