rot:
  max: 17.430778522289962
  mean: 9.207089136439661
  median: 12.532561915861375
  min: 0.0006785081735415092
  num_samples: 535
  rmse: 11.433960595636933
  std: 6.779746642481034
scale:
  max: 3152900.0099882293
  mean: 13838.494748090357
  median: 14.718926430075951
  min: 0.0013127426884751436
  num_samples: 535
  rmse: 192949.94405782898
  std: 192453.0513528596
trans:
  max: 73.53979738391203
  mean: 29.957777268956228
  median: 20.305264762596355
  min: 3.8474106316268337e-08
  num_samples: 535
  rmse: 40.81643772302087
  std: 27.722070079646844
