rot:
  max: 11.433960595636933
  mean: 11.433960595636933
  median: 11.433960595636933
  min: 11.433960595636933
  num_samples: 1
  rmse: 11.433960595636933
  std: 0.0
scale:
  max: 192949.94405782898
  mean: 192949.94405782898
  median: 192949.94405782898
  min: 192949.94405782898
  num_samples: 1
  rmse: 192949.94405782898
  std: 0.0
trans:
  max: 40.81643772302087
  mean: 40.81643772302087
  median: 40.81643772302087
  min: 40.81643772302087
  num_samples: 1
  rmse: 40.81643772302087
  std: 0.0
