rot:
  max: 21.46373467399441
  mean: 13.113005874745143
  median: 18.90420655280448
  min: 0.002037169356248867
  num_samples: 772
  rmse: 15.48008006398473
  std: 8.22690438234679
scale:
  max: 92740.21196270754
  mean: 2403.111958070057
  median: 402.331419346812
  min: 0.026233564026223455
  num_samples: 772
  rmse: 9447.453366768803
  std: 9136.707724024662
trans:
  max: 180.83690967982153
  mean: 104.07815890587489
  median: 164.99863157049498
  min: 0.0
  num_samples: 772
  rmse: 130.13859274235477
  std: 78.126757002476
