rot:
  max: 15.48008006398473
  mean: 15.48008006398473
  median: 15.48008006398473
  min: 15.48008006398473
  num_samples: 1
  rmse: 15.48008006398473
  std: 0.0
scale:
  max: 9447.453366768803
  mean: 9447.453366768803
  median: 9447.453366768803
  min: 9447.453366768803
  num_samples: 1
  rmse: 9447.453366768803
  std: 0.0
trans:
  max: 130.13859274235477
  mean: 130.13859274235477
  median: 130.13859274235477
  min: 130.13859274235477
  num_samples: 1
  rmse: 130.13859274235477
  std: 0.0
