rot:
  max: 12.557416818877247
  mean: 3.6372865792534
  median: 3.2489697541685736
  min: 0.0005860310670338717
  num_samples: 1101
  rmse: 4.13600107832039
  std: 1.9689213443534335
scale:
  max: 331.15703572743234
  mean: 5.346420259912868
  median: 1.981178354917712
  min: 0.00784767962183075
  num_samples: 1101
  rmse: 26.33425384643358
  std: 25.785823935891504
trans:
  max: 85.91870954481251
  mean: 48.74085929404515
  median: 57.60806978201548
  min: 0.0
  num_samples: 1101
  rmse: 56.435255295026
  std: 28.447612825909545
