rot:
  max: 4.13600107832039
  mean: 4.13600107832039
  median: 4.13600107832039
  min: 4.13600107832039
  num_samples: 1
  rmse: 4.13600107832039
  std: 0.0
scale:
  max: 26.33425384643358
  mean: 26.33425384643358
  median: 26.33425384643358
  min: 26.33425384643358
  num_samples: 1
  rmse: 26.33425384643358
  std: 0.0
trans:
  max: 56.435255295026
  mean: 56.435255295026
  median: 56.435255295026
  min: 56.435255295026
  num_samples: 1
  rmse: 56.435255295026
  std: 0.0
