rot:
  max: 3.79900180313171
  mean: 3.79900180313171
  median: 3.79900180313171
  min: 3.79900180313171
  num_samples: 1
  rmse: 3.79900180313171
  std: 0.0
scale:
  max: 26.384312187729115
  mean: 26.384312187729115
  median: 26.384312187729115
  min: 26.384312187729115
  num_samples: 1
  rmse: 26.384312187729115
  std: 0.0
trans:
  max: 63.262403373531896
  mean: 63.262403373531896
  median: 63.262403373531896
  min: 63.262403373531896
  num_samples: 1
  rmse: 63.262403373531896
  std: 0.0
