rot:
  max: 18.056517696219757
  mean: 9.818358434749577
  median: 7.657780580216068
  min: 0.0016653275185080497
  num_samples: 1101
  rmse: 10.968062687437895
  std: 4.888582285525043
scale:
  max: 288.19372804930293
  mean: 6.695231210336388
  median: 3.2147035251557377
  min: 0.013182325877425516
  num_samples: 1101
  rmse: 24.324640625337487
  std: 23.385081154273475
trans:
  max: 218.8045262267271
  mean: 95.88404843696802
  median: 101.06934461665892
  min: 9.29184417226616e-08
  num_samples: 1101
  rmse: 115.28991671535606
  std: 64.01573362518708
