rot:
  max: 10.968062687437895
  mean: 10.968062687437895
  median: 10.968062687437895
  min: 10.968062687437895
  num_samples: 1
  rmse: 10.968062687437895
  std: 0.0
scale:
  max: 24.324640625337487
  mean: 24.324640625337487
  median: 24.324640625337487
  min: 24.324640625337487
  num_samples: 1
  rmse: 24.324640625337487
  std: 0.0
trans:
  max: 115.28991671535606
  mean: 115.28991671535606
  median: 115.28991671535606
  min: 115.28991671535606
  num_samples: 1
  rmse: 115.28991671535606
  std: 0.0
