rot:
  max: 10.341732581244038
  mean: 5.691284945654607
  median: 5.42721299128239
  min: 0.0
  num_samples: 792
  rmse: 6.3113749480845645
  std: 2.728136617303955
scale:
  max: 3172.6787678401997
  mean: 66.91070858765035
  median: 5.669445871068923
  min: 0.037288794534173775
  num_samples: 792
  rmse: 249.75452828022785
  std: 240.62477319008045
trans:
  max: 26.81609867949895
  mean: 13.89040844650059
  median: 14.743323311552839
  min: 0.0
  num_samples: 792
  rmse: 15.711044372710594
  std: 7.34121709736651
