rot:
  max: 6.3113749480845645
  mean: 6.3113749480845645
  median: 6.3113749480845645
  min: 6.3113749480845645
  num_samples: 1
  rmse: 6.3113749480845645
  std: 0.0
scale:
  max: 249.75452828022785
  mean: 249.75452828022785
  median: 249.75452828022785
  min: 249.75452828022785
  num_samples: 1
  rmse: 249.75452828022785
  std: 0.0
trans:
  max: 15.711044372710594
  mean: 15.711044372710594
  median: 15.711044372710594
  min: 15.711044372710594
  num_samples: 1
  rmse: 15.711044372710594
  std: 0.0
