rot:
  max: 2.9484850443998747
  mean: 2.9484850443998747
  median: 2.9484850443998747
  min: 2.9484850443998747
  num_samples: 1
  rmse: 2.9484850443998747
  std: 0.0
scale:
  max: 607.8347388812134
  mean: 607.8347388812134
  median: 607.8347388812134
  min: 607.8347388812134
  num_samples: 1
  rmse: 607.8347388812134
  std: 0.0
trans:
  max: 50.654320933234885
  mean: 50.654320933234885
  median: 50.654320933234885
  min: 50.654320933234885
  num_samples: 1
  rmse: 50.654320933234885
  std: 0.0
