rot:
  max: 37.53246355113321
  mean: 16.87234531596079
  median: 11.709562897477088
  min: 0.00042243057245074247
  num_samples: 1330
  rmse: 21.34215914029721
  std: 13.069495793975669
scale:
  max: 23085730.07557089
  mean: 28571.554223222643
  median: 7.779103575108337
  min: 0.035080569741818834
  num_samples: 1330
  rmse: 711844.9909784772
  std: 711271.366969329
trans:
  max: 512.1603902277602
  mean: 147.9679908692681
  median: 106.71717701692012
  min: 9.678172040897828e-08
  num_samples: 1330
  rmse: 206.77745849866392
  std: 144.43819100666855
