rot:
  max: 21.34215914029721
  mean: 21.34215914029721
  median: 21.34215914029721
  min: 21.34215914029721
  num_samples: 1
  rmse: 21.34215914029721
  std: 0.0
scale:
  max: 711844.9909784772
  mean: 711844.9909784772
  median: 711844.9909784772
  min: 711844.9909784772
  num_samples: 1
  rmse: 711844.9909784772
  std: 0.0
trans:
  max: 206.77745849866392
  mean: 206.77745849866392
  median: 206.77745849866392
  min: 206.77745849866392
  num_samples: 1
  rmse: 206.77745849866392
  std: 0.0
