rot:
  max: 46.16449575381257
  mean: 25.748237614544976
  median: 23.955510603589474
  min: 0.0
  num_samples: 2686
  rmse: 29.186826860918966
  std: 13.744057696116968
scale:
  max: 227854.48913960077
  mean: 743.4904080836653
  median: 13.5039825210315
  min: 0.10008855559464624
  num_samples: 2686
  rmse: 6221.352383682707
  std: 6176.766750901485
trans:
  max: 679.3804602973482
  mean: 392.4799814896992
  median: 461.98557465970333
  min: 0.0
  num_samples: 2686
  rmse: 443.5595931268876
  std: 206.65085720784086
