rot:
  max: 29.186826860918966
  mean: 29.186826860918966
  median: 29.186826860918966
  min: 29.186826860918966
  num_samples: 1
  rmse: 29.186826860918966
  std: 0.0
scale:
  max: 6221.352383682707
  mean: 6221.352383682707
  median: 6221.352383682707
  min: 6221.352383682707
  num_samples: 1
  rmse: 6221.352383682707
  std: 0.0
trans:
  max: 443.5595931268876
  mean: 443.5595931268876
  median: 443.5595931268876
  min: 443.5595931268876
  num_samples: 1
  rmse: 443.5595931268876
  std: 0.0
