rot:
  max: 5.133198254901235
  mean: 1.649092254948172
  median: 1.7060160350132283
  min: 0.0
  num_samples: 772
  rmse: 2.1122126707550875
  std: 1.319824647886337
scale:
  max: 37552.59266723571
  mean: 689.609592007869
  median: 96.94961155038393
  min: 0.13072017643395162
  num_samples: 772
  rmse: 3018.440597373143
  std: 2938.60889716224
trans:
  max: 41.390415926039964
  mean: 25.46946636298758
  median: 39.468152006831744
  min: 0.0
  num_samples: 772
  rmse: 30.97165831310023
  std: 17.622426105621077
