rot:
  max: 2.1122126707550875
  mean: 2.1122126707550875
  median: 2.1122126707550875
  min: 2.1122126707550875
  num_samples: 1
  rmse: 2.1122126707550875
  std: 0.0
scale:
  max: 3018.440597373143
  mean: 3018.440597373143
  median: 3018.440597373143
  min: 3018.440597373143
  num_samples: 1
  rmse: 3018.440597373143
  std: 0.0
trans:
  max: 30.97165831310023
  mean: 30.97165831310023
  median: 30.97165831310023
  min: 30.97165831310023
  num_samples: 1
  rmse: 30.97165831310023
  std: 0.0
