rot:
  max: 179.723412548393
  mean: 10.19166730573217
  median: 6.872558510894864
  min: 0.006610887093053061
  num_samples: 2592
  rmse: 26.648982825677404
  std: 24.62312334316098
scale:
  max: 1227967.965611622
  mean: 502.8383970433848
  median: 7.003969551301981
  min: 0.00016454314127889447
  num_samples: 2592
  rmse: 24119.757471757704
  std: 24114.51542210356
trans:
  max: 196.21453577761136
  mean: 115.10486118416897
  median: 120.91266107709143
  min: 0.001228067965611622
  num_samples: 2592
  rmse: 129.22295420195886
  std: 58.73195743762285
