rot:
  max: 26.648982825677404
  mean: 26.648982825677404
  median: 26.648982825677404
  min: 26.648982825677404
  num_samples: 1
  rmse: 26.648982825677404
  std: 0.0
scale:
  max: 24119.757471757704
  mean: 24119.757471757704
  median: 24119.757471757704
  min: 24119.757471757704
  num_samples: 1
  rmse: 24119.757471757704
  std: 0.0
trans:
  max: 129.22295420195886
  mean: 129.22295420195886
  median: 129.22295420195886
  min: 129.22295420195886
  num_samples: 1
  rmse: 129.22295420195886
  std: 0.0
