rot:
  max: 4.164755804245421
  mean: 2.1151178190956825
  median: 2.134540117021314
  min: 0.00016122290739021877
  num_samples: 2095
  rmse: 2.3672534227121456
  std: 1.0630923660182556
scale:
  max: 10959.102430127547
  mean: 22.774648398879403
  median: 2.5663210654183866
  min: 0.21547720348074062
  num_samples: 2095
  rmse: 334.8923718359138
  std: 334.11706945948055
trans:
  max: 62.354993707973236
  mean: 38.08112609391749
  median: 41.53865344528214
  min: 0.0
  num_samples: 2095
  rmse: 42.39891390937215
  std: 18.64123751561328
