rot:
  max: 2.3672534227121456
  mean: 2.3672534227121456
  median: 2.3672534227121456
  min: 2.3672534227121456
  num_samples: 1
  rmse: 2.3672534227121456
  std: 0.0
scale:
  max: 334.8923718359138
  mean: 334.8923718359138
  median: 334.8923718359138
  min: 334.8923718359138
  num_samples: 1
  rmse: 334.8923718359138
  std: 0.0
trans:
  max: 42.39891390937215
  mean: 42.39891390937215
  median: 42.39891390937215
  min: 42.39891390937215
  num_samples: 1
  rmse: 42.39891390937215
  std: 0.0
