rot:
  max: 19.66781273369495
  mean: 10.735437835818288
  median: 8.570186430011976
  min: 0.0016653275185080497
  num_samples: 1101
  rmse: 12.07946646941896
  std: 5.537498050482556
scale:
  max: 288.19372804930293
  mean: 6.926530926209755
  median: 3.3759467820451583
  min: 0.003695661123592764
  num_samples: 1101
  rmse: 24.41179812575918
  std: 23.40852530726956
trans:
  max: 222.1020701291679
  mean: 99.09331638151258
  median: 103.78041333881127
  min: 9.29184417226616e-08
  num_samples: 1101
  rmse: 119.82531223611612
  std: 67.36928158290073
