rot:
  max: 12.07946646941896
  mean: 12.07946646941896
  median: 12.07946646941896
  min: 12.07946646941896
  num_samples: 1
  rmse: 12.07946646941896
  std: 0.0
scale:
  max: 24.41179812575918
  mean: 24.41179812575918
  median: 24.41179812575918
  min: 24.41179812575918
  num_samples: 1
  rmse: 24.41179812575918
  std: 0.0
trans:
  max: 119.82531223611612
  mean: 119.82531223611612
  median: 119.82531223611612
  min: 119.82531223611612
  num_samples: 1
  rmse: 119.82531223611612
  std: 0.0
