rot:
  max: 24.504707404448578
  mean: 15.172794925860927
  median: 16.181786590101435
  min: 1.1459155902616465e-14
  num_samples: 2095
  rmse: 16.33361628159863
  std: 6.047587533246029
scale:
  max: 107556.90889842933
  mean: 719.6415055422481
  median: 10.818480510074613
  min: 0.006155033080545991
  num_samples: 2095
  rmse: 6824.298644196279
  std: 6786.248454682459
trans:
  max: 520.4895032566367
  mean: 286.99665413336123
  median: 356.87731454583775
  min: 0.0
  num_samples: 2095
  rmse: 332.45142677335184
  std: 167.80009439774798
