rot:
  max: 16.33361628159863
  mean: 16.33361628159863
  median: 16.33361628159863
  min: 16.33361628159863
  num_samples: 1
  rmse: 16.33361628159863
  std: 0.0
scale:
  max: 6824.298644196279
  mean: 6824.298644196279
  median: 6824.298644196279
  min: 6824.298644196279
  num_samples: 1
  rmse: 6824.298644196279
  std: 0.0
trans:
  max: 332.45142677335184
  mean: 332.45142677335184
  median: 332.45142677335184
  min: 332.45142677335184
  num_samples: 1
  rmse: 332.45142677335184
  std: 0.0
