rot:
  max: 19.49331369849675
  mean: 10.774452604914483
  median: 10.045892000858021
  min: 0.00212969360678017
  num_samples: 1330
  rmse: 12.168178475513429
  std: 5.654709406892613
scale:
  max: 24519810.477114342
  mean: 30676.087561634744
  median: 4.79962775278347
  min: 0.03337452368945559
  num_samples: 1330
  rmse: 762003.4787491198
  std: 761385.7624605751
trans:
  max: 273.53073736999914
  mean: 99.89734139234675
  median: 104.33509418624246
  min: 9.938361130639345e-08
  num_samples: 1330
  rmse: 127.19350887906495
  std: 78.73188606727071
