rot:
  max: 12.168178475513429
  mean: 12.168178475513429
  median: 12.168178475513429
  min: 12.168178475513429
  num_samples: 1
  rmse: 12.168178475513429
  std: 0.0
scale:
  max: 762003.4787491198
  mean: 762003.4787491198
  median: 762003.4787491198
  min: 762003.4787491198
  num_samples: 1
  rmse: 762003.4787491198
  std: 0.0
trans:
  max: 127.19350887906495
  mean: 127.19350887906495
  median: 127.19350887906495
  min: 127.19350887906495
  num_samples: 1
  rmse: 127.19350887906495
  std: 0.0
