rot:
  max: 41.12047613954061
  mean: 29.113917014735847
  median: 33.633150848281964
  min: 1.1459155902616465e-14
  num_samples: 2095
  rmse: 31.256526986632434
  std: 11.373228008140707
scale:
  max: 79450.54682303616
  mean: 549.1365333295521
  median: 22.52354710057556
  min: 0.06417260841411476
  num_samples: 2095
  rmse: 5043.244281242417
  std: 5013.258615715646
trans:
  max: 1037.3171284719783
  mean: 533.9622252824631
  median: 532.9957971162646
  min: 0.0
  num_samples: 2095
  rmse: 629.5512914642263
  std: 333.4953831099844
