rot:
  max: 31.256526986632434
  mean: 31.256526986632434
  median: 31.256526986632434
  min: 31.256526986632434
  num_samples: 1
  rmse: 31.256526986632434
  std: 0.0
scale:
  max: 5043.244281242417
  mean: 5043.244281242417
  median: 5043.244281242417
  min: 5043.244281242417
  num_samples: 1
  rmse: 5043.244281242417
  std: 0.0
trans:
  max: 629.5512914642263
  mean: 629.5512914642263
  median: 629.5512914642263
  min: 629.5512914642263
  num_samples: 1
  rmse: 629.5512914642263
  std: 0.0
