rot:
  max: 6.576348309156681
  mean: 6.576348309156681
  median: 6.576348309156681
  min: 6.576348309156681
  num_samples: 1
  rmse: 6.576348309156681
  std: 0.0
scale:
  max: 2249.370351223457
  mean: 2249.370351223457
  median: 2249.370351223457
  min: 2249.370351223457
  num_samples: 1
  rmse: 2249.370351223457
  std: 0.0
trans:
  max: 17.42806012325194
  mean: 17.42806012325194
  median: 17.42806012325194
  min: 17.42806012325194
  num_samples: 1
  rmse: 17.42806012325194
  std: 0.0
