rot:
  max: 28.41614842329677
  mean: 15.84456589960402
  median: 14.201537024726282
  min: 0.0
  num_samples: 808
  rmse: 18.418793180940124
  std: 9.39157461213783
scale:
  max: 10558.179484313026
  mean: 246.35686994255863
  median: 8.211789247719908
  min: 0.01978905179571555
  num_samples: 808
  rmse: 950.6595057166585
  std: 918.1839622001393
trans:
  max: 86.6294958269378
  mean: 39.72880907597077
  median: 35.489304894221206
  min: 0.0
  num_samples: 808
  rmse: 46.81637600910957
  std: 24.766808272996993
