rot:
  max: 18.418793180940124
  mean: 18.418793180940124
  median: 18.418793180940124
  min: 18.418793180940124
  num_samples: 1
  rmse: 18.418793180940124
  std: 0.0
scale:
  max: 950.6595057166585
  mean: 950.6595057166585
  median: 950.6595057166585
  min: 950.6595057166585
  num_samples: 1
  rmse: 950.6595057166585
  std: 0.0
trans:
  max: 46.81637600910957
  mean: 46.81637600910957
  median: 46.81637600910957
  min: 46.81637600910957
  num_samples: 1
  rmse: 46.81637600910957
  std: 0.0
