rot:
  max: 140.72091862073273
  mean: 68.58336981557348
  median: 126.76379228426397
  min: 0.00260916829651933
  num_samples: 535
  rmse: 94.53103519218807
  std: 65.05719021942915
scale:
  max: 2560772.933327428
  mean: 12116.65321377926
  median: 98.34201650692891
  min: 0.004070407327194658
  num_samples: 535
  rmse: 127803.89772870424
  std: 127228.23188878366
trans:
  max: 713.6602698125562
  mean: 299.3138061621091
  median: 238.6309717331081
  min: 0.0
  num_samples: 535
  rmse: 427.56487203845603
  std: 305.3243607084319
