rot:
  max: 94.53103519218807
  mean: 94.53103519218807
  median: 94.53103519218807
  min: 94.53103519218807
  num_samples: 1
  rmse: 94.53103519218807
  std: 0.0
scale:
  max: 127803.89772870424
  mean: 127803.89772870424
  median: 127803.89772870424
  min: 127803.89772870424
  num_samples: 1
  rmse: 127803.89772870424
  std: 0.0
trans:
  max: 427.56487203845603
  mean: 427.56487203845603
  median: 427.56487203845603
  min: 427.56487203845603
  num_samples: 1
  rmse: 427.56487203845603
  std: 0.0
