rot:
  max: 28.790874443857287
  mean: 16.705789026303705
  median: 16.39636209039444
  min: 0.0
  num_samples: 2686
  rmse: 18.615007861119135
  std: 8.211889592423766
scale:
  max: 160679.65358975774
  mean: 508.76542490855985
  median: 8.568606334408667
  min: 0.09678319882577835
  num_samples: 2686
  rmse: 4369.933143499254
  std: 4340.215826554123
trans:
  max: 418.11142132140304
  mean: 247.01948754843116
  median: 302.6745249076389
  min: 0.0
  num_samples: 2686
  rmse: 275.42279353120074
  std: 121.81579523132835
