rot:
  max: 18.615007861119135
  mean: 18.615007861119135
  median: 18.615007861119135
  min: 18.615007861119135
  num_samples: 1
  rmse: 18.615007861119135
  std: 0.0
scale:
  max: 4369.933143499254
  mean: 4369.933143499254
  median: 4369.933143499254
  min: 4369.933143499254
  num_samples: 1
  rmse: 4369.933143499254
  std: 0.0
trans:
  max: 275.42279353120074
  mean: 275.42279353120074
  median: 275.42279353120074
  min: 275.42279353120074
  num_samples: 1
  rmse: 275.42279353120074
  std: 0.0
