rot:
  max: 4.333297466624621
  mean: 1.2532576701061011
  median: 0.8333594910470203
  min: 0.00023829022057807804
  num_samples: 1082
  rmse: 1.7345395500449527
  std: 1.1991549787205884
scale:
  max: 1223990.324484149
  mean: 1133.947723415874
  median: 2.4757830310063844
  min: 0.13291374426285252
  num_samples: 1082
  rmse: 37210.401600728444
  std: 37193.11965737821
trans:
  max: 48.856037371972825
  mean: 22.527412967915865
  median: 21.52090499931513
  min: 0.0
  num_samples: 1082
  rmse: 26.437762638716396
  std: 13.837303144546796
