rot:
  max: 1.7345395500449527
  mean: 1.7345395500449527
  median: 1.7345395500449527
  min: 1.7345395500449527
  num_samples: 1
  rmse: 1.7345395500449527
  std: 0.0
scale:
  max: 37210.401600728444
  mean: 37210.401600728444
  median: 37210.401600728444
  min: 37210.401600728444
  num_samples: 1
  rmse: 37210.401600728444
  std: 0.0
trans:
  max: 26.437762638716396
  mean: 26.437762638716396
  median: 26.437762638716396
  min: 26.437762638716396
  num_samples: 1
  rmse: 26.437762638716396
  std: 0.0
