rot:
  max: 16.35742485543229
  mean: 8.279528322237619
  median: 7.109259679732371
  min: 0.0007801794054116189
  num_samples: 1101
  rmse: 9.554861059219048
  std: 4.769148836243808
scale:
  max: 1075.418366396347
  mean: 6.307517170143015
  median: 3.387645665293304
  min: 0.0032779999321719266
  num_samples: 1101
  rmse: 42.891172456704936
  std: 42.42485005110985
trans:
  max: 203.93372976761495
  mean: 75.01865322204019
  median: 60.50605034740636
  min: 1.2476799491734092e-08
  num_samples: 1101
  rmse: 96.84123011218642
  std: 61.24071781415304
