rot:
  max: 3.309641882809796
  mean: 0.8666850827369725
  median: 0.6051532821043905
  min: 0.0004746431245258161
  num_samples: 1101
  rmse: 1.235725553483465
  std: 0.88083744862104
scale:
  max: 13823.080277924504
  mean: 36.12825156924702
  median: 1.8854956001904677
  min: 0.004802786706381568
  num_samples: 1101
  rmse: 604.3741014835356
  std: 603.2932984731225
trans:
  max: 36.50211035964517
  mean: 16.185656601915813
  median: 14.010453544838361
  min: 0.0
  num_samples: 1101
  rmse: 19.458911160062314
  std: 10.801562104624345
