rot:
  max: 1.235725553483465
  mean: 1.235725553483465
  median: 1.235725553483465
  min: 1.235725553483465
  num_samples: 1
  rmse: 1.235725553483465
  std: 0.0
scale:
  max: 604.3741014835356
  mean: 604.3741014835356
  median: 604.3741014835356
  min: 604.3741014835356
  num_samples: 1
  rmse: 604.3741014835356
  std: 0.0
trans:
  max: 19.458911160062314
  mean: 19.458911160062314
  median: 19.458911160062314
  min: 19.458911160062314
  num_samples: 1
  rmse: 19.458911160062314
  std: 0.0
