rot:
  max: 18.3671612422221
  mean: 9.080536859687601
  median: 7.227700700200087
  min: 0.00042243057245074247
  num_samples: 1330
  rmse: 11.316660365649902
  std: 6.753565885613779
scale:
  max: 23085730.07557089
  mean: 28531.458846200174
  median: 5.537036815180402
  min: 0.03449381659726969
  num_samples: 1330
  rmse: 711844.8885121339
  std: 711272.8739077289
trans:
  max: 255.39952636328667
  mean: 82.36095075185973
  median: 63.90949560791831
  min: 9.678172040897828e-08
  num_samples: 1330
  rmse: 112.8394636121327
  std: 77.13247266569091
