rot:
  max: 11.316660365649902
  mean: 11.316660365649902
  median: 11.316660365649902
  min: 11.316660365649902
  num_samples: 1
  rmse: 11.316660365649902
  std: 0.0
scale:
  max: 711844.8885121339
  mean: 711844.8885121339
  median: 711844.8885121339
  min: 711844.8885121339
  num_samples: 1
  rmse: 711844.8885121339
  std: 0.0
trans:
  max: 112.8394636121327
  mean: 112.8394636121327
  median: 112.8394636121327
  min: 112.8394636121327
  num_samples: 1
  rmse: 112.8394636121327
  std: 0.0
