rot:
  max: 10.976229512584657
  mean: 3.923990146802119
  median: 4.258906762919925
  min: 0.00260916829651933
  num_samples: 535
  rmse: 4.399613672764333
  std: 1.9896989212880285
scale:
  max: 2560772.933327428
  mean: 8252.337999731462
  median: 6.790994572022635
  min: 0.008708806847035344
  num_samples: 535
  rmse: 126938.06929500363
  std: 126669.53996080245
trans:
  max: 24.465972144742334
  mean: 14.680830535028894
  median: 20.563181746624913
  min: 0.0
  num_samples: 535
  rmse: 17.784358155156045
  std: 10.03775920176553
