rot:
  max: 4.399613672764333
  mean: 4.399613672764333
  median: 4.399613672764333
  min: 4.399613672764333
  num_samples: 1
  rmse: 4.399613672764333
  std: 0.0
scale:
  max: 126938.06929500363
  mean: 126938.06929500363
  median: 126938.06929500363
  min: 126938.06929500363
  num_samples: 1
  rmse: 126938.06929500363
  std: 0.0
trans:
  max: 17.784358155156045
  mean: 17.784358155156045
  median: 17.784358155156045
  min: 17.784358155156045
  num_samples: 1
  rmse: 17.784358155156045
  std: 0.0
