rot:
  max: 11.502027125070123
  mean: 11.502027125070123
  median: 11.502027125070123
  min: 11.502027125070123
  num_samples: 1
  rmse: 11.502027125070123
  std: 0.0
scale:
  max: 24.47520953323117
  mean: 24.47520953323117
  median: 24.47520953323117
  min: 24.47520953323117
  num_samples: 1
  rmse: 24.47520953323117
  std: 0.0
trans:
  max: 119.82200317498635
  mean: 119.82200317498635
  median: 119.82200317498635
  min: 119.82200317498635
  num_samples: 1
  rmse: 119.82200317498635
  std: 0.0
