rot:
  max: 7.486084520012407
  mean: 1.7335427205029927
  median: 1.6402475731152357
  min: 0.0
  num_samples: 792
  rmse: 2.178213150552117
  std: 1.3188791322290538
scale:
  max: 95045.45683651343
  mean: 226.89242742663953
  median: 4.8221251065236785
  min: 9.667788027911683e-05
  num_samples: 792
  rmse: 3823.6248029056133
  std: 3816.8870116590347
trans:
  max: 7.938978908624615
  mean: 4.009926143747811
  median: 3.0083351369485234
  min: 0.0
  num_samples: 792
  rmse: 4.763733192804115
  std: 2.5717010428724993
