rot:
  max: 2.178213150552117
  mean: 2.178213150552117
  median: 2.178213150552117
  min: 2.178213150552117
  num_samples: 1
  rmse: 2.178213150552117
  std: 0.0
scale:
  max: 3823.6248029056133
  mean: 3823.6248029056133
  median: 3823.6248029056133
  min: 3823.6248029056133
  num_samples: 1
  rmse: 3823.6248029056133
  std: 0.0
trans:
  max: 4.763733192804115
  mean: 4.763733192804115
  median: 4.763733192804115
  min: 4.763733192804115
  num_samples: 1
  rmse: 4.763733192804115
  std: 0.0
