rot:
  max: 176.96144649201156
  mean: 33.76623240649061
  median: 36.12257594680517
  min: 0.001186537744394713
  num_samples: 2592
  rmse: 39.054479619158236
  std: 19.623810216013336
scale:
  max: 1227967.965611622
  mean: 663.5456957941772
  median: 36.01410590223645
  min: 0.03447979657897893
  num_samples: 2592
  rmse: 24128.567758816807
  std: 24119.44214117332
trans:
  max: 1131.768350651254
  mean: 692.2181342644648
  median: 767.7490734449634
  min: 0.001228067965611622
  num_samples: 2592
  rmse: 784.8686685575101
  std: 369.9363208427393
