rot:
  max: 39.054479619158236
  mean: 39.054479619158236
  median: 39.054479619158236
  min: 39.054479619158236
  num_samples: 1
  rmse: 39.054479619158236
  std: 0.0
scale:
  max: 24128.567758816807
  mean: 24128.567758816807
  median: 24128.567758816807
  min: 24128.567758816807
  num_samples: 1
  rmse: 24128.567758816807
  std: 0.0
trans:
  max: 784.8686685575101
  mean: 784.8686685575101
  median: 784.8686685575101
  min: 784.8686685575101
  num_samples: 1
  rmse: 784.8686685575101
  std: 0.0
