rot:
  max: 177.3439016578845
  mean: 5.806711297205413
  median: 2.6253889552820064
  min: 0.006610887093053061
  num_samples: 2592
  rmse: 19.371940726717252
  std: 18.48118479509237
scale:
  max: 1227967.965611622
  mean: 507.6439867813038
  median: 1.2241063913971617
  min: 0.001441100562049602
  num_samples: 2592
  rmse: 24120.05587227745
  std: 24114.71320303169
trans:
  max: 134.48103914677196
  mean: 36.62088749968959
  median: 36.46754414122357
  min: 0.001228067965611622
  num_samples: 2592
  rmse: 41.12181027107748
  std: 18.705985103853056
