rot:
  max: 19.371940726717252
  mean: 19.371940726717252
  median: 19.371940726717252
  min: 19.371940726717252
  num_samples: 1
  rmse: 19.371940726717252
  std: 0.0
scale:
  max: 24120.05587227745
  mean: 24120.05587227745
  median: 24120.05587227745
  min: 24120.05587227745
  num_samples: 1
  rmse: 24120.05587227745
  std: 0.0
trans:
  max: 41.12181027107748
  mean: 41.12181027107748
  median: 41.12181027107748
  min: 41.12181027107748
  num_samples: 1
  rmse: 41.12181027107748
  std: 0.0
