rot:
  max: 16.35950814107426
  mean: 8.642505687749413
  median: 7.864847104952315
  min: 0.000869411600468224
  num_samples: 1311
  rmse: 9.866890605640007
  std: 4.760527876284945
scale:
  max: 3022.943256156586
  mean: 26.01135460406916
  median: 4.088294873842746
  min: 0.026909823412279987
  num_samples: 1311
  rmse: 156.6297002516902
  std: 154.45475853011357
trans:
  max: 218.52015062214863
  mean: 83.77422902660167
  median: 86.02786226012545
  min: 6.282971232067328e-08
  num_samples: 1311
  rmse: 104.11461034019017
  std: 61.82014750296317
