rot:
  max: 9.866890605640007
  mean: 9.866890605640007
  median: 9.866890605640007
  min: 9.866890605640007
  num_samples: 1
  rmse: 9.866890605640007
  std: 0.0
scale:
  max: 156.6297002516902
  mean: 156.6297002516902
  median: 156.6297002516902
  min: 156.6297002516902
  num_samples: 1
  rmse: 156.6297002516902
  std: 0.0
trans:
  max: 104.11461034019017
  mean: 104.11461034019017
  median: 104.11461034019017
  min: 104.11461034019017
  num_samples: 1
  rmse: 104.11461034019017
  std: 0.0
