rot:
  max: 22.022796816374257
  mean: 13.408418636983209
  median: 14.214322353075996
  min: 1.1459155902616465e-14
  num_samples: 2095
  rmse: 14.31376936367057
  std: 5.0098206606380185
scale:
  max: 82204.2659299192
  mean: 550.2711996614589
  median: 8.899646526709226
  min: 0.0008715257816649391
  num_samples: 2095
  rmse: 5215.219223189629
  std: 5186.107707399623
trans:
  max: 455.55868968629625
  mean: 248.45054881352092
  median: 275.43265628743825
  min: 0.0
  num_samples: 2095
  rmse: 286.5811539436989
  std: 142.83235834348707
