rot:
  max: 14.31376936367057
  mean: 14.31376936367057
  median: 14.31376936367057
  min: 14.31376936367057
  num_samples: 1
  rmse: 14.31376936367057
  std: 0.0
scale:
  max: 5215.219223189629
  mean: 5215.219223189629
  median: 5215.219223189629
  min: 5215.219223189629
  num_samples: 1
  rmse: 5215.219223189629
  std: 0.0
trans:
  max: 286.5811539436989
  mean: 286.5811539436989
  median: 286.5811539436989
  min: 286.5811539436989
  num_samples: 1
  rmse: 286.5811539436989
  std: 0.0
