rot:
  max: 9.5499118359135
  mean: 4.1520144393534375
  median: 3.6693816601229514
  min: 0.0
  num_samples: 792
  rmse: 4.447215099009549
  std: 1.5932665289458237
scale:
  max: 1715.6768783085795
  mean: 42.756230802644815
  median: 3.6781064587511683
  min: 0.006387064332114001
  num_samples: 792
  rmse: 147.01433994666488
  std: 140.65959219869973
trans:
  max: 16.291392238373614
  mean: 9.312340045722898
  median: 9.491346854815902
  min: 0.0
  num_samples: 792
  rmse: 10.476640297164382
  std: 4.800032790408231
