rot:
  max: 4.447215099009549
  mean: 4.447215099009549
  median: 4.447215099009549
  min: 4.447215099009549
  num_samples: 1
  rmse: 4.447215099009549
  std: 0.0
scale:
  max: 147.01433994666488
  mean: 147.01433994666488
  median: 147.01433994666488
  min: 147.01433994666488
  num_samples: 1
  rmse: 147.01433994666488
  std: 0.0
trans:
  max: 10.476640297164382
  mean: 10.476640297164382
  median: 10.476640297164382
  min: 10.476640297164382
  num_samples: 1
  rmse: 10.476640297164382
  std: 0.0
