rot:
  max: 1.8901572295549918
  mean: 1.1245844570201895
  median: 1.2433593892556756
  min: 3.292150005133531e-05
  num_samples: 2095
  rmse: 1.2211381013569795
  std: 0.47590761878155935
scale:
  max: 10959.102430127547
  mean: 30.88303150156225
  median: 0.45243279935408554
  min: 0.00015620173242636426
  num_samples: 2095
  rmse: 379.8543651589601
  std: 378.59685299219024
trans:
  max: 33.30110330070864
  mean: 15.588641677912713
  median: 13.76606567272973
  min: 0.0
  num_samples: 2095
  rmse: 18.241774922788743
  std: 9.473996145836601
