rot:
  max: 11.126369584822854
  mean: 6.360091028052215
  median: 5.597411581673535
  min: 0.0
  num_samples: 792
  rmse: 7.24725890990397
  std: 3.474478928137598
scale:
  max: 80473.5457920929
  mean: 236.52223933771734
  median: 6.728873439643662
  min: 0.021074465854376
  num_samples: 792
  rmse: 3214.140898806551
  std: 3205.4264845227153
trans:
  max: 28.833730339922386
  mean: 16.302282534062055
  median: 17.754286905735807
  min: 0.0
  num_samples: 792
  rmse: 18.250127276612925
  std: 8.203824095638959
