rot:
  max: 2.070472348917446
  mean: 0.6471430407284795
  median: 0.2733482331106087
  min: 0.0004746431245258161
  num_samples: 1101
  rmse: 0.9110807743642471
  std: 0.6413065275302081
scale:
  max: 13900.967251066473
  mean: 36.01839640525128
  median: 1.257444708789146
  min: 0.075048159112856
  num_samples: 1101
  rmse: 607.241985622235
  std: 606.1728336232404
trans:
  max: 29.249396449985475
  mean: 13.371773889440373
  median: 13.060588935523308
  min: 0.0
  num_samples: 1101
  rmse: 16.01932995448654
  std: 8.821258143847194
