rot:
  max: 0.9110807743642471
  mean: 0.9110807743642471
  median: 0.9110807743642471
  min: 0.9110807743642471
  num_samples: 1
  rmse: 0.9110807743642471
  std: 0.0
scale:
  max: 607.241985622235
  mean: 607.241985622235
  median: 607.241985622235
  min: 607.241985622235
  num_samples: 1
  rmse: 607.241985622235
  std: 0.0
trans:
  max: 16.01932995448654
  mean: 16.01932995448654
  median: 16.01932995448654
  min: 16.01932995448654
  num_samples: 1
  rmse: 16.01932995448654
  std: 0.0
