rot:
  max: 9.67666475915605
  mean: 1.4525581796413471
  median: 1.055393064504665
  min: 0.0
  num_samples: 792
  rmse: 2.4700288785870357
  std: 1.9977781147592302
scale:
  max: 95045.45683651343
  mean: 237.4992387435789
  median: 5.256444910576647
  min: 0.03095536241992658
  num_samples: 792
  rmse: 3824.3654524972044
  std: 3816.9837864274946
trans:
  max: 10.173792964108234
  mean: 6.152561791124811
  median: 7.009213712914626
  min: 0.0
  num_samples: 792
  rmse: 6.811708501863914
  std: 2.9232441089919607
