rot:
  max: 2.4700288785870357
  mean: 2.4700288785870357
  median: 2.4700288785870357
  min: 2.4700288785870357
  num_samples: 1
  rmse: 2.4700288785870357
  std: 0.0
scale:
  max: 3824.3654524972044
  mean: 3824.3654524972044
  median: 3824.3654524972044
  min: 3824.3654524972044
  num_samples: 1
  rmse: 3824.3654524972044
  std: 0.0
trans:
  max: 6.811708501863914
  mean: 6.811708501863914
  median: 6.811708501863914
  min: 6.811708501863914
  num_samples: 1
  rmse: 6.811708501863914
  std: 0.0
