rot:
  max: 4.577519734003524
  mean: 4.577519734003524
  median: 4.577519734003524
  min: 4.577519734003524
  num_samples: 1
  rmse: 4.577519734003524
  std: 0.0
scale:
  max: 126938.17846041638
  mean: 126938.17846041638
  median: 126938.17846041638
  min: 126938.17846041638
  num_samples: 1
  rmse: 126938.17846041638
  std: 0.0
trans:
  max: 19.081313819155376
  mean: 19.081313819155376
  median: 19.081313819155376
  min: 19.081313819155376
  num_samples: 1
  rmse: 19.081313819155376
  std: 0.0
