rot:
  max: 7.106571905391877
  mean: 2.921860223937975
  median: 3.9228820031854434
  min: 0.0
  num_samples: 772
  rmse: 3.617223018401027
  std: 2.132377826891698
scale:
  max: 24634.004606143546
  mean: 429.146456892082
  median: 51.08541959062137
  min: 0.002980324033385884
  num_samples: 772
  rmse: 2124.0577588030405
  std: 2080.253513701724
trans:
  max: 25.742598031174225
  mean: 13.66843608749877
  median: 20.89413444485168
  min: 0.0
  num_samples: 772
  rmse: 16.925032261553795
  std: 9.981511507612367
