rot:
  max: 3.617223018401027
  mean: 3.617223018401027
  median: 3.617223018401027
  min: 3.617223018401027
  num_samples: 1
  rmse: 3.617223018401027
  std: 0.0
scale:
  max: 2124.0577588030405
  mean: 2124.0577588030405
  median: 2124.0577588030405
  min: 2124.0577588030405
  num_samples: 1
  rmse: 2124.0577588030405
  std: 0.0
trans:
  max: 16.925032261553795
  mean: 16.925032261553795
  median: 16.925032261553795
  min: 16.925032261553795
  num_samples: 1
  rmse: 16.925032261553795
  std: 0.0
