rot:
  max: 31.868970789762397
  mean: 16.4040142407004
  median: 18.91883748690738
  min: 0.0
  num_samples: 772
  rmse: 20.01749845131618
  std: 11.47207745089546
scale:
  max: 55060.58698761118
  mean: 952.4348398094368
  median: 89.31357610438243
  min: 0.002022596330109039
  num_samples: 772
  rmse: 4095.6027040084455
  std: 3983.318890698868
trans:
  max: 67.59545070777847
  mean: 32.77412687924014
  median: 40.78701545335971
  min: 0.0
  num_samples: 772
  rmse: 39.05153858761764
  std: 21.233917993711348
