rot:
  max: 20.01749845131618
  mean: 20.01749845131618
  median: 20.01749845131618
  min: 20.01749845131618
  num_samples: 1
  rmse: 20.01749845131618
  std: 0.0
scale:
  max: 4095.6027040084455
  mean: 4095.6027040084455
  median: 4095.6027040084455
  min: 4095.6027040084455
  num_samples: 1
  rmse: 4095.6027040084455
  std: 0.0
trans:
  max: 39.05153858761764
  mean: 39.05153858761764
  median: 39.05153858761764
  min: 39.05153858761764
  num_samples: 1
  rmse: 39.05153858761764
  std: 0.0
