rot:
  max: 11.029070363160196
  mean: 4.068329162100999
  median: 4.881613656141175
  min: 0.00260916829651933
  num_samples: 535
  rmse: 4.577519734003524
  std: 2.098186060384131
scale:
  max: 2560772.933327428
  mean: 8257.140240764784
  median: 5.554109925897688
  min: 0.004070407327194658
  num_samples: 535
  rmse: 126938.17846041638
  std: 126669.33640740704
trans:
  max: 26.826840671951373
  mean: 15.70175662241495
  median: 23.298162914593433
  min: 0.0
  num_samples: 535
  rmse: 19.081313819155376
  std: 10.84211123515795
