rot:
  max: 14.815301380847803
  mean: 7.672851810033166
  median: 5.624088433130508
  min: 0.0
  num_samples: 792
  rmse: 8.911757498617513
  std: 4.532854157750526
scale:
  max: 5016.669474053763
  mean: 112.84555285085058
  median: 6.0140188387218245
  min: 0.006734921873463584
  num_samples: 792
  rmse: 400.3712847109898
  std: 384.13935859647916
trans:
  max: 42.59541186871468
  mean: 19.40223176980172
  median: 15.59268549825476
  min: 0.0
  num_samples: 792
  rmse: 23.0110411682257
  std: 12.371799303119763
