rot:
  max: 8.911757498617513
  mean: 8.911757498617513
  median: 8.911757498617513
  min: 8.911757498617513
  num_samples: 1
  rmse: 8.911757498617513
  std: 0.0
scale:
  max: 400.3712847109898
  mean: 400.3712847109898
  median: 400.3712847109898
  min: 400.3712847109898
  num_samples: 1
  rmse: 400.3712847109898
  std: 0.0
trans:
  max: 23.0110411682257
  mean: 23.0110411682257
  median: 23.0110411682257
  min: 23.0110411682257
  num_samples: 1
  rmse: 23.0110411682257
  std: 0.0
