rot:
  max: 16.311189342458725
  mean: 9.0356272307618
  median: 7.838032979837322
  min: 0.0
  num_samples: 792
  rmse: 10.274619465981164
  std: 4.8913439582015625
scale:
  max: 5413.117915554788
  mean: 111.02885426224648
  median: 5.775558490444532
  min: 0.0034624972553465305
  num_samples: 792
  rmse: 425.0938201544313
  std: 410.3380916448055
trans:
  max: 46.62054474182437
  mean: 21.300496142157595
  median: 17.300358593237306
  min: 0.0
  num_samples: 792
  rmse: 25.230548465618337
  std: 13.522922760033987
