rot:
  max: 10.274619465981164
  mean: 10.274619465981164
  median: 10.274619465981164
  min: 10.274619465981164
  num_samples: 1
  rmse: 10.274619465981164
  std: 0.0
scale:
  max: 425.0938201544313
  mean: 425.0938201544313
  median: 425.0938201544313
  min: 425.0938201544313
  num_samples: 1
  rmse: 425.0938201544313
  std: 0.0
trans:
  max: 25.230548465618337
  mean: 25.230548465618337
  median: 25.230548465618337
  min: 25.230548465618337
  num_samples: 1
  rmse: 25.230548465618337
  std: 0.0
