rot:
  max: 17.097775728770962
  mean: 9.685304997427055
  median: 8.522942547855973
  min: 0.0016653275185080497
  num_samples: 1101
  rmse: 10.6258863253081
  std: 4.370849723473022
scale:
  max: 288.19372804930293
  mean: 6.283902972176925
  median: 3.3556891549106016
  min: 0.004648849552690848
  num_samples: 1101
  rmse: 24.192621657364164
  std: 23.362266715638523
trans:
  max: 218.81478545916394
  mean: 92.65186472241227
  median: 82.66725958420535
  min: 9.29184417226616e-08
  num_samples: 1101
  rmse: 113.63099438337785
  std: 65.7847615182655
