rot:
  max: 11.515685378611993
  mean: 5.903710130388436
  median: 6.49699708746871
  min: 0.0011756501000594333
  num_samples: 516
  rmse: 6.787890053158483
  std: 3.3498743364664922
scale:
  max: 6835.817408681345
  mean: 161.2690310019018
  median: 7.9621573806990416
  min: 0.015045138324931706
  num_samples: 516
  rmse: 622.5482054138604
  std: 601.2974037061242
trans:
  max: 33.676470859176916
  mean: 17.33826091515715
  median: 21.824843916093066
  min: 9.0953652069798e-08
  num_samples: 516
  rmse: 21.017967046671664
  std: 11.880220840241561
