rot:
  max: 6.787890053158483
  mean: 6.787890053158483
  median: 6.787890053158483
  min: 6.787890053158483
  num_samples: 1
  rmse: 6.787890053158483
  std: 0.0
scale:
  max: 622.5482054138604
  mean: 622.5482054138604
  median: 622.5482054138604
  min: 622.5482054138604
  num_samples: 1
  rmse: 622.5482054138604
  std: 0.0
trans:
  max: 21.017967046671664
  mean: 21.017967046671664
  median: 21.017967046671664
  min: 21.017967046671664
  num_samples: 1
  rmse: 21.017967046671664
  std: 0.0
