rot:
  max: 4.040680728763731
  mean: 0.99594744151156
  median: 0.8468343161993115
  min: 5.109599479759417e-05
  num_samples: 1330
  rmse: 1.2645279476086773
  std: 0.7791788138996029
scale:
  max: 2176276.0445006993
  mean: 2825.4988352964333
  median: 2.0990269675742246
  min: 0.00033491736967095065
  num_samples: 1330
  rmse: 68765.48406132635
  std: 68707.41120519875
trans:
  max: 39.26951146724276
  mean: 13.169164327627001
  median: 12.011914806992255
  min: 0.0
  num_samples: 1330
  rmse: 15.873012783616007
  std: 8.861469728030091
