rot:
  max: 9.224549274404827
  mean: 1.1931302677138595
  median: 0.8024091479622814
  min: 0.0
  num_samples: 792
  rmse: 2.2336113899541674
  std: 1.8882425706455306
scale:
  max: 95045.45683651343
  mean: 233.18315763481152
  median: 4.567410980935177
  min: 0.028822285928598035
  num_samples: 792
  rmse: 3823.9373505846415
  std: 3816.820990849813
trans:
  max: 7.420897520984407
  mean: 4.835953967722542
  median: 5.350587609097351
  min: 0.0
  num_samples: 792
  rmse: 5.227193138153687
  std: 1.984212016300071
