rot:
  max: 2.2336113899541674
  mean: 2.2336113899541674
  median: 2.2336113899541674
  min: 2.2336113899541674
  num_samples: 1
  rmse: 2.2336113899541674
  std: 0.0
scale:
  max: 3823.9373505846415
  mean: 3823.9373505846415
  median: 3823.9373505846415
  min: 3823.9373505846415
  num_samples: 1
  rmse: 3823.9373505846415
  std: 0.0
trans:
  max: 5.227193138153687
  mean: 5.227193138153687
  median: 5.227193138153687
  min: 5.227193138153687
  num_samples: 1
  rmse: 5.227193138153687
  std: 0.0
