rot:
  max: 8.766466109745094
  mean: 2.626370885808659
  median: 2.092777939930277
  min: 0.00021487619757696975
  num_samples: 773
  rmse: 3.0545169060712
  std: 1.55956708725576
scale:
  max: 2626.1381777964903
  mean: 46.48083324656532
  median: 7.324815182435862
  min: 0.08569952162891248
  num_samples: 773
  rmse: 201.95222892741617
  std: 196.5304935867625
trans:
  max: 18.19623139661225
  mean: 11.152261315522018
  median: 9.646598563263842
  min: 0.0
  num_samples: 773
  rmse: 12.602635738944679
  std: 5.869709968885756
