rot:
  max: 3.0545169060712
  mean: 3.0545169060712
  median: 3.0545169060712
  min: 3.0545169060712
  num_samples: 1
  rmse: 3.0545169060712
  std: 0.0
scale:
  max: 201.95222892741617
  mean: 201.95222892741617
  median: 201.95222892741617
  min: 201.95222892741617
  num_samples: 1
  rmse: 201.95222892741617
  std: 0.0
trans:
  max: 12.602635738944679
  mean: 12.602635738944679
  median: 12.602635738944679
  min: 12.602635738944679
  num_samples: 1
  rmse: 12.602635738944679
  std: 0.0
