rot:
  max: 11.011559255373234
  mean: 5.852442991976369
  median: 5.960715890975808
  min: 0.0036168793486788336
  num_samples: 2111
  rmse: 6.091899122873742
  std: 1.6911966026859646
scale:
  max: 20119106.501214705
  mean: 17949.956081138884
  median: 3.3168273997786546
  min: 0.01660614230223345
  num_samples: 2111
  rmse: 542025.2111549964
  std: 541727.9101212191
trans:
  max: 275.5394972361793
  mean: 158.41400442751828
  median: 188.1978560758934
  min: 0.0
  num_samples: 2111
  rmse: 182.06154804165715
  std: 89.72965215893159
