rot:
  max: 6.091899122873742
  mean: 6.091899122873742
  median: 6.091899122873742
  min: 6.091899122873742
  num_samples: 1
  rmse: 6.091899122873742
  std: 0.0
scale:
  max: 542025.2111549964
  mean: 542025.2111549964
  median: 542025.2111549964
  min: 542025.2111549964
  num_samples: 1
  rmse: 542025.2111549964
  std: 0.0
trans:
  max: 182.06154804165715
  mean: 182.06154804165715
  median: 182.06154804165715
  min: 182.06154804165715
  num_samples: 1
  rmse: 182.06154804165715
  std: 0.0
