rot:
  max: 22.603667265259286
  mean: 12.931293873333914
  median: 12.346450764136243
  min: 0.0
  num_samples: 2078
  rmse: 14.160543157173828
  std: 5.770842336059734
scale:
  max: 55658.6028496353
  mean: 403.84505079351186
  median: 8.708648059445355
  min: 0.09856486579944423
  num_samples: 2078
  rmse: 3627.7435299821645
  std: 3605.195181162462
trans:
  max: 389.6374181906843
  mean: 207.8831016527436
  median: 224.0879457126113
  min: 0.0
  num_samples: 2078
  rmse: 239.07183322797852
  std: 118.06759712224792
