rot:
  max: 14.160543157173828
  mean: 14.160543157173828
  median: 14.160543157173828
  min: 14.160543157173828
  num_samples: 1
  rmse: 14.160543157173828
  std: 0.0
scale:
  max: 3627.7435299821645
  mean: 3627.7435299821645
  median: 3627.7435299821645
  min: 3627.7435299821645
  num_samples: 1
  rmse: 3627.7435299821645
  std: 0.0
trans:
  max: 239.07183322797852
  mean: 239.07183322797852
  median: 239.07183322797852
  min: 239.07183322797852
  num_samples: 1
  rmse: 239.07183322797852
  std: 0.0
