rot:
  max: 176.61518527460888
  mean: 37.073045095476715
  median: 39.076338946825004
  min: 0.03371887288229111
  num_samples: 2592
  rmse: 41.54317261658617
  std: 18.746320129567412
scale:
  max: 1227981.1363360449
  mean: 721.6630342028603
  median: 37.753341059526306
  min: 0.014333899912610804
  num_samples: 2592
  rmse: 24135.718055484474
  std: 24124.926704943675
trans:
  max: 1209.4377264034595
  mean: 745.087884906497
  median: 845.3654116253042
  min: 0.001228081136336045
  num_samples: 2592
  rmse: 836.8498862859708
  std: 381.0010182957585
