rot:
  max: 41.54317261658617
  mean: 41.54317261658617
  median: 41.54317261658617
  min: 41.54317261658617
  num_samples: 1
  rmse: 41.54317261658617
  std: 0.0
scale:
  max: 24135.718055484474
  mean: 24135.718055484474
  median: 24135.718055484474
  min: 24135.718055484474
  num_samples: 1
  rmse: 24135.718055484474
  std: 0.0
trans:
  max: 836.8498862859708
  mean: 836.8498862859708
  median: 836.8498862859708
  min: 836.8498862859708
  num_samples: 1
  rmse: 836.8498862859708
  std: 0.0
