rot:
  max: 5.616831738194983
  mean: 3.3471929376009486
  median: 4.257058982456827
  min: 0.00028484216398121505
  num_samples: 535
  rmse: 3.865216252972393
  std: 1.932924240811387
scale:
  max: 2557282.951710896
  mean: 8260.938544936129
  median: 15.105937845042018
  min: 0.009366900330642913
  num_samples: 535
  rmse: 126342.59670350686
  std: 126072.23578624192
trans:
  max: 52.52256677311937
  mean: 25.339068312550918
  median: 28.583557150061626
  min: 0.0
  num_samples: 535
  rmse: 33.22892109198442
  std: 21.496344200565947
