rot:
  max: 3.865216252972393
  mean: 3.865216252972393
  median: 3.865216252972393
  min: 3.865216252972393
  num_samples: 1
  rmse: 3.865216252972393
  std: 0.0
scale:
  max: 126342.59670350686
  mean: 126342.59670350686
  median: 126342.59670350686
  min: 126342.59670350686
  num_samples: 1
  rmse: 126342.59670350686
  std: 0.0
trans:
  max: 33.22892109198442
  mean: 33.22892109198442
  median: 33.22892109198442
  min: 33.22892109198442
  num_samples: 1
  rmse: 33.22892109198442
  std: 0.0
