rot:
  max: 44.195278670394366
  mean: 25.678875243629506
  median: 39.08931108381803
  min: 0.0
  num_samples: 772
  rmse: 31.509911081350857
  std: 18.26115720803994
scale:
  max: 142444.29436483158
  mean: 3573.1835133910854
  median: 426.5825095132229
  min: 0.0006533575230727173
  num_samples: 772
  rmse: 14540.6185575699
  std: 14094.748937685135
trans:
  max: 285.80619787881653
  mean: 156.68550409725205
  median: 249.41416950399855
  min: 0.0
  num_samples: 772
  rmse: 198.19899138639283
  std: 121.37748140562742
