rot:
  max: 31.509911081350857
  mean: 31.509911081350857
  median: 31.509911081350857
  min: 31.509911081350857
  num_samples: 1
  rmse: 31.509911081350857
  std: 0.0
scale:
  max: 14540.6185575699
  mean: 14540.6185575699
  median: 14540.6185575699
  min: 14540.6185575699
  num_samples: 1
  rmse: 14540.6185575699
  std: 0.0
trans:
  max: 198.19899138639283
  mean: 198.19899138639283
  median: 198.19899138639283
  min: 198.19899138639283
  num_samples: 1
  rmse: 198.19899138639283
  std: 0.0
