rot:
  max: 9.024116951407988
  mean: 4.282986955865321
  median: 4.108206452814382
  min: 0.0023198233863703107
  num_samples: 2095
  rmse: 4.541608209942429
  std: 1.510704427909041
scale:
  max: 18175.231709287207
  mean: 118.04980800066777
  median: 2.5140337451057926
  min: 0.1040377370789991
  num_samples: 2095
  rmse: 1149.9197292007125
  std: 1143.8442317186575
trans:
  max: 133.33563699608104
  mean: 76.89257108704052
  median: 65.74448245252368
  min: 0.0
  num_samples: 2095
  rmse: 85.82441562059162
  std: 38.12299605540562
