rot:
  max: 4.541608209942429
  mean: 4.541608209942429
  median: 4.541608209942429
  min: 4.541608209942429
  num_samples: 1
  rmse: 4.541608209942429
  std: 0.0
scale:
  max: 1149.9197292007125
  mean: 1149.9197292007125
  median: 1149.9197292007125
  min: 1149.9197292007125
  num_samples: 1
  rmse: 1149.9197292007125
  std: 0.0
trans:
  max: 85.82441562059162
  mean: 85.82441562059162
  median: 85.82441562059162
  min: 85.82441562059162
  num_samples: 1
  rmse: 85.82441562059162
  std: 0.0
