rot:
  max: 8.731850240421464
  mean: 4.773974465764277
  median: 4.280920693085787
  min: 0.0006785081735415092
  num_samples: 535
  rmse: 5.47868974737843
  std: 2.6879749158539803
scale:
  max: 3152942.3655458493
  mean: 13543.552612145562
  median: 6.593854980837999
  min: 0.028718793325843706
  num_samples: 535
  rmse: 192946.48302039682
  std: 192470.56266500163
trans:
  max: 28.3636045008731
  mean: 9.548457920614833
  median: 9.636117061916906
  min: 3.8474106316268337e-08
  num_samples: 535
  rmse: 12.593003216401597
  std: 8.210400803039327
