rot:
  max: 5.47868974737843
  mean: 5.47868974737843
  median: 5.47868974737843
  min: 5.47868974737843
  num_samples: 1
  rmse: 5.47868974737843
  std: 0.0
scale:
  max: 192946.48302039682
  mean: 192946.48302039682
  median: 192946.48302039682
  min: 192946.48302039682
  num_samples: 1
  rmse: 192946.48302039682
  std: 0.0
trans:
  max: 12.593003216401597
  mean: 12.593003216401597
  median: 12.593003216401597
  min: 12.593003216401597
  num_samples: 1
  rmse: 12.593003216401597
  std: 0.0
