rot:
  max: 10.199102975619969
  mean: 5.529210930366422
  median: 4.673405134133318
  min: 0.0
  num_samples: 792
  rmse: 6.382722897167781
  std: 3.188569909778733
scale:
  max: 80473.54862444561
  mean: 227.51013645995246
  median: 6.137294485244238
  min: 0.09518641106203152
  num_samples: 792
  rmse: 3212.209113799302
  std: 3204.1420893248896
trans:
  max: 23.516084003400625
  mean: 13.454383252665869
  median: 14.385865515847751
  min: 0.0
  num_samples: 792
  rmse: 15.133440252668027
  std: 6.928245461259086
