rot:
  max: 6.382722897167781
  mean: 6.382722897167781
  median: 6.382722897167781
  min: 6.382722897167781
  num_samples: 1
  rmse: 6.382722897167781
  std: 0.0
scale:
  max: 3212.209113799302
  mean: 3212.209113799302
  median: 3212.209113799302
  min: 3212.209113799302
  num_samples: 1
  rmse: 3212.209113799302
  std: 0.0
trans:
  max: 15.133440252668027
  mean: 15.133440252668027
  median: 15.133440252668027
  min: 15.133440252668027
  num_samples: 1
  rmse: 15.133440252668027
  std: 0.0
