rot:
  max: 4.448832570795395
  mean: 1.2976358458132027
  median: 0.9248723990314589
  min: 0.0004746431245258161
  num_samples: 1101
  rmse: 1.7806326763312292
  std: 1.2193416008974558
scale:
  max: 13823.080277924504
  mean: 38.43931409213969
  median: 4.232841626696282
  min: 0.03141694692434527
  num_samples: 1101
  rmse: 604.3864294533444
  std: 603.1628098942177
trans:
  max: 73.55549514751613
  mean: 34.10256255975139
  median: 33.0629903823226
  min: 0.0
  num_samples: 1101
  rmse: 40.4560229720498
  std: 21.76476559885872
