rot:
  max: 1.7806326763312292
  mean: 1.7806326763312292
  median: 1.7806326763312292
  min: 1.7806326763312292
  num_samples: 1
  rmse: 1.7806326763312292
  std: 0.0
scale:
  max: 604.3864294533444
  mean: 604.3864294533444
  median: 604.3864294533444
  min: 604.3864294533444
  num_samples: 1
  rmse: 604.3864294533444
  std: 0.0
trans:
  max: 40.4560229720498
  mean: 40.4560229720498
  median: 40.4560229720498
  min: 40.4560229720498
  num_samples: 1
  rmse: 40.4560229720498
  std: 0.0
