rot:
  max: 5.039050935698561
  mean: 5.039050935698561
  median: 5.039050935698561
  min: 5.039050935698561
  num_samples: 1
  rmse: 5.039050935698561
  std: 0.0
scale:
  max: 5317.532744228449
  mean: 5317.532744228449
  median: 5317.532744228449
  min: 5317.532744228449
  num_samples: 1
  rmse: 5317.532744228449
  std: 0.0
trans:
  max: 60.94912000500408
  mean: 60.94912000500408
  median: 60.94912000500408
  min: 60.94912000500408
  num_samples: 1
  rmse: 60.94912000500408
  std: 0.0
