rot:
  max: 26.31799606353998
  mean: 16.530912076843627
  median: 16.66427620330985
  min: 0.0
  num_samples: 2686
  rmse: 17.97308974932264
  std: 7.054140702089238
scale:
  max: 156342.99143848813
  mean: 535.0804072220037
  median: 9.333129093498215
  min: 0.09715788948414517
  num_samples: 2686
  rmse: 4436.002203572271
  std: 4403.612665517391
trans:
  max: 451.25578510549843
  mean: 272.6310011944471
  median: 333.38502170259375
  min: 0.0
  num_samples: 2686
  rmse: 304.9353891739875
  std: 136.59402899982356
