rot:
  max: 17.97308974932264
  mean: 17.97308974932264
  median: 17.97308974932264
  min: 17.97308974932264
  num_samples: 1
  rmse: 17.97308974932264
  std: 0.0
scale:
  max: 4436.002203572271
  mean: 4436.002203572271
  median: 4436.002203572271
  min: 4436.002203572271
  num_samples: 1
  rmse: 4436.002203572271
  std: 0.0
trans:
  max: 304.9353891739875
  mean: 304.9353891739875
  median: 304.9353891739875
  min: 304.9353891739875
  num_samples: 1
  rmse: 304.9353891739875
  std: 0.0
