rot:
  max: 14.433697194191677
  mean: 8.019063673418287
  median: 11.687364896812664
  min: 0.0006785081735415092
  num_samples: 535
  rmse: 9.768274530964456
  std: 5.577975001194615
scale:
  max: 3152900.0099882293
  mean: 13741.609452593317
  median: 10.766766490492774
  min: 0.0019568909050970973
  num_samples: 535
  rmse: 192947.44835248485
  std: 192457.49139845715
trans:
  max: 55.59825888530718
  mean: 22.561778416430034
  median: 18.182460187095142
  min: 3.8474106316268337e-08
  num_samples: 535
  rmse: 30.380045067451704
  std: 20.344859129232333
