rot:
  max: 9.768274530964456
  mean: 9.768274530964456
  median: 9.768274530964456
  min: 9.768274530964456
  num_samples: 1
  rmse: 9.768274530964456
  std: 0.0
scale:
  max: 192947.44835248485
  mean: 192947.44835248485
  median: 192947.44835248485
  min: 192947.44835248485
  num_samples: 1
  rmse: 192947.44835248485
  std: 0.0
trans:
  max: 30.380045067451704
  mean: 30.380045067451704
  median: 30.380045067451704
  min: 30.380045067451704
  num_samples: 1
  rmse: 30.380045067451704
  std: 0.0
