rot:
  max: 9.012348946191757
  mean: 3.7915523725099423
  median: 4.557997193953994
  min: 0.0
  num_samples: 772
  rmse: 4.3277593439349324
  std: 2.0865357762402112
scale:
  max: 14219.753064283112
  mean: 351.67132930729025
  median: 40.32555659714494
  min: 0.00023698838935715116
  num_samples: 772
  rmse: 1448.694711984983
  std: 1405.3624602487773
trans:
  max: 28.23571346625651
  mean: 15.326446344749058
  median: 23.344231281874087
  min: 0.0
  num_samples: 772
  rmse: 19.030560793890036
  std: 11.28105875223921
