rot:
  max: 20.92525093041149
  mean: 12.83549315278716
  median: 13.15629575722792
  min: 1.1459155902616465e-14
  num_samples: 2095
  rmse: 13.841817592044467
  std: 5.18131544843446
scale:
  max: 89690.71246523452
  mean: 600.4837857204778
  median: 9.36542416587509
  min: 0.2770492971202687
  num_samples: 2095
  rmse: 5690.446721697925
  std: 5658.675031804659
trans:
  max: 427.12740956613294
  mean: 238.21494535965385
  median: 297.15603688144415
  min: 0.0
  num_samples: 2095
  rmse: 274.47819034517494
  std: 136.3521792361942
