rot:
  max: 13.841817592044467
  mean: 13.841817592044467
  median: 13.841817592044467
  min: 13.841817592044467
  num_samples: 1
  rmse: 13.841817592044467
  std: 0.0
scale:
  max: 5690.446721697925
  mean: 5690.446721697925
  median: 5690.446721697925
  min: 5690.446721697925
  num_samples: 1
  rmse: 5690.446721697925
  std: 0.0
trans:
  max: 274.47819034517494
  mean: 274.47819034517494
  median: 274.47819034517494
  min: 274.47819034517494
  num_samples: 1
  rmse: 274.47819034517494
  std: 0.0
