rot:
  max: 11.928133867662785
  mean: 6.532604169331168
  median: 9.173473325845647
  min: 0.0006785081735415092
  num_samples: 535
  rmse: 7.790326423826437
  std: 4.244321919530312
scale:
  max: 3152900.0099882293
  mean: 13656.176435017216
  median: 9.728098994471567
  min: 0.007482372625000622
  num_samples: 535
  rmse: 192945.92401569596
  std: 192462.04415272744
trans:
  max: 39.302673496782724
  mean: 16.191716894879477
  median: 14.802758485630687
  min: 3.8474106316268337e-08
  num_samples: 535
  rmse: 21.229721710950905
  std: 13.730600420975577
