rot:
  max: 7.790326423826437
  mean: 7.790326423826437
  median: 7.790326423826437
  min: 7.790326423826437
  num_samples: 1
  rmse: 7.790326423826437
  std: 0.0
scale:
  max: 192945.92401569596
  mean: 192945.92401569596
  median: 192945.92401569596
  min: 192945.92401569596
  num_samples: 1
  rmse: 192945.92401569596
  std: 0.0
trans:
  max: 21.229721710950905
  mean: 21.229721710950905
  median: 21.229721710950905
  min: 21.229721710950905
  num_samples: 1
  rmse: 21.229721710950905
  std: 0.0
