rot:
  max: 3.630526437858816
  mean: 3.630526437858816
  median: 3.630526437858816
  min: 3.630526437858816
  num_samples: 1
  rmse: 3.630526437858816
  std: 0.0
scale:
  max: 399061.36253399804
  mean: 399061.36253399804
  median: 399061.36253399804
  min: 399061.36253399804
  num_samples: 1
  rmse: 399061.36253399804
  std: 0.0
trans:
  max: 57.131245750829294
  mean: 57.131245750829294
  median: 57.131245750829294
  min: 57.131245750829294
  num_samples: 1
  rmse: 57.131245750829294
  std: 0.0
