rot:
  max: 9.977806647488773
  mean: 2.5560307399662516
  median: 2.5321367372688446
  min: 0.0
  num_samples: 788
  rmse: 2.7796731117784144
  std: 1.0923778946369562
scale:
  max: 7495.864291881693
  mean: 174.04488581886363
  median: 2.962214401449037
  min: 0.009745410845463098
  num_samples: 788
  rmse: 755.2914799534477
  std: 734.9650314202493
trans:
  max: 14.132180023727223
  mean: 8.431558571525821
  median: 11.742421133423761
  min: 0.0
  num_samples: 788
  rmse: 9.878191147776056
  std: 5.146598916462274
