rot:
  max: 2.7796731117784144
  mean: 2.7796731117784144
  median: 2.7796731117784144
  min: 2.7796731117784144
  num_samples: 1
  rmse: 2.7796731117784144
  std: 0.0
scale:
  max: 755.2914799534477
  mean: 755.2914799534477
  median: 755.2914799534477
  min: 755.2914799534477
  num_samples: 1
  rmse: 755.2914799534477
  std: 0.0
trans:
  max: 9.878191147776056
  mean: 9.878191147776056
  median: 9.878191147776056
  min: 9.878191147776056
  num_samples: 1
  rmse: 9.878191147776056
  std: 0.0
