rot:
  max: 11.735112900422342
  mean: 6.972172322238001
  median: 9.192906228648578
  min: 0.00014039785329892146
  num_samples: 772
  rmse: 7.852783414260563
  std: 3.6131731843774304
scale:
  max: 105109.22853956158
  mean: 2009.1102470637506
  median: 248.9834319966381
  min: 0.08044142793572906
  num_samples: 772
  rmse: 8896.31792093992
  std: 8666.48421019621
trans:
  max: 112.87695774624035
  mean: 67.81939327666385
  median: 102.9711883244345
  min: 0.0
  num_samples: 772
  rmse: 82.5561423720349
  std: 47.07490349365467
