rot:
  max: 7.852783414260563
  mean: 7.852783414260563
  median: 7.852783414260563
  min: 7.852783414260563
  num_samples: 1
  rmse: 7.852783414260563
  std: 0.0
scale:
  max: 8896.31792093992
  mean: 8896.31792093992
  median: 8896.31792093992
  min: 8896.31792093992
  num_samples: 1
  rmse: 8896.31792093992
  std: 0.0
trans:
  max: 82.5561423720349
  mean: 82.5561423720349
  median: 82.5561423720349
  min: 82.5561423720349
  num_samples: 1
  rmse: 82.5561423720349
  std: 0.0
