rot:
  max: 2.5499321156341175
  mean: 0.6613830366202741
  median: 0.48743378672763443
  min: 0.0004746431245258161
  num_samples: 1101
  rmse: 0.9395315630156593
  std: 0.6673020581218021
scale:
  max: 13823.080277924504
  mean: 36.186098390671695
  median: 1.8978424274815664
  min: 0.004220002175181481
  num_samples: 1101
  rmse: 604.3742511958026
  std: 603.2899815111699
trans:
  max: 35.51968412856942
  mean: 16.411386839775805
  median: 14.636942344512574
  min: 0.0
  num_samples: 1101
  rmse: 19.3312148428903
  std: 10.215784321197065
