rot:
  max: 0.9395315630156593
  mean: 0.9395315630156593
  median: 0.9395315630156593
  min: 0.9395315630156593
  num_samples: 1
  rmse: 0.9395315630156593
  std: 0.0
scale:
  max: 604.3742511958026
  mean: 604.3742511958026
  median: 604.3742511958026
  min: 604.3742511958026
  num_samples: 1
  rmse: 604.3742511958026
  std: 0.0
trans:
  max: 19.3312148428903
  mean: 19.3312148428903
  median: 19.3312148428903
  min: 19.3312148428903
  num_samples: 1
  rmse: 19.3312148428903
  std: 0.0
