rot:
  max: 3.5103871390422103
  mean: 0.9025680050272646
  median: 0.5097413930293946
  min: 0.0004746431245258161
  num_samples: 1101
  rmse: 1.3072113122247235
  std: 0.9456069009421344
scale:
  max: 13823.080277924504
  mean: 36.058591350884804
  median: 1.8019262481341336
  min: 0.08667106644754119
  num_samples: 1101
  rmse: 604.3739681802294
  std: 603.2973325017334
trans:
  max: 34.0123700422799
  mean: 15.665491783935376
  median: 15.560639201967556
  min: 0.0
  num_samples: 1101
  rmse: 18.59390484082575
  std: 10.016269984237471
