rot:
  max: 1.3072113122247235
  mean: 1.3072113122247235
  median: 1.3072113122247235
  min: 1.3072113122247235
  num_samples: 1
  rmse: 1.3072113122247235
  std: 0.0
scale:
  max: 604.3739681802294
  mean: 604.3739681802294
  median: 604.3739681802294
  min: 604.3739681802294
  num_samples: 1
  rmse: 604.3739681802294
  std: 0.0
trans:
  max: 18.59390484082575
  mean: 18.59390484082575
  median: 18.59390484082575
  min: 18.59390484082575
  num_samples: 1
  rmse: 18.59390484082575
  std: 0.0
