rot:
  max: 8.83739617827823
  mean: 4.768774283454105
  median: 4.273958509028596
  min: 0.000262999667136893
  num_samples: 516
  rmse: 5.624202633979901
  std: 2.9816852787531465
scale:
  max: 7751.632152302171
  mean: 163.43448963261253
  median: 7.825632877128452
  min: 0.025988753405981058
  num_samples: 516
  rmse: 678.6929464286346
  std: 658.7209448093395
trans:
  max: 29.173213278221585
  mean: 12.871401962022253
  median: 13.047570330584536
  min: 4.4511908132483946e-08
  num_samples: 516
  rmse: 16.345887878377493
  std: 10.075468329786855
