rot:
  max: 5.624202633979901
  mean: 5.624202633979901
  median: 5.624202633979901
  min: 5.624202633979901
  num_samples: 1
  rmse: 5.624202633979901
  std: 0.0
scale:
  max: 678.6929464286346
  mean: 678.6929464286346
  median: 678.6929464286346
  min: 678.6929464286346
  num_samples: 1
  rmse: 678.6929464286346
  std: 0.0
trans:
  max: 16.345887878377493
  mean: 16.345887878377493
  median: 16.345887878377493
  min: 16.345887878377493
  num_samples: 1
  rmse: 16.345887878377493
  std: 0.0
