rot:
  max: 21.00872344952519
  mean: 12.687323441227893
  median: 18.620004910216515
  min: 0.00014039785329892146
  num_samples: 772
  rmse: 15.152766894440527
  std: 8.284815535358772
scale:
  max: 158983.66153100162
  mean: 2881.8213607225393
  median: 400.79302905860686
  min: 0.024975240578650748
  num_samples: 772
  rmse: 12151.457326558098
  std: 11804.788045706106
trans:
  max: 179.99306683879948
  mean: 103.50951872090958
  median: 164.13298753228253
  min: 0.0
  num_samples: 772
  rmse: 129.4806174796605
  std: 77.78823713827073
