rot:
  max: 15.152766894440527
  mean: 15.152766894440527
  median: 15.152766894440527
  min: 15.152766894440527
  num_samples: 1
  rmse: 15.152766894440527
  std: 0.0
scale:
  max: 12151.457326558098
  mean: 12151.457326558098
  median: 12151.457326558098
  min: 12151.457326558098
  num_samples: 1
  rmse: 12151.457326558098
  std: 0.0
trans:
  max: 129.4806174796605
  mean: 129.4806174796605
  median: 129.4806174796605
  min: 129.4806174796605
  num_samples: 1
  rmse: 129.4806174796605
  std: 0.0
