rot:
  max: 36.24497524660251
  mean: 25.388671308247577
  median: 28.84590320262877
  min: 1.1459155902616465e-14
  num_samples: 2095
  rmse: 27.26997237689207
  std: 9.95322875444057
scale:
  max: 65086.67173807323
  mean: 449.854707537327
  median: 18.219536625360398
  min: 0.11173880040240558
  num_samples: 2095
  rmse: 4080.4793604568104
  std: 4055.6063114188646
trans:
  max: 927.2027625964331
  mean: 489.0526943235993
  median: 460.30103293739734
  min: 0.0
  num_samples: 2095
  rmse: 574.8412069262222
  std: 302.1090454707106
