rot:
  max: 27.26997237689207
  mean: 27.26997237689207
  median: 27.26997237689207
  min: 27.26997237689207
  num_samples: 1
  rmse: 27.26997237689207
  std: 0.0
scale:
  max: 4080.4793604568104
  mean: 4080.4793604568104
  median: 4080.4793604568104
  min: 4080.4793604568104
  num_samples: 1
  rmse: 4080.4793604568104
  std: 0.0
trans:
  max: 574.8412069262222
  mean: 574.8412069262222
  median: 574.8412069262222
  min: 574.8412069262222
  num_samples: 1
  rmse: 574.8412069262222
  std: 0.0
