rot:
  max: 24.501973246027703
  mean: 14.850067329558337
  median: 15.69880087772492
  min: 0.0
  num_samples: 2686
  rmse: 16.165068804117315
  std: 6.3863095563424555
scale:
  max: 118046.44314799245
  mean: 402.2827248727203
  median: 8.414035352764582
  min: 0.46935393780922485
  num_samples: 2686
  rmse: 3343.885292323726
  std: 3319.598990463744
trans:
  max: 383.0583198593579
  mean: 230.44494338296983
  median: 272.32987997066493
  min: 0.0
  num_samples: 2686
  rmse: 256.0947594816881
  std: 111.71237130776282
