rot:
  max: 16.165068804117315
  mean: 16.165068804117315
  median: 16.165068804117315
  min: 16.165068804117315
  num_samples: 1
  rmse: 16.165068804117315
  std: 0.0
scale:
  max: 3343.885292323726
  mean: 3343.885292323726
  median: 3343.885292323726
  min: 3343.885292323726
  num_samples: 1
  rmse: 3343.885292323726
  std: 0.0
trans:
  max: 256.0947594816881
  mean: 256.0947594816881
  median: 256.0947594816881
  min: 256.0947594816881
  num_samples: 1
  rmse: 256.0947594816881
  std: 0.0
