rot:
  max: 2.734288349449947
  mean: 1.4401138477055102
  median: 1.5773181110363201
  min: 0.0004746431245258161
  num_samples: 1101
  rmse: 1.6146594128443037
  std: 0.7302034820059002
scale:
  max: 13823.080277924504
  mean: 36.60531674347213
  median: 2.169491171088267
  min: 0.047234434166909534
  num_samples: 1101
  rmse: 604.3759214912544
  std: 603.2663634452969
trans:
  max: 61.083369994571925
  mean: 25.15902545196583
  median: 19.030239618364423
  min: 0.0
  num_samples: 1101
  rmse: 30.93220090280993
  std: 17.995124089573018
