rot:
  max: 1.6146594128443037
  mean: 1.6146594128443037
  median: 1.6146594128443037
  min: 1.6146594128443037
  num_samples: 1
  rmse: 1.6146594128443037
  std: 0.0
scale:
  max: 604.3759214912544
  mean: 604.3759214912544
  median: 604.3759214912544
  min: 604.3759214912544
  num_samples: 1
  rmse: 604.3759214912544
  std: 0.0
trans:
  max: 30.93220090280993
  mean: 30.93220090280993
  median: 30.93220090280993
  min: 30.93220090280993
  num_samples: 1
  rmse: 30.93220090280993
  std: 0.0
