rot:
  max: 6.9548583090526686
  mean: 4.087031657597774
  median: 4.8509292689604155
  min: 0.00028484216398121505
  num_samples: 535
  rmse: 4.854887188648046
  std: 2.620324759317541
scale:
  max: 2557282.951710896
  mean: 8018.7771706031735
  median: 6.781732054543799
  min: 0.08424441564869323
  num_samples: 535
  rmse: 126337.57813259267
  std: 126082.84126358022
trans:
  max: 28.819323823241607
  mean: 8.18763716527862
  median: 6.875112881085658
  min: 0.0
  num_samples: 535
  rmse: 11.111815409728028
  std: 7.512325828238386
