rot:
  max: 4.854887188648046
  mean: 4.854887188648046
  median: 4.854887188648046
  min: 4.854887188648046
  num_samples: 1
  rmse: 4.854887188648046
  std: 0.0
scale:
  max: 126337.57813259267
  mean: 126337.57813259267
  median: 126337.57813259267
  min: 126337.57813259267
  num_samples: 1
  rmse: 126337.57813259267
  std: 0.0
trans:
  max: 11.111815409728028
  mean: 11.111815409728028
  median: 11.111815409728028
  min: 11.111815409728028
  num_samples: 1
  rmse: 11.111815409728028
  std: 0.0
