rot:
  max: 17.953385635134588
  mean: 9.2177241721711
  median: 7.479173846058049
  min: 0.0007801794054116189
  num_samples: 1101
  rmse: 10.790366881721932
  std: 5.609418733517234
scale:
  max: 1075.418366396347
  mean: 8.905958396094029
  median: 5.290097735809107
  min: 0.024458230005108827
  num_samples: 1101
  rmse: 43.29003444615596
  std: 42.36402940463067
trans:
  max: 229.7530081884018
  mean: 93.1680198019138
  median: 83.15677510202222
  min: 1.2476799491734092e-08
  num_samples: 1101
  rmse: 115.44092496657306
  std: 68.1639732067325
