rot:
  max: 10.790366881721932
  mean: 10.790366881721932
  median: 10.790366881721932
  min: 10.790366881721932
  num_samples: 1
  rmse: 10.790366881721932
  std: 0.0
scale:
  max: 43.29003444615596
  mean: 43.29003444615596
  median: 43.29003444615596
  min: 43.29003444615596
  num_samples: 1
  rmse: 43.29003444615596
  std: 0.0
trans:
  max: 115.44092496657306
  mean: 115.44092496657306
  median: 115.44092496657306
  min: 115.44092496657306
  num_samples: 1
  rmse: 115.44092496657306
  std: 0.0
