rot:
  max: 20.93204688869349
  mean: 20.93204688869349
  median: 20.93204688869349
  min: 20.93204688869349
  num_samples: 1
  rmse: 20.93204688869349
  std: 0.0
scale:
  max: 24120.25002247013
  mean: 24120.25002247013
  median: 24120.25002247013
  min: 24120.25002247013
  num_samples: 1
  rmse: 24120.25002247013
  std: 0.0
trans:
  max: 139.32732201474346
  mean: 139.32732201474346
  median: 139.32732201474346
  min: 139.32732201474346
  num_samples: 1
  rmse: 139.32732201474346
  std: 0.0
