rot:
  max: 18.97344723197215
  mean: 10.509980321352176
  median: 8.798307849662914
  min: 0.0016653275185080497
  num_samples: 1101
  rmse: 11.706629428329126
  std: 5.156111540396648
scale:
  max: 288.19372804930293
  mean: 8.035168206716733
  median: 4.13824426958096
  min: 0.007465175072507435
  num_samples: 1101
  rmse: 24.6676309297406
  std: 23.322265918552247
trans:
  max: 238.91605555670665
  mean: 107.94570594089676
  median: 110.09888033539292
  min: 9.29184417226616e-08
  num_samples: 1101
  rmse: 129.54099556710673
  std: 71.61420321024742
