rot:
  max: 11.706629428329126
  mean: 11.706629428329126
  median: 11.706629428329126
  min: 11.706629428329126
  num_samples: 1
  rmse: 11.706629428329126
  std: 0.0
scale:
  max: 24.6676309297406
  mean: 24.6676309297406
  median: 24.6676309297406
  min: 24.6676309297406
  num_samples: 1
  rmse: 24.6676309297406
  std: 0.0
trans:
  max: 129.54099556710673
  mean: 129.54099556710673
  median: 129.54099556710673
  min: 129.54099556710673
  num_samples: 1
  rmse: 129.54099556710673
  std: 0.0
