rot:
  max: 9.227915867157266
  mean: 5.959475946733603
  median: 7.121392378763927
  min: 0.00042243057245074247
  num_samples: 1330
  rmse: 6.648342529345029
  std: 2.9470501909199784
scale:
  max: 23085824.10276372
  mean: 28504.775094590117
  median: 4.304883089430723
  min: 0.03181578893598491
  num_samples: 1330
  rmse: 711847.3236663443
  std: 711276.3808870247
trans:
  max: 202.12042727504988
  mean: 55.64200548744976
  median: 38.25075457871871
  min: 9.678172040897828e-08
  num_samples: 1330
  rmse: 78.72302227020478
  std: 55.68915029599363
