rot:
  max: 6.648342529345029
  mean: 6.648342529345029
  median: 6.648342529345029
  min: 6.648342529345029
  num_samples: 1
  rmse: 6.648342529345029
  std: 0.0
scale:
  max: 711847.3236663443
  mean: 711847.3236663443
  median: 711847.3236663443
  min: 711847.3236663443
  num_samples: 1
  rmse: 711847.3236663443
  std: 0.0
trans:
  max: 78.72302227020478
  mean: 78.72302227020478
  median: 78.72302227020478
  min: 78.72302227020478
  num_samples: 1
  rmse: 78.72302227020478
  std: 0.0
