rot:
  max: 6.072889420388418
  mean: 3.2595831872922783
  median: 3.571097564731538
  min: 5.109599479759417e-05
  num_samples: 1330
  rmse: 3.7839599601957055
  std: 1.92184037461122
scale:
  max: 2176276.0445006993
  mean: 2830.504338798166
  median: 3.6292234132942913
  min: 0.07160553933374114
  num_samples: 1330
  rmse: 68765.48925041889
  std: 68707.21037152884
trans:
  max: 121.24017032842521
  mean: 37.72187760882653
  median: 28.047198824788026
  min: 0.0
  num_samples: 1330
  rmse: 50.335303925449026
  std: 33.32720766779053
