rot:
  max: 3.7839599601957055
  mean: 3.7839599601957055
  median: 3.7839599601957055
  min: 3.7839599601957055
  num_samples: 1
  rmse: 3.7839599601957055
  std: 0.0
scale:
  max: 68765.48925041889
  mean: 68765.48925041889
  median: 68765.48925041889
  min: 68765.48925041889
  num_samples: 1
  rmse: 68765.48925041889
  std: 0.0
trans:
  max: 50.335303925449026
  mean: 50.335303925449026
  median: 50.335303925449026
  min: 50.335303925449026
  num_samples: 1
  rmse: 50.335303925449026
  std: 0.0
