rot:
  max: 11.053910034246528
  mean: 5.60972509712183
  median: 4.1466261411130265
  min: 0.0
  num_samples: 773
  rmse: 6.368549227061054
  std: 3.0148637767271382
scale:
  max: 3201.066472608857
  mean: 68.10864383000118
  median: 3.7689461582366635
  min: 0.012961420880364116
  num_samples: 773
  rmse: 249.99948641158224
  std: 240.5430436360464
trans:
  max: 27.670807699022667
  mean: 13.594993338295943
  median: 12.397530512747403
  min: 0.0
  num_samples: 773
  rmse: 15.499006920307256
  std: 7.442806704961588
