rot:
  max: 6.368549227061054
  mean: 6.368549227061054
  median: 6.368549227061054
  min: 6.368549227061054
  num_samples: 1
  rmse: 6.368549227061054
  std: 0.0
scale:
  max: 249.99948641158224
  mean: 249.99948641158224
  median: 249.99948641158224
  min: 249.99948641158224
  num_samples: 1
  rmse: 249.99948641158224
  std: 0.0
trans:
  max: 15.499006920307256
  mean: 15.499006920307256
  median: 15.499006920307256
  min: 15.499006920307256
  num_samples: 1
  rmse: 15.499006920307256
  std: 0.0
