rot:
  max: 27.833755319149386
  mean: 16.423137304106405
  median: 16.08783755265306
  min: 0.0
  num_samples: 2686
  rmse: 18.29592106327739
  std: 8.06357790587689
scale:
  max: 157867.78573850065
  mean: 500.01080535058236
  median: 8.784709228959976
  min: 0.09706736732741916
  num_samples: 2686
  rmse: 4293.1576644142
  std: 4263.9408914818505
trans:
  max: 416.5090523457037
  mean: 245.05764780346553
  median: 298.9158214152868
  min: 0.0
  num_samples: 2686
  rmse: 273.6885440041303
  std: 121.86947268341402
