rot:
  max: 18.29592106327739
  mean: 18.29592106327739
  median: 18.29592106327739
  min: 18.29592106327739
  num_samples: 1
  rmse: 18.29592106327739
  std: 0.0
scale:
  max: 4293.1576644142
  mean: 4293.1576644142
  median: 4293.1576644142
  min: 4293.1576644142
  num_samples: 1
  rmse: 4293.1576644142
  std: 0.0
trans:
  max: 273.6885440041303
  mean: 273.6885440041303
  median: 273.6885440041303
  min: 273.6885440041303
  num_samples: 1
  rmse: 273.6885440041303
  std: 0.0
