rot:
  max: 4.787413432456345
  mean: 2.2543136631490546
  median: 2.334017030072777
  min: 0.0002660234018699971
  num_samples: 2111
  rmse: 2.5481365003873937
  std: 1.187884477862222
scale:
  max: 17328474.582918115
  mean: 14577.92244624703
  median: 2.7372155375970486
  min: 0.025523766514545798
  num_samples: 2111
  rmse: 455065.4540968508
  std: 454831.8938789629
trans:
  max: 68.72085981409063
  mean: 46.25025950972727
  median: 52.30045545090915
  min: 0.0
  num_samples: 2111
  rmse: 50.33987887318667
  std: 19.8750320817348
