rot:
  max: 2.5481365003873937
  mean: 2.5481365003873937
  median: 2.5481365003873937
  min: 2.5481365003873937
  num_samples: 1
  rmse: 2.5481365003873937
  std: 0.0
scale:
  max: 455065.4540968508
  mean: 455065.4540968508
  median: 455065.4540968508
  min: 455065.4540968508
  num_samples: 1
  rmse: 455065.4540968508
  std: 0.0
trans:
  max: 50.33987887318667
  mean: 50.33987887318667
  median: 50.33987887318667
  min: 50.33987887318667
  num_samples: 1
  rmse: 50.33987887318667
  std: 0.0
