rot:
  max: 4.311921003667019
  mean: 1.1379204074135432
  median: 0.6104994989856435
  min: 0.0004746431245258161
  num_samples: 1101
  rmse: 1.6586404547767368
  std: 1.2067416063987253
scale:
  max: 13823.080277924504
  mean: 36.54498185500257
  median: 2.280334721383581
  min: 0.05241009743544023
  num_samples: 1101
  rmse: 604.3757265872847
  std: 603.2698261881875
trans:
  max: 43.61950472469388
  mean: 19.879436282703015
  median: 18.64281391834958
  min: 0.0
  num_samples: 1101
  rmse: 23.517673736134636
  std: 12.56538861481124
