rot:
  max: 1.6586404547767368
  mean: 1.6586404547767368
  median: 1.6586404547767368
  min: 1.6586404547767368
  num_samples: 1
  rmse: 1.6586404547767368
  std: 0.0
scale:
  max: 604.3757265872847
  mean: 604.3757265872847
  median: 604.3757265872847
  min: 604.3757265872847
  num_samples: 1
  rmse: 604.3757265872847
  std: 0.0
trans:
  max: 23.517673736134636
  mean: 23.517673736134636
  median: 23.517673736134636
  min: 23.517673736134636
  num_samples: 1
  rmse: 23.517673736134636
  std: 0.0
