rot:
  max: 23.562724698358984
  mean: 14.061610290400527
  median: 14.895283978490088
  min: 0.0
  num_samples: 2686
  rmse: 15.202426369618294
  std: 5.777965348162591
scale:
  max: 102064.26768476068
  mean: 347.12759815580233
  median: 7.303711504075327
  min: 0.4679676615422679
  num_samples: 2686
  rmse: 2889.4937997842835
  std: 2868.5670376671346
trans:
  max: 361.21778081951555
  mean: 219.22825431746062
  median: 249.1548077716712
  min: 0.0
  num_samples: 2686
  rmse: 242.1277468383861
  std: 102.78530195486307
