rot:
  max: 15.202426369618294
  mean: 15.202426369618294
  median: 15.202426369618294
  min: 15.202426369618294
  num_samples: 1
  rmse: 15.202426369618294
  std: 0.0
scale:
  max: 2889.4937997842835
  mean: 2889.4937997842835
  median: 2889.4937997842835
  min: 2889.4937997842835
  num_samples: 1
  rmse: 2889.4937997842835
  std: 0.0
trans:
  max: 242.1277468383861
  mean: 242.1277468383861
  median: 242.1277468383861
  min: 242.1277468383861
  num_samples: 1
  rmse: 242.1277468383861
  std: 0.0
