rot:
  max: 2.794918374435355
  mean: 2.794918374435355
  median: 2.794918374435355
  min: 2.794918374435355
  num_samples: 1
  rmse: 2.794918374435355
  std: 0.0
scale:
  max: 624.620124297725
  mean: 624.620124297725
  median: 624.620124297725
  min: 624.620124297725
  num_samples: 1
  rmse: 624.620124297725
  std: 0.0
trans:
  max: 55.111347459452276
  mean: 55.111347459452276
  median: 55.111347459452276
  min: 55.111347459452276
  num_samples: 1
  rmse: 55.111347459452276
  std: 0.0
