rot:
  max: 22.673530645698403
  mean: 13.814160956200535
  median: 14.873569367297154
  min: 0.0
  num_samples: 2686
  rmse: 14.73118925410207
  std: 5.116335985483854
scale:
  max: 22975.519003397334
  mean: 110.49739517171797
  median: 8.858773703978596
  min: 0.08999269226918072
  num_samples: 2686
  rmse: 691.3106686663206
  std: 682.4227181682483
trans:
  max: 404.6716054896018
  mean: 211.1529898496839
  median: 207.99442047043254
  min: 0.0
  num_samples: 2686
  rmse: 239.79703816869113
  std: 113.65313190588277
