rot:
  max: 14.73118925410207
  mean: 14.73118925410207
  median: 14.73118925410207
  min: 14.73118925410207
  num_samples: 1
  rmse: 14.73118925410207
  std: 0.0
scale:
  max: 691.3106686663206
  mean: 691.3106686663206
  median: 691.3106686663206
  min: 691.3106686663206
  num_samples: 1
  rmse: 691.3106686663206
  std: 0.0
trans:
  max: 239.79703816869113
  mean: 239.79703816869113
  median: 239.79703816869113
  min: 239.79703816869113
  num_samples: 1
  rmse: 239.79703816869113
  std: 0.0
