rot:
  max: 8.351718375735175
  mean: 1.5474906741472776
  median: 1.2092932698394816
  min: 0.0
  num_samples: 792
  rmse: 2.1622589783187527
  std: 1.5101776394673776
scale:
  max: 95045.45683651343
  mean: 225.0636179693835
  median: 3.0654607561755256
  min: 0.009977866551225123
  num_samples: 792
  rmse: 3823.584990347221
  std: 3816.955402709743
trans:
  max: 9.712311294710066
  mean: 4.432464946722196
  median: 4.207519756129898
  min: 0.0
  num_samples: 792
  rmse: 5.216990287263567
  std: 2.7514073041775173
