rot:
  max: 7.757534002369002
  mean: 1.4257943765287016
  median: 0.8618681596906319
  min: 0.0
  num_samples: 792
  rmse: 2.029314871041717
  std: 1.444032285542879
scale:
  max: 95045.45683651343
  mean: 226.40597613226782
  median: 2.9160902010816114
  min: 0.030159714483046773
  num_samples: 792
  rmse: 3823.6052379822363
  std: 3816.896298027599
trans:
  max: 8.134531381303375
  mean: 3.822444968751256
  median: 2.538694798347197
  min: 0.0
  num_samples: 792
  rmse: 4.730474226675999
  std: 2.7868083662344088
