rot:
  max: 2.029314871041717
  mean: 2.029314871041717
  median: 2.029314871041717
  min: 2.029314871041717
  num_samples: 1
  rmse: 2.029314871041717
  std: 0.0
scale:
  max: 3823.6052379822363
  mean: 3823.6052379822363
  median: 3823.6052379822363
  min: 3823.6052379822363
  num_samples: 1
  rmse: 3823.6052379822363
  std: 0.0
trans:
  max: 4.730474226675999
  mean: 4.730474226675999
  median: 4.730474226675999
  min: 4.730474226675999
  num_samples: 1
  rmse: 4.730474226675999
  std: 0.0
