rot:
  max: 10.77587120790584
  mean: 5.708556860918998
  median: 4.743961510094607
  min: 0.0
  num_samples: 792
  rmse: 6.471440452763391
  std: 3.048265096627438
scale:
  max: 3348.4451561008855
  mean: 79.26264955005469
  median: 5.863258323055199
  min: 0.004946027792684937
  num_samples: 792
  rmse: 273.41624145736665
  std: 261.67512965312204
trans:
  max: 28.473413706540303
  mean: 14.537424470244888
  median: 14.9216050043338
  min: 0.0
  num_samples: 792
  rmse: 16.50333267621881
  std: 7.811739831425307
