rot:
  max: 6.471440452763391
  mean: 6.471440452763391
  median: 6.471440452763391
  min: 6.471440452763391
  num_samples: 1
  rmse: 6.471440452763391
  std: 0.0
scale:
  max: 273.41624145736665
  mean: 273.41624145736665
  median: 273.41624145736665
  min: 273.41624145736665
  num_samples: 1
  rmse: 273.41624145736665
  std: 0.0
trans:
  max: 16.50333267621881
  mean: 16.50333267621881
  median: 16.50333267621881
  min: 16.50333267621881
  num_samples: 1
  rmse: 16.50333267621881
  std: 0.0
