rot:
  max: 7.903580715400126
  mean: 1.5163485951785383
  median: 1.2232882060357966
  min: 0.0008821739321305877
  num_samples: 808
  rmse: 2.0773198425062342
  std: 1.4198396620640656
scale:
  max: 15117344.771801308
  mean: 20505.572671813876
  median: 3.283356052033881
  min: 0.06329639376889684
  num_samples: 808
  rmse: 533242.7984339
  std: 532848.3870398953
trans:
  max: 8.398558636438226
  mean: 4.08196329635462
  median: 2.8029745631895446
  min: 1.7050386856636538e-07
  num_samples: 808
  rmse: 4.9314029293157535
  std: 2.7670038847962837
