rot:
  max: 2.0773198425062342
  mean: 2.0773198425062342
  median: 2.0773198425062342
  min: 2.0773198425062342
  num_samples: 1
  rmse: 2.0773198425062342
  std: 0.0
scale:
  max: 533242.7984339
  mean: 533242.7984339
  median: 533242.7984339
  min: 533242.7984339
  num_samples: 1
  rmse: 533242.7984339
  std: 0.0
trans:
  max: 4.9314029293157535
  mean: 4.9314029293157535
  median: 4.9314029293157535
  min: 4.9314029293157535
  num_samples: 1
  rmse: 4.9314029293157535
  std: 0.0
