rot:
  max: 18.566004841268708
  mean: 9.71513493647481
  median: 8.473582238865419
  min: 0.00042243057245074247
  num_samples: 1330
  rmse: 11.589321938172965
  std: 6.318903081445688
scale:
  max: 23085730.07557089
  mean: 28523.351064200648
  median: 6.6646008389105615
  min: 0.010365280267654597
  num_samples: 1330
  rmse: 711844.8736286149
  std: 711273.1841953604
trans:
  max: 259.22687736507163
  mean: 85.45401571414477
  median: 58.67230594056724
  min: 9.678172040897828e-08
  num_samples: 1330
  rmse: 113.48840987554469
  std: 74.68085681355248
