rot:
  max: 11.589321938172965
  mean: 11.589321938172965
  median: 11.589321938172965
  min: 11.589321938172965
  num_samples: 1
  rmse: 11.589321938172965
  std: 0.0
scale:
  max: 711844.8736286149
  mean: 711844.8736286149
  median: 711844.8736286149
  min: 711844.8736286149
  num_samples: 1
  rmse: 711844.8736286149
  std: 0.0
trans:
  max: 113.48840987554469
  mean: 113.48840987554469
  median: 113.48840987554469
  min: 113.48840987554469
  num_samples: 1
  rmse: 113.48840987554469
  std: 0.0
