rot:
  max: 174.93818596076545
  mean: 11.905820825375825
  median: 8.749453862071775
  min: 0.001275696051607974
  num_samples: 2592
  rmse: 24.07176352100834
  std: 20.921310415110113
scale:
  max: 1227967.965611622
  mean: 551.5015044707728
  median: 6.804927364325852
  min: 0.14369642574793007
  num_samples: 2592
  rmse: 24121.114621631892
  std: 24114.809074103625
trans:
  max: 238.73576165836133
  mean: 139.80230680231472
  median: 162.22506447764033
  min: 0.001228067965611622
  num_samples: 2592
  rmse: 155.6757075514932
  std: 68.48533371758874
