rot:
  max: 10.955948495836745
  mean: 4.076264691678341
  median: 4.187460874870865
  min: 0.00260916829651933
  num_samples: 535
  rmse: 4.591012821650807
  std: 2.1122180029387536
scale:
  max: 2560772.933327428
  mean: 8286.91528886724
  median: 13.384622987653415
  min: 0.002014139271899751
  num_samples: 535
  rmse: 126938.69525795466
  std: 126667.90986191813
trans:
  max: 32.558988974410234
  mean: 18.022630836579008
  median: 25.545129015157258
  min: 0.0
  num_samples: 535
  rmse: 22.204758729283125
  std: 12.970585490025755
