rot:
  max: 4.591012821650807
  mean: 4.591012821650807
  median: 4.591012821650807
  min: 4.591012821650807
  num_samples: 1
  rmse: 4.591012821650807
  std: 0.0
scale:
  max: 126938.69525795466
  mean: 126938.69525795466
  median: 126938.69525795466
  min: 126938.69525795466
  num_samples: 1
  rmse: 126938.69525795466
  std: 0.0
trans:
  max: 22.204758729283125
  mean: 22.204758729283125
  median: 22.204758729283125
  min: 22.204758729283125
  num_samples: 1
  rmse: 22.204758729283125
  std: 0.0
