rot:
  max: 6.072994649034526
  mean: 3.2586623723257775
  median: 3.5691819740304678
  min: 5.109599479759417e-05
  num_samples: 1330
  rmse: 3.7830886683850062
  std: 1.921686607137381
scale:
  max: 2176276.0445006993
  mean: 2829.4908083772084
  median: 3.4238428066064195
  min: 0.042408096102386494
  num_samples: 1330
  rmse: 68765.48658304794
  std: 68707.24944842905
trans:
  max: 111.19519742753741
  mean: 32.62512120646168
  median: 22.301615727606524
  min: 0.0
  num_samples: 1330
  rmse: 44.569175617252874
  std: 30.36466501486906
