rot:
  max: 3.7830886683850062
  mean: 3.7830886683850062
  median: 3.7830886683850062
  min: 3.7830886683850062
  num_samples: 1
  rmse: 3.7830886683850062
  std: 0.0
scale:
  max: 68765.48658304794
  mean: 68765.48658304794
  median: 68765.48658304794
  min: 68765.48658304794
  num_samples: 1
  rmse: 68765.48658304794
  std: 0.0
trans:
  max: 44.569175617252874
  mean: 44.569175617252874
  median: 44.569175617252874
  min: 44.569175617252874
  num_samples: 1
  rmse: 44.569175617252874
  std: 0.0
