rot:
  max: 62.14528888862127
  mean: 36.8578814067518
  median: 35.735977649166585
  min: 0.0
  num_samples: 2702
  rmse: 40.57755280432812
  std: 16.97157534802991
scale:
  max: 2476569.4278381583
  mean: 2411.9922571467937
  median: 23.14222384828427
  min: 0.1450306449248595
  num_samples: 2702
  rmse: 49200.542077361606
  std: 49141.38412842778
trans:
  max: 1035.6041260479217
  mean: 636.5123239965161
  median: 766.3841491896492
  min: 0.0
  num_samples: 2702
  rmse: 721.4581999580492
  std: 339.6380362787164
