rot:
  max: 40.57755280432812
  mean: 40.57755280432812
  median: 40.57755280432812
  min: 40.57755280432812
  num_samples: 1
  rmse: 40.57755280432812
  std: 0.0
scale:
  max: 49200.542077361606
  mean: 49200.542077361606
  median: 49200.542077361606
  min: 49200.542077361606
  num_samples: 1
  rmse: 49200.542077361606
  std: 0.0
trans:
  max: 721.4581999580492
  mean: 721.4581999580492
  median: 721.4581999580492
  min: 721.4581999580492
  num_samples: 1
  rmse: 721.4581999580492
  std: 0.0
