rot:
  max: 9.574941755817203
  mean: 4.746641749019727
  median: 4.574900531068341
  min: 0.0014041919303462956
  num_samples: 753
  rmse: 5.05107632719693
  std: 1.7270680848282098
scale:
  max: 43829.233671838876
  mean: 1087.6536571587612
  median: 5.045157360773622
  min: 0.01669478940835578
  num_samples: 753
  rmse: 4585.4856349177035
  std: 4454.625464627277
trans:
  max: 84.8673352019658
  mean: 53.27780021963288
  median: 80.43463843255853
  min: 0.0
  num_samples: 753
  rmse: 64.11068384357425
  std: 35.66028304216917
