rot:
  max: 5.05107632719693
  mean: 5.05107632719693
  median: 5.05107632719693
  min: 5.05107632719693
  num_samples: 1
  rmse: 5.05107632719693
  std: 0.0
scale:
  max: 4585.4856349177035
  mean: 4585.4856349177035
  median: 4585.4856349177035
  min: 4585.4856349177035
  num_samples: 1
  rmse: 4585.4856349177035
  std: 0.0
trans:
  max: 64.11068384357425
  mean: 64.11068384357425
  median: 64.11068384357425
  min: 64.11068384357425
  num_samples: 1
  rmse: 64.11068384357425
  std: 0.0
