rot:
  max: 19.35021847846491
  mean: 11.70204173098879
  median: 16.917978037516292
  min: 0.00014039785329892146
  num_samples: 772
  rmse: 13.852207616657225
  std: 7.412548494355591
scale:
  max: 165638.5947622577
  mean: 2979.9255360471016
  median: 402.0792340250441
  min: 0.08044142779335406
  num_samples: 772
  rmse: 12574.244926164845
  std: 12216.041882000764
trans:
  max: 180.66761492814962
  mean: 105.56858648359344
  median: 164.67741359312197
  min: 0.0
  num_samples: 772
  rmse: 131.0892362555022
  std: 77.71525853979334
