rot:
  max: 13.852207616657225
  mean: 13.852207616657225
  median: 13.852207616657225
  min: 13.852207616657225
  num_samples: 1
  rmse: 13.852207616657225
  std: 0.0
scale:
  max: 12574.244926164845
  mean: 12574.244926164845
  median: 12574.244926164845
  min: 12574.244926164845
  num_samples: 1
  rmse: 12574.244926164845
  std: 0.0
trans:
  max: 131.0892362555022
  mean: 131.0892362555022
  median: 131.0892362555022
  min: 131.0892362555022
  num_samples: 1
  rmse: 131.0892362555022
  std: 0.0
