rot:
  max: 13.733528669938451
  mean: 13.733528669938451
  median: 13.733528669938451
  min: 13.733528669938451
  num_samples: 1
  rmse: 13.733528669938451
  std: 0.0
scale:
  max: 192950.22849675338
  mean: 192950.22849675338
  median: 192950.22849675338
  min: 192950.22849675338
  num_samples: 1
  rmse: 192950.22849675338
  std: 0.0
trans:
  max: 42.81752148759793
  mean: 42.81752148759793
  median: 42.81752148759793
  min: 42.81752148759793
  num_samples: 1
  rmse: 42.81752148759793
  std: 0.0
