rot:
  max: 31.514278394583933
  mean: 16.593874138780606
  median: 15.474357493398134
  min: 1.1459155902616465e-14
  num_samples: 2095
  rmse: 18.883489837613475
  std: 9.01274261884581
scale:
  max: 109321.61209069015
  mean: 728.1044653175236
  median: 11.49468748287321
  min: 0.01773365660501236
  num_samples: 2095
  rmse: 6841.436476178118
  std: 6802.581638258019
trans:
  max: 502.7145817086929
  mean: 267.76857454810363
  median: 326.96846367470573
  min: 0.0
  num_samples: 2095
  rmse: 311.58965901164584
  std: 159.3364556134924
