rot:
  max: 18.883489837613475
  mean: 18.883489837613475
  median: 18.883489837613475
  min: 18.883489837613475
  num_samples: 1
  rmse: 18.883489837613475
  std: 0.0
scale:
  max: 6841.436476178118
  mean: 6841.436476178118
  median: 6841.436476178118
  min: 6841.436476178118
  num_samples: 1
  rmse: 6841.436476178118
  std: 0.0
trans:
  max: 311.58965901164584
  mean: 311.58965901164584
  median: 311.58965901164584
  min: 311.58965901164584
  num_samples: 1
  rmse: 311.58965901164584
  std: 0.0
