rot:
  max: 13.37631099164448
  mean: 2.825697013484508
  median: 2.683870220664037
  min: 0.0006741862031264913
  num_samples: 1330
  rmse: 3.3837910712393606
  std: 1.8615795448446328
scale:
  max: 11823396.381175986
  mean: 17077.193902086263
  median: 1.6424891514104423
  min: 0.01204585799863267
  num_samples: 1330
  rmse: 399061.3564167607
  std: 398695.7933482814
trans:
  max: 81.75244014352607
  mean: 39.69266663033482
  median: 41.416531911594404
  min: 0.0
  num_samples: 1330
  rmse: 48.64368010646166
  std: 28.119385307521892
