rot:
  max: 3.3837910712393606
  mean: 3.3837910712393606
  median: 3.3837910712393606
  min: 3.3837910712393606
  num_samples: 1
  rmse: 3.3837910712393606
  std: 0.0
scale:
  max: 399061.3564167607
  mean: 399061.3564167607
  median: 399061.3564167607
  min: 399061.3564167607
  num_samples: 1
  rmse: 399061.3564167607
  std: 0.0
trans:
  max: 48.64368010646166
  mean: 48.64368010646166
  median: 48.64368010646166
  min: 48.64368010646166
  num_samples: 1
  rmse: 48.64368010646166
  std: 0.0
