rot:
  max: 17.02378944159762
  mean: 7.413987577239118
  median: 5.100469902305894
  min: 0.0
  num_samples: 792
  rmse: 8.817955012366577
  std: 4.773795010750342
scale:
  max: 2656.3849243817085
  mean: 66.80499957415633
  median: 6.100653233854403
  min: 0.012840569879535302
  num_samples: 792
  rmse: 229.62615696196818
  std: 219.69356839247575
trans:
  max: 28.645608845497005
  mean: 15.689993147523232
  median: 17.418132248251
  min: 0.0
  num_samples: 792
  rmse: 17.54994927698471
  std: 7.862876996075294
