rot:
  max: 9.27781108336007
  mean: 2.0722521170763066
  median: 1.9655347618552694
  min: 0.00260916829651933
  num_samples: 535
  rmse: 2.405016813058533
  std: 1.2206051918482852
scale:
  max: 2560773.380860919
  mean: 8180.122647921299
  median: 3.493514495913086
  min: 0.011559939673233544
  num_samples: 535
  rmse: 126937.20017528931
  std: 126673.35308503694
trans:
  max: 11.388277014934479
  mean: 5.3945538895638565
  median: 4.658069796352468
  min: 0.0
  num_samples: 535
  rmse: 6.9276444541258755
  std: 4.346383095790391
