rot:
  max: 2.405016813058533
  mean: 2.405016813058533
  median: 2.405016813058533
  min: 2.405016813058533
  num_samples: 1
  rmse: 2.405016813058533
  std: 0.0
scale:
  max: 126937.20017528931
  mean: 126937.20017528931
  median: 126937.20017528931
  min: 126937.20017528931
  num_samples: 1
  rmse: 126937.20017528931
  std: 0.0
trans:
  max: 6.9276444541258755
  mean: 6.9276444541258755
  median: 6.9276444541258755
  min: 6.9276444541258755
  num_samples: 1
  rmse: 6.9276444541258755
  std: 0.0
