rot:
  max: 18.46184091302485
  mean: 10.279885901133984
  median: 15.315890325380021
  min: 0.0011563767715691445
  num_samples: 535
  rmse: 12.439466478210708
  std: 7.004589361425456
scale:
  max: 3374449.4128054874
  mean: 14755.874274144868
  median: 11.721576000580846
  min: 0.006538213993079189
  num_samples: 535
  rmse: 206110.15586968992
  std: 205581.2747480507
trans:
  max: 68.65601253063844
  mean: 27.060886996953528
  median: 21.14271585955516
  min: 4.0797911805097564e-08
  num_samples: 535
  rmse: 36.524336587334844
  std: 24.530298776880766
