rot:
  max: 12.439466478210708
  mean: 12.439466478210708
  median: 12.439466478210708
  min: 12.439466478210708
  num_samples: 1
  rmse: 12.439466478210708
  std: 0.0
scale:
  max: 206110.15586968992
  mean: 206110.15586968992
  median: 206110.15586968992
  min: 206110.15586968992
  num_samples: 1
  rmse: 206110.15586968992
  std: 0.0
trans:
  max: 36.524336587334844
  mean: 36.524336587334844
  median: 36.524336587334844
  min: 36.524336587334844
  num_samples: 1
  rmse: 36.524336587334844
  std: 0.0
