rot:
  max: 24.454009199469496
  mean: 14.787766202958284
  median: 15.663986231916304
  min: 0.0
  num_samples: 2686
  rmse: 16.100302649028126
  std: 6.36723771481377
scale:
  max: 114233.62578046742
  mean: 391.2144227409341
  median: 7.836184644238475
  min: 0.098211851968244
  num_samples: 2686
  rmse: 3236.48812112504
  std: 3212.7568587776714
trans:
  max: 373.0464798610723
  mean: 224.47946521810928
  median: 264.72147718584483
  min: 0.0
  num_samples: 2686
  rmse: 249.3240466616542
  std: 108.49631302092433
