rot:
  max: 16.100302649028126
  mean: 16.100302649028126
  median: 16.100302649028126
  min: 16.100302649028126
  num_samples: 1
  rmse: 16.100302649028126
  std: 0.0
scale:
  max: 3236.48812112504
  mean: 3236.48812112504
  median: 3236.48812112504
  min: 3236.48812112504
  num_samples: 1
  rmse: 3236.48812112504
  std: 0.0
trans:
  max: 249.3240466616542
  mean: 249.3240466616542
  median: 249.3240466616542
  min: 249.3240466616542
  num_samples: 1
  rmse: 249.3240466616542
  std: 0.0
