rot:
  max: 177.87342101685095
  mean: 33.65454052686475
  median: 36.19234196697814
  min: 0.0007689732348674504
  num_samples: 2592
  rmse: 38.61945471474894
  std: 18.942919109529086
scale:
  max: 1227967.965611622
  mean: 662.5540962588236
  median: 36.15165702409526
  min: 0.01016092543937308
  num_samples: 2592
  rmse: 24128.45946142254
  std: 24119.36106224711
trans:
  max: 1134.451417396194
  mean: 695.0901680748824
  median: 770.4083889319004
  min: 0.001228067965611622
  num_samples: 2592
  rmse: 788.3747863281864
  std: 372.0006209183599
