rot:
  max: 38.61945471474894
  mean: 38.61945471474894
  median: 38.61945471474894
  min: 38.61945471474894
  num_samples: 1
  rmse: 38.61945471474894
  std: 0.0
scale:
  max: 24128.45946142254
  mean: 24128.45946142254
  median: 24128.45946142254
  min: 24128.45946142254
  num_samples: 1
  rmse: 24128.45946142254
  std: 0.0
trans:
  max: 788.3747863281864
  mean: 788.3747863281864
  median: 788.3747863281864
  min: 788.3747863281864
  num_samples: 1
  rmse: 788.3747863281864
  std: 0.0
