rot:
  max: 38.56235600583591
  mean: 20.794649692073722
  median: 17.1391237887429
  min: 0.0046776076396276445
  num_samples: 1116
  rmse: 23.96707063336108
  std: 11.91650195856389
scale:
  max: 167.26516409093057
  mean: 12.144034945154
  median: 5.557516469569157
  min: 0.01627827994959974
  num_samples: 1116
  rmse: 24.312432573109092
  std: 21.06221244012258
trans:
  max: 413.1421900299598
  mean: 189.7066531883976
  median: 203.5466315223572
  min: 2.6361180933244528e-08
  num_samples: 1116
  rmse: 230.49026147635877
  std: 130.9089239566855
