rot:
  max: 23.96707063336108
  mean: 23.96707063336108
  median: 23.96707063336108
  min: 23.96707063336108
  num_samples: 1
  rmse: 23.96707063336108
  std: 0.0
scale:
  max: 24.312432573109092
  mean: 24.312432573109092
  median: 24.312432573109092
  min: 24.312432573109092
  num_samples: 1
  rmse: 24.312432573109092
  std: 0.0
trans:
  max: 230.49026147635877
  mean: 230.49026147635877
  median: 230.49026147635877
  min: 230.49026147635877
  num_samples: 1
  rmse: 230.49026147635877
  std: 0.0
