rot:
  max: 18.460230383802706
  mean: 9.270338631610926
  median: 7.780357941890756
  min: 0.00042243057245074247
  num_samples: 1330
  rmse: 11.454249277516242
  std: 6.727603448981176
scale:
  max: 23085730.07557089
  mean: 28528.290999823872
  median: 5.945052894827196
  min: 0.04337504581688467
  num_samples: 1330
  rmse: 711844.8827413446
  std: 711272.9951978128
trans:
  max: 245.91912129713072
  mean: 83.54944926294162
  median: 65.49650647291895
  min: 9.678172040897828e-08
  num_samples: 1330
  rmse: 113.14318250733562
  std: 76.29462153879133
