rot:
  max: 11.454249277516242
  mean: 11.454249277516242
  median: 11.454249277516242
  min: 11.454249277516242
  num_samples: 1
  rmse: 11.454249277516242
  std: 0.0
scale:
  max: 711844.8827413446
  mean: 711844.8827413446
  median: 711844.8827413446
  min: 711844.8827413446
  num_samples: 1
  rmse: 711844.8827413446
  std: 0.0
trans:
  max: 113.14318250733562
  mean: 113.14318250733562
  median: 113.14318250733562
  min: 113.14318250733562
  num_samples: 1
  rmse: 113.14318250733562
  std: 0.0
