rot:
  max: 1.2174852056358292
  mean: 1.2174852056358292
  median: 1.2174852056358292
  min: 1.2174852056358292
  num_samples: 1
  rmse: 1.2174852056358292
  std: 0.0
scale:
  max: 68765.48391376517
  mean: 68765.48391376517
  median: 68765.48391376517
  min: 68765.48391376517
  num_samples: 1
  rmse: 68765.48391376517
  std: 0.0
trans:
  max: 12.282494926892706
  mean: 12.282494926892706
  median: 12.282494926892706
  min: 12.282494926892706
  num_samples: 1
  rmse: 12.282494926892706
  std: 0.0
