rot:
  max: 21.081551558695264
  mean: 10.794504247915095
  median: 16.08493345289817
  min: 0.0
  num_samples: 772
  rmse: 13.84381533529728
  std: 8.667750635519873
scale:
  max: 103154.81313414776
  mean: 1666.4784573783666
  median: 66.42003519259967
  min: 0.13072017643395162
  num_samples: 772
  rmse: 7323.325868673781
  std: 7131.195645183241
trans:
  max: 122.68118873952062
  mean: 67.2749675532035
  median: 106.83765020096337
  min: 0.0
  num_samples: 772
  rmse: 84.50383072271097
  std: 51.13683748070473
