rot:
  max: 13.84381533529728
  mean: 13.84381533529728
  median: 13.84381533529728
  min: 13.84381533529728
  num_samples: 1
  rmse: 13.84381533529728
  std: 0.0
scale:
  max: 7323.325868673781
  mean: 7323.325868673781
  median: 7323.325868673781
  min: 7323.325868673781
  num_samples: 1
  rmse: 7323.325868673781
  std: 0.0
trans:
  max: 84.50383072271097
  mean: 84.50383072271097
  median: 84.50383072271097
  min: 84.50383072271097
  num_samples: 1
  rmse: 84.50383072271097
  std: 0.0
