rot:
  max: 6.852420535934392
  mean: 3.0013113933252598
  median: 3.279619397989463
  min: 0.0
  num_samples: 772
  rmse: 3.373644009453478
  std: 1.5406504544565978
scale:
  max: 71608.6997445756
  mean: 1174.0261388450156
  median: 17.38520814224227
  min: 0.0019142177825948181
  num_samples: 772
  rmse: 5209.045527288994
  std: 5075.019007912989
trans:
  max: 77.07182573835394
  mean: 47.9458586823853
  median: 73.96951887716364
  min: 0.0
  num_samples: 772
  rmse: 58.148666465827034
  std: 32.900790977767315
