rot:
  max: 3.373644009453478
  mean: 3.373644009453478
  median: 3.373644009453478
  min: 3.373644009453478
  num_samples: 1
  rmse: 3.373644009453478
  std: 0.0
scale:
  max: 5209.045527288994
  mean: 5209.045527288994
  median: 5209.045527288994
  min: 5209.045527288994
  num_samples: 1
  rmse: 5209.045527288994
  std: 0.0
trans:
  max: 58.148666465827034
  mean: 58.148666465827034
  median: 58.148666465827034
  min: 58.148666465827034
  num_samples: 1
  rmse: 58.148666465827034
  std: 0.0
