rot:
  max: 58.183426538644966
  mean: 28.449253695613383
  median: 20.660781480772282
  min: 0.0
  num_samples: 808
  rmse: 34.773845843020865
  std: 19.996507667010455
scale:
  max: 20798.811191952194
  mean: 479.1961370342591
  median: 19.583163198125774
  min: 0.00780830359211615
  num_samples: 808
  rmse: 1741.8930589829904
  std: 1674.6828031554405
trans:
  max: 174.36775859594658
  mean: 73.40422101816567
  median: 49.76919688563222
  min: 0.0
  num_samples: 808
  rmse: 91.95027969689323
  std: 55.37756109701096
