rot:
  max: 34.773845843020865
  mean: 34.773845843020865
  median: 34.773845843020865
  min: 34.773845843020865
  num_samples: 1
  rmse: 34.773845843020865
  std: 0.0
scale:
  max: 1741.8930589829904
  mean: 1741.8930589829904
  median: 1741.8930589829904
  min: 1741.8930589829904
  num_samples: 1
  rmse: 1741.8930589829904
  std: 0.0
trans:
  max: 91.95027969689323
  mean: 91.95027969689323
  median: 91.95027969689323
  min: 91.95027969689323
  num_samples: 1
  rmse: 91.95027969689323
  std: 0.0
