rot:
  max: 9.956735825457356
  mean: 2.40644631709306
  median: 1.915252200969766
  min: 0.0
  num_samples: 792
  rmse: 3.078702808742747
  std: 1.9202674572855019
scale:
  max: 2172.37271308504
  mean: 52.63656010718085
  median: 5.451393170406805
  min: 0.051644266304706754
  num_samples: 792
  rmse: 194.09201969377844
  std: 186.8183734242786
trans:
  max: 15.560932355986138
  mean: 8.847778519393088
  median: 7.224667294148418
  min: 0.0
  num_samples: 792
  rmse: 10.206313850399614
  std: 5.087794972738704
