rot:
  max: 3.078702808742747
  mean: 3.078702808742747
  median: 3.078702808742747
  min: 3.078702808742747
  num_samples: 1
  rmse: 3.078702808742747
  std: 0.0
scale:
  max: 194.09201969377844
  mean: 194.09201969377844
  median: 194.09201969377844
  min: 194.09201969377844
  num_samples: 1
  rmse: 194.09201969377844
  std: 0.0
trans:
  max: 10.206313850399614
  mean: 10.206313850399614
  median: 10.206313850399614
  min: 10.206313850399614
  num_samples: 1
  rmse: 10.206313850399614
  std: 0.0
