rot:
  max: 14.772639364273981
  mean: 9.199737325704227
  median: 11.015081333480344
  min: 0.00016122290739021877
  num_samples: 2095
  rmse: 9.971737577066559
  std: 3.8471266477626744
scale:
  max: 31637.850169539714
  mean: 224.2350248344161
  median: 10.698209581319219
  min: 0.1114278788442169
  num_samples: 2095
  rmse: 2003.3441123104672
  std: 1990.7552049326712
trans:
  max: 380.3529062931232
  mean: 194.10439747598576
  median: 194.10245345327976
  min: 0.0
  num_samples: 2095
  rmse: 229.71939720650906
  std: 122.85961229552375
