rot:
  max: 9.971737577066559
  mean: 9.971737577066559
  median: 9.971737577066559
  min: 9.971737577066559
  num_samples: 1
  rmse: 9.971737577066559
  std: 0.0
scale:
  max: 2003.3441123104672
  mean: 2003.3441123104672
  median: 2003.3441123104672
  min: 2003.3441123104672
  num_samples: 1
  rmse: 2003.3441123104672
  std: 0.0
trans:
  max: 229.71939720650906
  mean: 229.71939720650906
  median: 229.71939720650906
  min: 229.71939720650906
  num_samples: 1
  rmse: 229.71939720650906
  std: 0.0
