rot:
  max: 15.260669321490038
  mean: 7.701727781633842
  median: 6.049890038217441
  min: 0.0007801794054116189
  num_samples: 1101
  rmse: 9.004611482796355
  std: 4.665449296018272
scale:
  max: 1079.4800613598993
  mean: 6.316904005268722
  median: 3.1137902933935813
  min: 0.004925522554222184
  num_samples: 1101
  rmse: 43.00529635498472
  std: 42.53883212275911
trans:
  max: 178.89261579428333
  mean: 70.99920425759464
  median: 66.03385056262326
  min: 1.2476799491734092e-08
  num_samples: 1101
  rmse: 88.61766260898595
  std: 53.03020951371418
