rot:
  max: 9.004611482796355
  mean: 9.004611482796355
  median: 9.004611482796355
  min: 9.004611482796355
  num_samples: 1
  rmse: 9.004611482796355
  std: 0.0
scale:
  max: 43.00529635498472
  mean: 43.00529635498472
  median: 43.00529635498472
  min: 43.00529635498472
  num_samples: 1
  rmse: 43.00529635498472
  std: 0.0
trans:
  max: 88.61766260898595
  mean: 88.61766260898595
  median: 88.61766260898595
  min: 88.61766260898595
  num_samples: 1
  rmse: 88.61766260898595
  std: 0.0
