rot:
  max: 28.659945499419294
  mean: 17.390165989194603
  median: 17.172684833383876
  min: 0.0
  num_samples: 2686
  rmse: 18.975808436598985
  std: 7.593644229930749
scale:
  max: 179698.81960824013
  mean: 616.3476208903355
  median: 12.266538986537224
  min: 0.003513133317456507
  num_samples: 2686
  rmse: 5101.2062188737045
  std: 5063.834564606014
trans:
  max: 498.6362206428787
  mean: 304.3542462866705
  median: 377.6380777009663
  min: 0.0
  num_samples: 2686
  rmse: 340.1886585050212
  std: 151.97636705329757
