rot:
  max: 18.975808436598985
  mean: 18.975808436598985
  median: 18.975808436598985
  min: 18.975808436598985
  num_samples: 1
  rmse: 18.975808436598985
  std: 0.0
scale:
  max: 5101.2062188737045
  mean: 5101.2062188737045
  median: 5101.2062188737045
  min: 5101.2062188737045
  num_samples: 1
  rmse: 5101.2062188737045
  std: 0.0
trans:
  max: 340.1886585050212
  mean: 340.1886585050212
  median: 340.1886585050212
  min: 340.1886585050212
  num_samples: 1
  rmse: 340.1886585050212
  std: 0.0
