rot:
  max: 10.566899633437405
  mean: 5.636676026447226
  median: 4.826723508873271
  min: 0.0
  num_samples: 792
  rmse: 6.322230335655728
  std: 2.86329876016469
scale:
  max: 2514.7380738584898
  mean: 63.513798597592945
  median: 5.708005968466123
  min: 0.05586449294689988
  num_samples: 792
  rmse: 217.80263835939974
  std: 208.33623464011217
trans:
  max: 23.93957554135099
  mean: 14.387652470007659
  median: 16.285012464035695
  min: 0.0
  num_samples: 792
  rmse: 16.02418760929964
  std: 7.054788794876478
