rot:
  max: 13.392648691898097
  mean: 2.831265279587265
  median: 2.6946764333930933
  min: 0.0006741862031264913
  num_samples: 1330
  rmse: 3.3873253920506032
  std: 1.8595457047984647
scale:
  max: 11823396.381175986
  mean: 17078.81208796006
  median: 2.2850559965503336
  min: 0.04278917913127511
  num_samples: 1330
  rmse: 399061.3576790099
  std: 398695.7252972232
trans:
  max: 87.17995302244665
  mean: 42.795153512657066
  median: 43.59248253832183
  min: 0.0
  num_samples: 1330
  rmse: 51.74927275441356
  std: 29.095739661311335
