rot:
  max: 3.3873253920506032
  mean: 3.3873253920506032
  median: 3.3873253920506032
  min: 3.3873253920506032
  num_samples: 1
  rmse: 3.3873253920506032
  std: 0.0
scale:
  max: 399061.3576790099
  mean: 399061.3576790099
  median: 399061.3576790099
  min: 399061.3576790099
  num_samples: 1
  rmse: 399061.3576790099
  std: 0.0
trans:
  max: 51.74927275441356
  mean: 51.74927275441356
  median: 51.74927275441356
  min: 51.74927275441356
  num_samples: 1
  rmse: 51.74927275441356
  std: 0.0
