rot:
  max: 12.107799385146382
  mean: 2.1321859753617636
  median: 1.488508462376616
  min: 0.0
  num_samples: 792
  rmse: 3.2468469930951844
  std: 2.4486319370297047
scale:
  max: 95045.45683651343
  mean: 244.9612409709156
  median: 6.328676590505456
  min: 0.01075680388453737
  num_samples: 792
  rmse: 3825.1551820380814
  std: 3817.303519121158
trans:
  max: 13.168713578925662
  mean: 7.03875921423362
  median: 6.695111419465446
  min: 0.0
  num_samples: 792
  rmse: 7.947148511983566
  std: 3.6895850980244287
