rot:
  max: 3.2468469930951844
  mean: 3.2468469930951844
  median: 3.2468469930951844
  min: 3.2468469930951844
  num_samples: 1
  rmse: 3.2468469930951844
  std: 0.0
scale:
  max: 3825.1551820380814
  mean: 3825.1551820380814
  median: 3825.1551820380814
  min: 3825.1551820380814
  num_samples: 1
  rmse: 3825.1551820380814
  std: 0.0
trans:
  max: 7.947148511983566
  mean: 7.947148511983566
  median: 7.947148511983566
  min: 7.947148511983566
  num_samples: 1
  rmse: 7.947148511983566
  std: 0.0
