rot:
  max: 6.100868423824086
  mean: 1.7831465362203447
  median: 1.262386866429843
  min: 0.00019984595941665228
  num_samples: 1101
  rmse: 2.4867507939115012
  std: 1.7332968416820211
scale:
  max: 13823.080277924504
  mean: 36.3394795691347
  median: 2.1312239477622397
  min: 0.0005582984702323657
  num_samples: 1101
  rmse: 604.3750304613413
  std: 603.28154262317
trans:
  max: 54.70828918082417
  mean: 24.080066743122288
  median: 21.643420806192573
  min: 0.0
  num_samples: 1101
  rmse: 29.832328121896794
  std: 17.610172821959768
