rot:
  max: 2.4867507939115012
  mean: 2.4867507939115012
  median: 2.4867507939115012
  min: 2.4867507939115012
  num_samples: 1
  rmse: 2.4867507939115012
  std: 0.0
scale:
  max: 604.3750304613413
  mean: 604.3750304613413
  median: 604.3750304613413
  min: 604.3750304613413
  num_samples: 1
  rmse: 604.3750304613413
  std: 0.0
trans:
  max: 29.832328121896794
  mean: 29.832328121896794
  median: 29.832328121896794
  min: 29.832328121896794
  num_samples: 1
  rmse: 29.832328121896794
  std: 0.0
