rot:
  max: 11.139645371057293
  mean: 5.490639295608114
  median: 4.5885127534406225
  min: 0.0011563767715691445
  num_samples: 535
  rmse: 6.199461362556686
  std: 2.8785762646414694
scale:
  max: 3375844.9481039
  mean: 14582.943923071078
  median: 6.416994760955729
  min: 0.0017473365898634796
  num_samples: 535
  rmse: 206147.89849091563
  std: 205631.45138513565
trans:
  max: 27.445460012555902
  mean: 13.663640544502616
  median: 17.28633156687867
  min: 4.0797911805097564e-08
  num_samples: 535
  rmse: 16.80653418032398
  std: 9.78593471391581
