rot:
  max: 6.199461362556686
  mean: 6.199461362556686
  median: 6.199461362556686
  min: 6.199461362556686
  num_samples: 1
  rmse: 6.199461362556686
  std: 0.0
scale:
  max: 206147.89849091563
  mean: 206147.89849091563
  median: 206147.89849091563
  min: 206147.89849091563
  num_samples: 1
  rmse: 206147.89849091563
  std: 0.0
trans:
  max: 16.80653418032398
  mean: 16.80653418032398
  median: 16.80653418032398
  min: 16.80653418032398
  num_samples: 1
  rmse: 16.80653418032398
  std: 0.0
