rot:
  max: 1.6070530673629713
  mean: 0.48037869764711144
  median: 0.2592132377583178
  min: 0.00010801414101113665
  num_samples: 1101
  rmse: 0.6552979916876885
  std: 0.4457036737079727
scale:
  max: 9791.463959588113
  mean: 26.234890840782487
  median: 1.295711544567757
  min: 0.025245085137071133
  num_samples: 1101
  rmse: 445.39782206486757
  std: 444.6245049507501
trans:
  max: 22.57730715427232
  mean: 12.73742926441149
  median: 13.720149061795865
  min: 0.0
  num_samples: 1101
  rmse: 14.853807776903906
  std: 7.641564055042967
