rot:
  max: 0.6552979916876885
  mean: 0.6552979916876885
  median: 0.6552979916876885
  min: 0.6552979916876885
  num_samples: 1
  rmse: 0.6552979916876885
  std: 0.0
scale:
  max: 445.39782206486757
  mean: 445.39782206486757
  median: 445.39782206486757
  min: 445.39782206486757
  num_samples: 1
  rmse: 445.39782206486757
  std: 0.0
trans:
  max: 14.853807776903906
  mean: 14.853807776903906
  median: 14.853807776903906
  min: 14.853807776903906
  num_samples: 1
  rmse: 14.853807776903906
  std: 0.0
