rot:
  max: 12.64264301476211
  mean: 6.914899308114412
  median: 7.918627081475074
  min: 0.0006785081735415092
  num_samples: 535
  rmse: 8.254477738309372
  std: 4.507834323806037
scale:
  max: 3152900.0099882293
  mean: 13692.823737281535
  median: 10.910458471212303
  min: 0.0008069034147517584
  num_samples: 535
  rmse: 192946.5135874895
  std: 192460.03139266866
trans:
  max: 45.345291853663355
  mean: 19.0042882498977
  median: 16.943509872424734
  min: 3.8474106316268337e-08
  num_samples: 535
  rmse: 24.975072618058007
  std: 16.204668475228704
