rot:
  max: 10.585761386190203
  mean: 5.8501645138125875
  median: 4.72393629882532
  min: 0.0
  num_samples: 792
  rmse: 6.795101552421048
  std: 3.4567297072584178
scale:
  max: 80473.5457920929
  mean: 248.38100558430375
  median: 6.567038308445228
  min: 0.062104874182100644
  num_samples: 792
  rmse: 3218.111791803363
  std: 3208.512175543172
trans:
  max: 30.831105096612912
  mean: 16.308673371303424
  median: 18.433665834789096
  min: 0.0
  num_samples: 792
  rmse: 18.25144280521324
  std: 8.194042795843133
