rot:
  max: 6.795101552421048
  mean: 6.795101552421048
  median: 6.795101552421048
  min: 6.795101552421048
  num_samples: 1
  rmse: 6.795101552421048
  std: 0.0
scale:
  max: 3218.111791803363
  mean: 3218.111791803363
  median: 3218.111791803363
  min: 3218.111791803363
  num_samples: 1
  rmse: 3218.111791803363
  std: 0.0
trans:
  max: 18.25144280521324
  mean: 18.25144280521324
  median: 18.25144280521324
  min: 18.25144280521324
  num_samples: 1
  rmse: 18.25144280521324
  std: 0.0
