rot:
  max: 20.640827707557943
  mean: 11.399374828643722
  median: 10.545705355920138
  min: 0.00212969360678017
  num_samples: 1330
  rmse: 12.977246426314835
  std: 6.201868938101242
scale:
  max: 24519810.477114342
  mean: 30674.36303698069
  median: 4.801718283421518
  min: 0.04376847661757832
  num_samples: 1330
  rmse: 762003.474614007
  std: 761385.827800922
trans:
  max: 298.6675442531434
  mean: 106.06123170577943
  median: 104.12752904462431
  min: 9.938361130639345e-08
  num_samples: 1330
  rmse: 134.6463667284863
  std: 82.94973901245854
