rot:
  max: 32.650109820649085
  mean: 17.660008644462607
  median: 16.999218108124044
  min: 1.1459155902616465e-14
  num_samples: 2095
  rmse: 19.992521761131787
  std: 9.371500469339695
scale:
  max: 106059.80890339879
  mean: 711.6350626396037
  median: 12.35276266928822
  min: 0.017733656605034565
  num_samples: 2095
  rmse: 6652.351450607845
  std: 6614.178358649411
trans:
  max: 549.674625987342
  mean: 289.5865380528287
  median: 340.64747006963375
  min: 0.0
  num_samples: 2095
  rmse: 337.70452048112423
  std: 173.7353738648629
