rot:
  max: 20.658118004613012
  mean: 11.230544435746435
  median: 17.310717420849763
  min: 0.0006785081735415092
  num_samples: 535
  rmse: 13.99227306022091
  std: 8.346171401817042
scale:
  max: 3152899.5866021384
  mean: 13859.174608465937
  median: 15.780294436985987
  min: 0.0163479335196115
  num_samples: 535
  rmse: 192950.52412934753
  std: 192452.14480738316
trans:
  max: 80.13021456687444
  mean: 32.12817590338305
  median: 22.686457512249394
  min: 3.8474106316268337e-08
  num_samples: 535
  rmse: 43.807444660215445
  std: 29.780404980105878
