rot:
  max: 13.99227306022091
  mean: 13.99227306022091
  median: 13.99227306022091
  min: 13.99227306022091
  num_samples: 1
  rmse: 13.99227306022091
  std: 0.0
scale:
  max: 192950.52412934753
  mean: 192950.52412934753
  median: 192950.52412934753
  min: 192950.52412934753
  num_samples: 1
  rmse: 192950.52412934753
  std: 0.0
trans:
  max: 43.807444660215445
  mean: 43.807444660215445
  median: 43.807444660215445
  min: 43.807444660215445
  num_samples: 1
  rmse: 43.807444660215445
  std: 0.0
