rot:
  max: 3.9597303774524293
  mean: 1.7084456114924083
  median: 1.2356190016288378
  min: 5.109599479759417e-05
  num_samples: 1330
  rmse: 2.1011977744957067
  std: 1.2232112164781856
scale:
  max: 2176276.0445006993
  mean: 2835.814309611105
  median: 1.9569623720468887
  min: 0.07339131914743113
  num_samples: 1330
  rmse: 68765.53497449707
  std: 68707.03717618875
trans:
  max: 80.0488585807234
  mean: 22.24970742881112
  median: 11.469188135319541
  min: 0.0
  num_samples: 1330
  rmse: 31.96080447073079
  std: 22.944357514399748
