rot:
  max: 2.1011977744957067
  mean: 2.1011977744957067
  median: 2.1011977744957067
  min: 2.1011977744957067
  num_samples: 1
  rmse: 2.1011977744957067
  std: 0.0
scale:
  max: 68765.53497449707
  mean: 68765.53497449707
  median: 68765.53497449707
  min: 68765.53497449707
  num_samples: 1
  rmse: 68765.53497449707
  std: 0.0
trans:
  max: 31.96080447073079
  mean: 31.96080447073079
  median: 31.96080447073079
  min: 31.96080447073079
  num_samples: 1
  rmse: 31.96080447073079
  std: 0.0
