rot:
  max: 140.3898489005955
  mean: 70.38755914605552
  median: 68.42803969365693
  min: 0.0
  num_samples: 2111
  rmse: 81.38655030614926
  std: 40.85782774690672
scale:
  max: 20993992.132364765
  mean: 21005.2113374592
  median: 47.376805037283475
  min: 0.09250517873624631
  num_samples: 2111
  rmse: 539569.4450243904
  std: 539160.4279809464
trans:
  max: 2336.3816908492217
  mean: 1277.4165529540471
  median: 1609.0473084650134
  min: 0.0
  num_samples: 2111
  rmse: 1518.2054192319997
  std: 820.4600204911948
