rot:
  max: 81.38655030614926
  mean: 81.38655030614926
  median: 81.38655030614926
  min: 81.38655030614926
  num_samples: 1
  rmse: 81.38655030614926
  std: 0.0
scale:
  max: 539569.4450243904
  mean: 539569.4450243904
  median: 539569.4450243904
  min: 539569.4450243904
  num_samples: 1
  rmse: 539569.4450243904
  std: 0.0
trans:
  max: 1518.2054192319997
  mean: 1518.2054192319997
  median: 1518.2054192319997
  min: 1518.2054192319997
  num_samples: 1
  rmse: 1518.2054192319997
  std: 0.0
