rot:
  max: 111.17021390774185
  mean: 55.25605214965463
  median: 102.08791763867066
  min: 0.00260916829651933
  num_samples: 535
  rmse: 75.73134389030778
  std: 51.788079210052835
scale:
  max: 2560772.933327428
  mean: 11480.562737189644
  median: 90.38278641143741
  min: 0.004070407327194658
  num_samples: 535
  rmse: 127551.20313779471
  std: 127033.48417301806
trans:
  max: 604.3589031104265
  mean: 251.89263464065544
  median: 187.5351508453922
  min: 0.0
  num_samples: 535
  rmse: 359.94490597581154
  std: 257.1194974165225
