rot:
  max: 75.73134389030778
  mean: 75.73134389030778
  median: 75.73134389030778
  min: 75.73134389030778
  num_samples: 1
  rmse: 75.73134389030778
  std: 0.0
scale:
  max: 127551.20313779471
  mean: 127551.20313779471
  median: 127551.20313779471
  min: 127551.20313779471
  num_samples: 1
  rmse: 127551.20313779471
  std: 0.0
trans:
  max: 359.94490597581154
  mean: 359.94490597581154
  median: 359.94490597581154
  min: 359.94490597581154
  num_samples: 1
  rmse: 359.94490597581154
  std: 0.0
