rot:
  max: 3.1339808214378824
  mean: 3.1339808214378824
  median: 3.1339808214378824
  min: 3.1339808214378824
  num_samples: 1
  rmse: 3.1339808214378824
  std: 0.0
scale:
  max: 26.306797573527287
  mean: 26.306797573527287
  median: 26.306797573527287
  min: 26.306797573527287
  num_samples: 1
  rmse: 26.306797573527287
  std: 0.0
trans:
  max: 39.219637281058866
  mean: 39.219637281058866
  median: 39.219637281058866
  min: 39.219637281058866
  num_samples: 1
  rmse: 39.219637281058866
  std: 0.0
