rot:
  max: 21.737376747210455
  mean: 11.449107431320167
  median: 16.535486961153605
  min: 0.0
  num_samples: 772
  rmse: 14.221855024804524
  std: 8.436770672043128
scale:
  max: 61283.7436590349
  mean: 1493.287572596224
  median: 76.33627565160032
  min: 0.20810643241959692
  num_samples: 772
  rmse: 6254.594770489961
  std: 6073.717804489278
trans:
  max: 125.0623969191772
  mean: 68.70884412338572
  median: 109.10216038901312
  min: 0.0
  num_samples: 772
  rmse: 86.3198319512582
  std: 52.25139354430408
