rot:
  max: 14.221855024804524
  mean: 14.221855024804524
  median: 14.221855024804524
  min: 14.221855024804524
  num_samples: 1
  rmse: 14.221855024804524
  std: 0.0
scale:
  max: 6254.594770489961
  mean: 6254.594770489961
  median: 6254.594770489961
  min: 6254.594770489961
  num_samples: 1
  rmse: 6254.594770489961
  std: 0.0
trans:
  max: 86.3198319512582
  mean: 86.3198319512582
  median: 86.3198319512582
  min: 86.3198319512582
  num_samples: 1
  rmse: 86.3198319512582
  std: 0.0
