rot:
  max: 3.4929480049364394
  mean: 1.3795716139957588
  median: 1.0482672757683285
  min: 0.00012933885940541703
  num_samples: 1311
  rmse: 1.7849994375173148
  std: 1.1326981741815725
scale:
  max: 343.120466425298
  mean: 3.6743973976389372
  median: 1.6180292336622548
  min: 0.0059162418489022706
  num_samples: 1311
  rmse: 16.40475312769987
  std: 15.98795574627985
trans:
  max: 33.355027570684506
  mean: 13.776724855606513
  median: 13.643096882021661
  min: 0.0
  num_samples: 1311
  rmse: 16.030711787952235
  std: 8.196680589196118
