rot:
  max: 1.7849994375173148
  mean: 1.7849994375173148
  median: 1.7849994375173148
  min: 1.7849994375173148
  num_samples: 1
  rmse: 1.7849994375173148
  std: 0.0
scale:
  max: 16.40475312769987
  mean: 16.40475312769987
  median: 16.40475312769987
  min: 16.40475312769987
  num_samples: 1
  rmse: 16.40475312769987
  std: 0.0
trans:
  max: 16.030711787952235
  mean: 16.030711787952235
  median: 16.030711787952235
  min: 16.030711787952235
  num_samples: 1
  rmse: 16.030711787952235
  std: 0.0
