rot:
  max: 11.28203308132231
  mean: 11.28203308132231
  median: 11.28203308132231
  min: 11.28203308132231
  num_samples: 1
  rmse: 11.28203308132231
  std: 0.0
scale:
  max: 24.4127986588583
  mean: 24.4127986588583
  median: 24.4127986588583
  min: 24.4127986588583
  num_samples: 1
  rmse: 24.4127986588583
  std: 0.0
trans:
  max: 118.61784657079001
  mean: 118.61784657079001
  median: 118.61784657079001
  min: 118.61784657079001
  num_samples: 1
  rmse: 118.61784657079001
  std: 0.0
