rot:
  max: 1.8327764375170807
  mean: 1.8327764375170807
  median: 1.8327764375170807
  min: 1.8327764375170807
  num_samples: 1
  rmse: 1.8327764375170807
  std: 0.0
scale:
  max: 68765.48898749478
  mean: 68765.48898749478
  median: 68765.48898749478
  min: 68765.48898749478
  num_samples: 1
  rmse: 68765.48898749478
  std: 0.0
trans:
  max: 16.06804219661603
  mean: 16.06804219661603
  median: 16.06804219661603
  min: 16.06804219661603
  num_samples: 1
  rmse: 16.06804219661603
  std: 0.0
