rot:
  max: 179.75673403026798
  mean: 12.025874578055985
  median: 8.343629424165886
  min: 0.03371887288229111
  num_samples: 2592
  rmse: 27.08325483052874
  std: 24.266871097202152
scale:
  max: 1227981.1363360449
  mean: 613.6227895951238
  median: 9.217803436404203
  min: 0.04424654630270641
  num_samples: 2592
  rmse: 24125.59811737578
  std: 24117.79325712067
trans:
  max: 344.6060165236297
  mean: 236.60044722458198
  median: 276.8887253224283
  min: 0.001228081136336045
  num_samples: 2592
  rmse: 258.94767624783526
  std: 105.23368000446197
