rot:
  max: 27.08325483052874
  mean: 27.08325483052874
  median: 27.08325483052874
  min: 27.08325483052874
  num_samples: 1
  rmse: 27.08325483052874
  std: 0.0
scale:
  max: 24125.59811737578
  mean: 24125.59811737578
  median: 24125.59811737578
  min: 24125.59811737578
  num_samples: 1
  rmse: 24125.59811737578
  std: 0.0
trans:
  max: 258.94767624783526
  mean: 258.94767624783526
  median: 258.94767624783526
  min: 258.94767624783526
  num_samples: 1
  rmse: 258.94767624783526
  std: 0.0
