rot:
  max: 179.41306431620674
  mean: 8.797175470064007
  median: 6.7264527310070505
  min: 0.0020349585594505865
  num_samples: 2592
  rmse: 20.37150970313746
  std: 18.374115253092533
scale:
  max: 1227967.965611622
  mean: 499.68913466915905
  median: 5.647695582159685
  min: 0.010747001284006075
  num_samples: 2592
  rmse: 24119.710674545484
  std: 24114.53407786426
trans:
  max: 178.34215111429776
  mean: 96.35727292190786
  median: 114.14659089812807
  min: 0.001228067965611622
  num_samples: 2592
  rmse: 108.62886838411079
  std: 50.154830290465746
