rot:
  max: 20.37150970313746
  mean: 20.37150970313746
  median: 20.37150970313746
  min: 20.37150970313746
  num_samples: 1
  rmse: 20.37150970313746
  std: 0.0
scale:
  max: 24119.710674545484
  mean: 24119.710674545484
  median: 24119.710674545484
  min: 24119.710674545484
  num_samples: 1
  rmse: 24119.710674545484
  std: 0.0
trans:
  max: 108.62886838411079
  mean: 108.62886838411079
  median: 108.62886838411079
  min: 108.62886838411079
  num_samples: 1
  rmse: 108.62886838411079
  std: 0.0
