rot:
  max: 11.553086867104014
  mean: 6.811599254412365
  median: 6.46310443754222
  min: 0.0
  num_samples: 792
  rmse: 7.471397138072548
  std: 3.0698356294902167
scale:
  max: 4304.660688181597
  mean: 97.45101785540416
  median: 7.318288007090423
  min: 0.02531957336915358
  num_samples: 792
  rmse: 343.19186100586006
  std: 329.0652710019872
trans:
  max: 34.354038192781616
  mean: 19.34050862656471
  median: 22.38388971067678
  min: 0.0
  num_samples: 792
  rmse: 21.64843880876983
  std: 9.72623405655178
