rot:
  max: 7.471397138072548
  mean: 7.471397138072548
  median: 7.471397138072548
  min: 7.471397138072548
  num_samples: 1
  rmse: 7.471397138072548
  std: 0.0
scale:
  max: 343.19186100586006
  mean: 343.19186100586006
  median: 343.19186100586006
  min: 343.19186100586006
  num_samples: 1
  rmse: 343.19186100586006
  std: 0.0
trans:
  max: 21.64843880876983
  mean: 21.64843880876983
  median: 21.64843880876983
  min: 21.64843880876983
  num_samples: 1
  rmse: 21.64843880876983
  std: 0.0
