rot:
  max: 12.66434317998651
  mean: 6.779897403696875
  median: 5.794653885363594
  min: 0.0
  num_samples: 792
  rmse: 7.596233560984498
  std: 3.42574889744879
scale:
  max: 3233.760994589754
  mean: 78.43826078061578
  median: 6.768458193928872
  min: 0.019394156009333585
  num_samples: 792
  rmse: 271.22298292638095
  std: 259.6330982621362
trans:
  max: 31.729550632698846
  mean: 18.10139231093223
  median: 21.492836002281784
  min: 0.0
  num_samples: 792
  rmse: 20.164891424127237
  std: 8.886081394662313
