rot:
  max: 17.897390742661468
  mean: 10.442131497418623
  median: 10.7851539700517
  min: 1.1459155902616465e-14
  num_samples: 2095
  rmse: 11.253823976500431
  std: 4.196479939744002
scale:
  max: 49069.61278445068
  mean: 333.20051762879245
  median: 7.612302500624657
  min: 0.0696636977031928
  num_samples: 2095
  rmse: 3078.254453455557
  std: 3060.1679521344695
trans:
  max: 364.25416973911064
  mean: 188.6672209228992
  median: 176.43353778901198
  min: 0.0
  num_samples: 2095
  rmse: 217.00417875539443
  std: 107.21703850849978
