rot:
  max: 11.253823976500431
  mean: 11.253823976500431
  median: 11.253823976500431
  min: 11.253823976500431
  num_samples: 1
  rmse: 11.253823976500431
  std: 0.0
scale:
  max: 3078.254453455557
  mean: 3078.254453455557
  median: 3078.254453455557
  min: 3078.254453455557
  num_samples: 1
  rmse: 3078.254453455557
  std: 0.0
trans:
  max: 217.00417875539443
  mean: 217.00417875539443
  median: 217.00417875539443
  min: 217.00417875539443
  num_samples: 1
  rmse: 217.00417875539443
  std: 0.0
