rot:
  max: 16.92631308575247
  mean: 8.536071952722967
  median: 6.635507084449691
  min: 0.0007801794054116189
  num_samples: 1101
  rmse: 10.168388646304228
  std: 5.525540994348434
scale:
  max: 1075.418366396347
  mean: 6.625580520571713
  median: 3.141555736136681
  min: 0.004490704211557173
  num_samples: 1101
  rmse: 42.954233469857215
  std: 42.440167951463415
trans:
  max: 191.98905454938182
  mean: 76.99003618283716
  median: 72.26127059681764
  min: 1.2476799491734092e-08
  num_samples: 1101
  rmse: 95.92345877024532
  std: 57.21751716924094
