rot:
  max: 10.168388646304228
  mean: 10.168388646304228
  median: 10.168388646304228
  min: 10.168388646304228
  num_samples: 1
  rmse: 10.168388646304228
  std: 0.0
scale:
  max: 42.954233469857215
  mean: 42.954233469857215
  median: 42.954233469857215
  min: 42.954233469857215
  num_samples: 1
  rmse: 42.954233469857215
  std: 0.0
trans:
  max: 95.92345877024532
  mean: 95.92345877024532
  median: 95.92345877024532
  min: 95.92345877024532
  num_samples: 1
  rmse: 95.92345877024532
  std: 0.0
