rot:
  max: 10.68575731607177
  mean: 5.60952608971681
  median: 4.686823535662354
  min: 0.0
  num_samples: 792
  rmse: 6.343034286202806
  std: 2.9609628509541905
scale:
  max: 3249.0122236335806
  mean: 77.21254713723027
  median: 5.773516949019985
  min: 0.004848521338174372
  num_samples: 792
  rmse: 266.08546787484823
  std: 254.6364050538687
trans:
  max: 27.67367315210867
  mean: 14.267464035227263
  median: 14.929442095309717
  min: 0.0
  num_samples: 792
  rmse: 16.153436014052154
  std: 7.574494376760324
