rot:
  max: 6.343034286202806
  mean: 6.343034286202806
  median: 6.343034286202806
  min: 6.343034286202806
  num_samples: 1
  rmse: 6.343034286202806
  std: 0.0
scale:
  max: 266.08546787484823
  mean: 266.08546787484823
  median: 266.08546787484823
  min: 266.08546787484823
  num_samples: 1
  rmse: 266.08546787484823
  std: 0.0
trans:
  max: 16.153436014052154
  mean: 16.153436014052154
  median: 16.153436014052154
  min: 16.153436014052154
  num_samples: 1
  rmse: 16.153436014052154
  std: 0.0
