rot:
  max: 14.71165650587283
  mean: 7.6497262501421455
  median: 8.590573692961009
  min: 0.0011563767715691445
  num_samples: 535
  rmse: 8.994550493708008
  std: 4.731133783962274
scale:
  max: 3375844.9481039
  mean: 14694.536122470394
  median: 9.535190713734076
  min: 0.0023924980238509974
  num_samples: 535
  rmse: 206149.43567276903
  std: 205625.0481734814
trans:
  max: 50.041952916289304
  mean: 21.29039622145445
  median: 18.816999723253744
  min: 4.0797911805097564e-08
  num_samples: 535
  rmse: 27.941092970623252
  std: 18.09485300096384
