rot:
  max: 8.994550493708008
  mean: 8.994550493708008
  median: 8.994550493708008
  min: 8.994550493708008
  num_samples: 1
  rmse: 8.994550493708008
  std: 0.0
scale:
  max: 206149.43567276903
  mean: 206149.43567276903
  median: 206149.43567276903
  min: 206149.43567276903
  num_samples: 1
  rmse: 206149.43567276903
  std: 0.0
trans:
  max: 27.941092970623252
  mean: 27.941092970623252
  median: 27.941092970623252
  min: 27.941092970623252
  num_samples: 1
  rmse: 27.941092970623252
  std: 0.0
