rot:
  max: 10.062913355980301
  mean: 5.594617270666091
  median: 5.4494872173503115
  min: 0.0
  num_samples: 792
  rmse: 6.169578360885231
  std: 2.6007604168527316
scale:
  max: 3261.5572290948508
  mean: 68.87856013292215
  median: 7.2239430536981
  min: 0.04239087383453022
  num_samples: 792
  rmse: 255.18152692630196
  std: 245.70990138464995
trans:
  max: 27.11212986022774
  mean: 14.478420174592717
  median: 15.503540792111206
  min: 0.0
  num_samples: 792
  rmse: 16.26570477334447
  std: 7.412725613534315
