rot:
  max: 6.169578360885231
  mean: 6.169578360885231
  median: 6.169578360885231
  min: 6.169578360885231
  num_samples: 1
  rmse: 6.169578360885231
  std: 0.0
scale:
  max: 255.18152692630196
  mean: 255.18152692630196
  median: 255.18152692630196
  min: 255.18152692630196
  num_samples: 1
  rmse: 255.18152692630196
  std: 0.0
trans:
  max: 16.26570477334447
  mean: 16.26570477334447
  median: 16.26570477334447
  min: 16.26570477334447
  num_samples: 1
  rmse: 16.26570477334447
  std: 0.0
