rot:
  max: 2.2748424083183445
  mean: 2.2748424083183445
  median: 2.2748424083183445
  min: 2.2748424083183445
  num_samples: 1
  rmse: 2.2748424083183445
  std: 0.0
scale:
  max: 188.16756826745194
  mean: 188.16756826745194
  median: 188.16756826745194
  min: 188.16756826745194
  num_samples: 1
  rmse: 188.16756826745194
  std: 0.0
trans:
  max: 8.787347648419255
  mean: 8.787347648419255
  median: 8.787347648419255
  min: 8.787347648419255
  num_samples: 1
  rmse: 8.787347648419255
  std: 0.0
