rot:
  max: 8.948264291055496
  mean: 5.3290239391753955
  median: 5.732501797936189
  min: 0.0006785081735415092
  num_samples: 535
  rmse: 6.018013430670915
  std: 2.7960667923765805
scale:
  max: 3152900.0099882293
  mean: 13521.456767307087
  median: 6.481687282858251
  min: 6.699501875484515e-05
  num_samples: 535
  rmse: 192944.70848891724
  std: 192470.33730100622
trans:
  max: 34.51962686189198
  mean: 8.47631690581518
  median: 5.422435520201784
  min: 3.8474106316268337e-08
  num_samples: 535
  rmse: 12.439960384940113
  std: 9.105199947890826
