rot:
  max: 6.018013430670915
  mean: 6.018013430670915
  median: 6.018013430670915
  min: 6.018013430670915
  num_samples: 1
  rmse: 6.018013430670915
  std: 0.0
scale:
  max: 192944.70848891724
  mean: 192944.70848891724
  median: 192944.70848891724
  min: 192944.70848891724
  num_samples: 1
  rmse: 192944.70848891724
  std: 0.0
trans:
  max: 12.439960384940113
  mean: 12.439960384940113
  median: 12.439960384940113
  min: 12.439960384940113
  num_samples: 1
  rmse: 12.439960384940113
  std: 0.0
