rot:
  max: 12.416081710149575
  mean: 6.493803783928485
  median: 5.5543744585068255
  min: 0.0
  num_samples: 792
  rmse: 7.323213668743599
  std: 3.3852578711095513
scale:
  max: 3919.547945093845
  mean: 90.52882197140734
  median: 6.060847323765634
  min: 0.004961345206311307
  num_samples: 792
  rmse: 315.17084263454046
  std: 301.8893711932162
trans:
  max: 33.177072801026874
  mean: 16.765453994897268
  median: 16.95891000194252
  min: 0.0
  num_samples: 792
  rmse: 19.095994304715493
  std: 9.142021156763413
