rot:
  max: 7.323213668743599
  mean: 7.323213668743599
  median: 7.323213668743599
  min: 7.323213668743599
  num_samples: 1
  rmse: 7.323213668743599
  std: 0.0
scale:
  max: 315.17084263454046
  mean: 315.17084263454046
  median: 315.17084263454046
  min: 315.17084263454046
  num_samples: 1
  rmse: 315.17084263454046
  std: 0.0
trans:
  max: 19.095994304715493
  mean: 19.095994304715493
  median: 19.095994304715493
  min: 19.095994304715493
  num_samples: 1
  rmse: 19.095994304715493
  std: 0.0
