rot:
  max: 8.8250841913095
  mean: 1.5209156714292036
  median: 1.119821809706608
  min: 0.0
  num_samples: 792
  rmse: 2.2321368511503032
  std: 1.633784086917316
scale:
  max: 95045.45683651343
  mean: 229.0265247297134
  median: 3.70657673575967
  min: 0.0024264242495464217
  num_samples: 792
  rmse: 3823.7229044045284
  std: 3816.857830812937
trans:
  max: 8.126569545724447
  mean: 4.626028704798794
  median: 4.018011412858761
  min: 0.0
  num_samples: 792
  rmse: 5.214388174408912
  std: 2.406180054732623
