rot:
  max: 2.2321368511503032
  mean: 2.2321368511503032
  median: 2.2321368511503032
  min: 2.2321368511503032
  num_samples: 1
  rmse: 2.2321368511503032
  std: 0.0
scale:
  max: 3823.7229044045284
  mean: 3823.7229044045284
  median: 3823.7229044045284
  min: 3823.7229044045284
  num_samples: 1
  rmse: 3823.7229044045284
  std: 0.0
trans:
  max: 5.214388174408912
  mean: 5.214388174408912
  median: 5.214388174408912
  min: 5.214388174408912
  num_samples: 1
  rmse: 5.214388174408912
  std: 0.0
