rot:
  max: 176.54943408787955
  mean: 14.227540823187052
  median: 10.913990054036574
  min: 0.0066105697221601496
  num_samples: 2592
  rmse: 25.81202794754995
  std: 21.53689552580979
scale:
  max: 1227967.965611622
  mean: 575.2039036945059
  median: 6.67006087625408
  min: 0.007894382994444449
  num_samples: 2592
  rmse: 24122.310353326127
  std: 24115.45142126432
trans:
  max: 284.6970635072233
  mean: 167.4135213541294
  median: 193.3071523295088
  min: 0.001228067965611622
  num_samples: 2592
  rmse: 187.42918215604064
  std: 84.27580430641245
