rot:
  max: 25.81202794754995
  mean: 25.81202794754995
  median: 25.81202794754995
  min: 25.81202794754995
  num_samples: 1
  rmse: 25.81202794754995
  std: 0.0
scale:
  max: 24122.310353326127
  mean: 24122.310353326127
  median: 24122.310353326127
  min: 24122.310353326127
  num_samples: 1
  rmse: 24122.310353326127
  std: 0.0
trans:
  max: 187.42918215604064
  mean: 187.42918215604064
  median: 187.42918215604064
  min: 187.42918215604064
  num_samples: 1
  rmse: 187.42918215604064
  std: 0.0
