rot:
  max: 1.371319111790086
  mean: 0.4730197240474865
  median: 0.4112335339319705
  min: 4.899463357895689e-05
  num_samples: 535
  rmse: 0.5809970617379889
  std: 0.33735726820422335
scale:
  max: 2557238.238924382
  mean: 7992.425460607926
  median: 2.545926326555259
  min: 2.794707499864657e-05
  num_samples: 535
  rmse: 126335.85074805967
  std: 126082.78359670143
trans:
  max: 4.352153425852885
  mean: 1.5906463633631172
  median: 1.4231631122092923
  min: 0.0
  num_samples: 535
  rmse: 2.0227962521602287
  std: 1.2496194718686002
