rot:
  max: 0.5809970617379889
  mean: 0.5809970617379889
  median: 0.5809970617379889
  min: 0.5809970617379889
  num_samples: 1
  rmse: 0.5809970617379889
  std: 0.0
scale:
  max: 126335.85074805967
  mean: 126335.85074805967
  median: 126335.85074805967
  min: 126335.85074805967
  num_samples: 1
  rmse: 126335.85074805967
  std: 0.0
trans:
  max: 2.0227962521602287
  mean: 2.0227962521602287
  median: 2.0227962521602287
  min: 2.0227962521602287
  num_samples: 1
  rmse: 2.0227962521602287
  std: 0.0
