rot:
  max: 32.5985502932327
  mean: 18.349539725582225
  median: 10.18227224929602
  min: 0.004253995169618154
  num_samples: 550
  rmse: 22.024708667933275
  std: 12.181222589158077
scale:
  max: 22333.307077862803
  mean: 510.53643258853964
  median: 21.806386442248957
  min: 0.008213903759868302
  num_samples: 550
  rmse: 1999.5351514019394
  std: 1933.259778894638
trans:
  max: 122.27842614702497
  mean: 48.499842881848316
  median: 42.58219243286986
  min: 1.5187920438990325e-07
  num_samples: 550
  rmse: 64.7327244150643
  std: 42.87296176651072
