rot:
  max: 22.024708667933275
  mean: 22.024708667933275
  median: 22.024708667933275
  min: 22.024708667933275
  num_samples: 1
  rmse: 22.024708667933275
  std: 0.0
scale:
  max: 1999.5351514019394
  mean: 1999.5351514019394
  median: 1999.5351514019394
  min: 1999.5351514019394
  num_samples: 1
  rmse: 1999.5351514019394
  std: 0.0
trans:
  max: 64.7327244150643
  mean: 64.7327244150643
  median: 64.7327244150643
  min: 64.7327244150643
  num_samples: 1
  rmse: 64.7327244150643
  std: 0.0
