rot:
  max: 4.726251847542065
  mean: 2.513238237692312
  median: 2.744823058435443
  min: 0.00016122290739021877
  num_samples: 2095
  rmse: 2.794918374435355
  std: 1.22278464185547
scale:
  max: 10959.102430127547
  mean: 68.10792000053934
  median: 2.780246029102962
  min: 0.11648945602051874
  num_samples: 2095
  rmse: 624.620124297725
  std: 620.895813249619
trans:
  max: 83.10854875443788
  mean: 49.865180352994024
  median: 49.65327729165151
  min: 0.0
  num_samples: 2095
  rmse: 55.111347459452276
  std: 23.46751812953077
