rot:
  max: 35.709665924001854
  mean: 20.410710858787766
  median: 29.619059147052358
  min: 0.0
  num_samples: 753
  rmse: 25.100001188799336
  std: 14.608659826167878
scale:
  max: 205392.22032168883
  mean: 3373.6328900765566
  median: 500.1092418171947
  min: 0.038809839307041294
  num_samples: 753
  rmse: 14449.035971378125
  std: 14049.670516605463
trans:
  max: 235.36584546420752
  mean: 133.67948664503075
  median: 204.42352196015528
  min: 0.0
  num_samples: 753
  rmse: 165.95967116130984
  std: 98.34839755832898
