rot:
  max: 25.100001188799336
  mean: 25.100001188799336
  median: 25.100001188799336
  min: 25.100001188799336
  num_samples: 1
  rmse: 25.100001188799336
  std: 0.0
scale:
  max: 14449.035971378125
  mean: 14449.035971378125
  median: 14449.035971378125
  min: 14449.035971378125
  num_samples: 1
  rmse: 14449.035971378125
  std: 0.0
trans:
  max: 165.95967116130984
  mean: 165.95967116130984
  median: 165.95967116130984
  min: 165.95967116130984
  num_samples: 1
  rmse: 165.95967116130984
  std: 0.0
