rot:
  max: 11.142214809418022
  mean: 6.140540136836831
  median: 5.239270734890901
  min: 0.0
  num_samples: 792
  rmse: 6.871962139158835
  std: 3.0850657156579953
scale:
  max: 2758.519029954863
  mean: 68.18926430229568
  median: 6.025384203787687
  min: 0.013849269408505727
  num_samples: 792
  rmse: 234.54063059377293
  std: 224.40929489046644
trans:
  max: 26.014903255189587
  mean: 15.610436340691349
  median: 17.79452671547356
  min: 0.0
  num_samples: 792
  rmse: 17.405482334641764
  std: 7.698382463527611
