rot:
  max: 6.871962139158835
  mean: 6.871962139158835
  median: 6.871962139158835
  min: 6.871962139158835
  num_samples: 1
  rmse: 6.871962139158835
  std: 0.0
scale:
  max: 234.54063059377293
  mean: 234.54063059377293
  median: 234.54063059377293
  min: 234.54063059377293
  num_samples: 1
  rmse: 234.54063059377293
  std: 0.0
trans:
  max: 17.405482334641764
  mean: 17.405482334641764
  median: 17.405482334641764
  min: 17.405482334641764
  num_samples: 1
  rmse: 17.405482334641764
  std: 0.0
