rot:
  max: 9.807972891859361
  mean: 5.629424215232081
  median: 6.14721570829929
  min: 0.0
  num_samples: 792
  rmse: 5.997004338696941
  std: 2.0672793820160353
scale:
  max: 2031.519550993762
  mean: 54.8550261173964
  median: 5.639707228686264
  min: 0.02066245558989266
  num_samples: 792
  rmse: 180.27710829146014
  std: 171.7287450707965
trans:
  max: 23.10743126285124
  mean: 12.51736416429031
  median: 12.300632003795396
  min: 0.0
  num_samples: 792
  rmse: 14.21448423353536
  std: 6.7355145611873
