rot:
  max: 5.997004338696941
  mean: 5.997004338696941
  median: 5.997004338696941
  min: 5.997004338696941
  num_samples: 1
  rmse: 5.997004338696941
  std: 0.0
scale:
  max: 180.27710829146014
  mean: 180.27710829146014
  median: 180.27710829146014
  min: 180.27710829146014
  num_samples: 1
  rmse: 180.27710829146014
  std: 0.0
trans:
  max: 14.21448423353536
  mean: 14.21448423353536
  median: 14.21448423353536
  min: 14.21448423353536
  num_samples: 1
  rmse: 14.21448423353536
  std: 0.0
