rot:
  max: 179.85123171526408
  mean: 15.003928279522258
  median: 11.43691411329206
  min: 0.03371887288229111
  num_samples: 2592
  rmse: 28.18951891068628
  std: 23.864850986312312
scale:
  max: 1227981.1363360449
  mean: 633.8318894572275
  median: 10.48861735979144
  min: 0.18779876563859155
  num_samples: 2592
  rmse: 24127.004097463698
  std: 24118.6770751411
trans:
  max: 391.3089523436149
  mean: 275.0495711901825
  median: 334.6008361041686
  min: 0.001228081136336045
  num_samples: 2592
  rmse: 299.05551433721666
  std: 117.39648224539756
