rot:
  max: 28.18951891068628
  mean: 28.18951891068628
  median: 28.18951891068628
  min: 28.18951891068628
  num_samples: 1
  rmse: 28.18951891068628
  std: 0.0
scale:
  max: 24127.004097463698
  mean: 24127.004097463698
  median: 24127.004097463698
  min: 24127.004097463698
  num_samples: 1
  rmse: 24127.004097463698
  std: 0.0
trans:
  max: 299.05551433721666
  mean: 299.05551433721666
  median: 299.05551433721666
  min: 299.05551433721666
  num_samples: 1
  rmse: 299.05551433721666
  std: 0.0
