rot:
  max: 19.460475076846137
  mean: 11.059759101950341
  median: 10.622897038180627
  min: 0.0016653275185080497
  num_samples: 1101
  rmse: 12.325462977285216
  std: 5.440474814871871
scale:
  max: 288.19372804930293
  mean: 6.613226295544574
  median: 3.0542113723438735
  min: 0.011786715008754722
  num_samples: 1101
  rmse: 24.3360286371301
  std: 23.42023756905839
trans:
  max: 210.54152905716938
  mean: 94.92919289806485
  median: 102.12318305076697
  min: 9.29184417226616e-08
  num_samples: 1101
  rmse: 115.39056823161214
  std: 65.60054552011232
