rot:
  max: 12.325462977285216
  mean: 12.325462977285216
  median: 12.325462977285216
  min: 12.325462977285216
  num_samples: 1
  rmse: 12.325462977285216
  std: 0.0
scale:
  max: 24.3360286371301
  mean: 24.3360286371301
  median: 24.3360286371301
  min: 24.3360286371301
  num_samples: 1
  rmse: 24.3360286371301
  std: 0.0
trans:
  max: 115.39056823161214
  mean: 115.39056823161214
  median: 115.39056823161214
  min: 115.39056823161214
  num_samples: 1
  rmse: 115.39056823161214
  std: 0.0
