rot:
  max: 13.078821834422566
  mean: 7.1618751770979445
  median: 8.2753250570672
  min: 0.0006785081735415092
  num_samples: 535
  rmse: 8.543941396402404
  std: 4.659021199010256
scale:
  max: 3152900.0099882293
  mean: 13655.80368182826
  median: 10.583285786918095
  min: 0.1724580452087343
  num_samples: 535
  rmse: 192945.88345276052
  std: 192462.02993621785
trans:
  max: 41.272257069605736
  mean: 18.219299111385464
  median: 19.55569366461226
  min: 3.8474106316268337e-08
  num_samples: 535
  rmse: 22.963098482112393
  std: 13.977161077595891
