rot:
  max: 8.543941396402404
  mean: 8.543941396402404
  median: 8.543941396402404
  min: 8.543941396402404
  num_samples: 1
  rmse: 8.543941396402404
  std: 0.0
scale:
  max: 192945.88345276052
  mean: 192945.88345276052
  median: 192945.88345276052
  min: 192945.88345276052
  num_samples: 1
  rmse: 192945.88345276052
  std: 0.0
trans:
  max: 22.963098482112393
  mean: 22.963098482112393
  median: 22.963098482112393
  min: 22.963098482112393
  num_samples: 1
  rmse: 22.963098482112393
  std: 0.0
