rot:
  max: 177.06353229602496
  mean: 9.39701892025828
  median: 7.084537155662925
  min: 0.0020550641501856756
  num_samples: 2592
  rmse: 20.60755269328345
  std: 18.340317974854248
scale:
  max: 1227967.965611622
  mean: 510.6517369123923
  median: 5.815784175609795
  min: 0.01077070866215557
  num_samples: 2592
  rmse: 24119.921695804132
  std: 24114.5154920291
trans:
  max: 193.13186985682273
  mean: 109.18547318515091
  median: 129.60829767214852
  min: 0.001228067965611622
  num_samples: 2592
  rmse: 123.22861522095721
  std: 57.129887577426764
