rot:
  max: 22.548427848854693
  mean: 12.107155340629
  median: 10.558767020585227
  min: 0.0016653275185080497
  num_samples: 1101
  rmse: 13.558264169922262
  std: 6.102730279086279
scale:
  max: 288.19372804930293
  mean: 7.713963800881566
  median: 4.154552692500402
  min: 0.04153759582008476
  num_samples: 1101
  rmse: 24.671798847191685
  std: 23.434854828544978
trans:
  max: 245.83339444840263
  mean: 118.23760264976633
  median: 132.2545232583882
  min: 9.29184417226616e-08
  num_samples: 1101
  rmse: 141.71421540848343
  std: 78.12034413952624
