rot:
  max: 13.558264169922262
  mean: 13.558264169922262
  median: 13.558264169922262
  min: 13.558264169922262
  num_samples: 1
  rmse: 13.558264169922262
  std: 0.0
scale:
  max: 24.671798847191685
  mean: 24.671798847191685
  median: 24.671798847191685
  min: 24.671798847191685
  num_samples: 1
  rmse: 24.671798847191685
  std: 0.0
trans:
  max: 141.71421540848343
  mean: 141.71421540848343
  median: 141.71421540848343
  min: 141.71421540848343
  num_samples: 1
  rmse: 141.71421540848343
  std: 0.0
