rot:
  max: 9.777412561545335
  mean: 2.6530909978394015
  median: 2.4785477788780583
  min: 0.0
  num_samples: 792
  rmse: 3.083827491532225
  std: 1.571973331425652
scale:
  max: 2406.2117550141747
  mean: 57.79186600646019
  median: 4.908803828371012
  min: 0.011036038303191553
  num_samples: 792
  rmse: 211.30564189003522
  std: 203.24904555262037
trans:
  max: 16.870760201859838
  mean: 10.726481541890704
  median: 10.549305314449384
  min: 0.0
  num_samples: 792
  rmse: 12.073653511062338
  std: 5.542174919349436
