rot:
  max: 3.083827491532225
  mean: 3.083827491532225
  median: 3.083827491532225
  min: 3.083827491532225
  num_samples: 1
  rmse: 3.083827491532225
  std: 0.0
scale:
  max: 211.30564189003522
  mean: 211.30564189003522
  median: 211.30564189003522
  min: 211.30564189003522
  num_samples: 1
  rmse: 211.30564189003522
  std: 0.0
trans:
  max: 12.073653511062338
  mean: 12.073653511062338
  median: 12.073653511062338
  min: 12.073653511062338
  num_samples: 1
  rmse: 12.073653511062338
  std: 0.0
