rot:
  max: 1.0938503344911843
  mean: 0.496887981498525
  median: 0.5174369379642062
  min: 0.00024820228020695794
  num_samples: 535
  rmse: 0.5829643316541238
  std: 0.30487660753698487
scale:
  max: 2557283.399747455
  mean: 8001.574749170753
  median: 3.6602030832646903
  min: 0.004208321674370463
  num_samples: 535
  rmse: 126337.53257849911
  std: 126083.8885010958
trans:
  max: 4.986385866935056
  mean: 2.3827033381349882
  median: 2.635114285475339
  min: 0.0
  num_samples: 535
  rmse: 2.888690750661542
  std: 1.63317453304842
