rot:
  max: 0.5829643316541238
  mean: 0.5829643316541238
  median: 0.5829643316541238
  min: 0.5829643316541238
  num_samples: 1
  rmse: 0.5829643316541238
  std: 0.0
scale:
  max: 126337.53257849911
  mean: 126337.53257849911
  median: 126337.53257849911
  min: 126337.53257849911
  num_samples: 1
  rmse: 126337.53257849911
  std: 0.0
trans:
  max: 2.888690750661542
  mean: 2.888690750661542
  median: 2.888690750661542
  min: 2.888690750661542
  num_samples: 1
  rmse: 2.888690750661542
  std: 0.0
