rot:
  max: 9.722258304226354
  mean: 2.762799475238513
  median: 2.5695768755892905
  min: 0.0
  num_samples: 792
  rmse: 3.21077100074766
  std: 1.6358451879270024
scale:
  max: 2531.1333361650577
  mean: 56.65145720794471
  median: 2.1187730321220455
  min: 0.0056170209824735196
  num_samples: 792
  rmse: 217.6742328343193
  std: 210.1729859811338
trans:
  max: 17.830278418017553
  mean: 11.357578047469108
  median: 12.02820845337013
  min: 0.0
  num_samples: 792
  rmse: 12.669161190072707
  std: 5.61364998514267
