rot:
  max: 3.21077100074766
  mean: 3.21077100074766
  median: 3.21077100074766
  min: 3.21077100074766
  num_samples: 1
  rmse: 3.21077100074766
  std: 0.0
scale:
  max: 217.6742328343193
  mean: 217.6742328343193
  median: 217.6742328343193
  min: 217.6742328343193
  num_samples: 1
  rmse: 217.6742328343193
  std: 0.0
trans:
  max: 12.669161190072707
  mean: 12.669161190072707
  median: 12.669161190072707
  min: 12.669161190072707
  num_samples: 1
  rmse: 12.669161190072707
  std: 0.0
