rot:
  max: 14.634531130469384
  mean: 3.571380056562268
  median: 3.5253982870081293
  min: 0.0006741862031264913
  num_samples: 1330
  rmse: 4.089306273530561
  std: 1.9919011748391777
scale:
  max: 11823396.453366015
  mean: 17078.64137744104
  median: 1.3003242174419727
  min: 0.018903845038220624
  num_samples: 1330
  rmse: 399061.3596077637
  std: 398695.7345403857
trans:
  max: 76.33124230276347
  mean: 35.675718416009815
  median: 24.22612185279894
  min: 0.0
  num_samples: 1330
  rmse: 45.161194463936596
  std: 27.69073131773655
