rot:
  max: 21.908347268250473
  mean: 11.742163668971388
  median: 9.96532513573677
  min: 0.00212969360678017
  num_samples: 1330
  rmse: 13.564469685088145
  std: 6.790907907545477
scale:
  max: 24519809.584729448
  mean: 30682.233450876585
  median: 5.7964280761485405
  min: 0.04377236377108851
  num_samples: 1330
  rmse: 762003.4645753122
  std: 761385.5006337101
trans:
  max: 278.9731981198812
  mean: 108.30963540820642
  median: 109.81817243920213
  min: 9.938361130639345e-08
  num_samples: 1330
  rmse: 137.16446203910843
  std: 84.16122934118425
