rot:
  max: 13.564469685088145
  mean: 13.564469685088145
  median: 13.564469685088145
  min: 13.564469685088145
  num_samples: 1
  rmse: 13.564469685088145
  std: 0.0
scale:
  max: 762003.4645753122
  mean: 762003.4645753122
  median: 762003.4645753122
  min: 762003.4645753122
  num_samples: 1
  rmse: 762003.4645753122
  std: 0.0
trans:
  max: 137.16446203910843
  mean: 137.16446203910843
  median: 137.16446203910843
  min: 137.16446203910843
  num_samples: 1
  rmse: 137.16446203910843
  std: 0.0
