rot:
  max: 3.2499107157843534
  mean: 0.5631877005509875
  median: 0.4061553203332479
  min: 5.109599479759417e-05
  num_samples: 1330
  rmse: 0.7365288185746397
  std: 0.4746517824037385
scale:
  max: 2177593.1645375923
  mean: 2825.841525228943
  median: 1.3210596619112058
  min: 0.006755888982423741
  num_samples: 1330
  rmse: 68801.3174968151
  std: 68743.26082585732
trans:
  max: 38.25689388110063
  mean: 7.513161367369551
  median: 6.039203819650705
  min: 0.0
  num_samples: 1330
  rmse: 9.150092234636988
  std: 5.222699892797763
