rot:
  max: 0.7365288185746397
  mean: 0.7365288185746397
  median: 0.7365288185746397
  min: 0.7365288185746397
  num_samples: 1
  rmse: 0.7365288185746397
  std: 0.0
scale:
  max: 68801.3174968151
  mean: 68801.3174968151
  median: 68801.3174968151
  min: 68801.3174968151
  num_samples: 1
  rmse: 68801.3174968151
  std: 0.0
trans:
  max: 9.150092234636988
  mean: 9.150092234636988
  median: 9.150092234636988
  min: 9.150092234636988
  num_samples: 1
  rmse: 9.150092234636988
  std: 0.0
