rot:
  max: 9.777227588626737
  mean: 2.7118403546472316
  median: 2.6109078353723865
  min: 0.0
  num_samples: 792
  rmse: 3.002630172167863
  std: 1.2890732491676289
scale:
  max: 1792.7781247275752
  mean: 42.886798994155725
  median: 5.317011675276451
  min: 0.01355262011002445
  num_samples: 792
  rmse: 157.5094522430993
  std: 151.55840464308162
trans:
  max: 11.67167368492803
  mean: 8.093446760598832
  median: 8.899884831927196
  min: 0.0
  num_samples: 792
  rmse: 8.895484997590007
  std: 3.691310455068925
