rot:
  max: 3.002630172167863
  mean: 3.002630172167863
  median: 3.002630172167863
  min: 3.002630172167863
  num_samples: 1
  rmse: 3.002630172167863
  std: 0.0
scale:
  max: 157.5094522430993
  mean: 157.5094522430993
  median: 157.5094522430993
  min: 157.5094522430993
  num_samples: 1
  rmse: 157.5094522430993
  std: 0.0
trans:
  max: 8.895484997590007
  mean: 8.895484997590007
  median: 8.895484997590007
  min: 8.895484997590007
  num_samples: 1
  rmse: 8.895484997590007
  std: 0.0
