rot:
  max: 175.0789291646191
  mean: 13.391058903080577
  median: 9.82170429634207
  min: 0.03371887288229111
  num_samples: 2592
  rmse: 21.744123282738716
  std: 17.131445904802263
scale:
  max: 1227981.1363360449
  mean: 803.3258536539156
  median: 12.406586198920888
  min: 0.22152270152294706
  num_samples: 2592
  rmse: 24152.683951382074
  std: 24139.32081953012
trans:
  max: 745.6945824262496
  mean: 410.07988206667443
  median: 431.3201891986105
  min: 0.001228081136336045
  num_samples: 2592
  rmse: 462.5765135712801
  std: 214.03626148842886
