rot:
  max: 21.744123282738716
  mean: 21.744123282738716
  median: 21.744123282738716
  min: 21.744123282738716
  num_samples: 1
  rmse: 21.744123282738716
  std: 0.0
scale:
  max: 24152.683951382074
  mean: 24152.683951382074
  median: 24152.683951382074
  min: 24152.683951382074
  num_samples: 1
  rmse: 24152.683951382074
  std: 0.0
trans:
  max: 462.5765135712801
  mean: 462.5765135712801
  median: 462.5765135712801
  min: 462.5765135712801
  num_samples: 1
  rmse: 462.5765135712801
  std: 0.0
