rot:
  max: 13.427788627157021
  mean: 3.4190522932804868
  median: 3.255446768127045
  min: 0.0005860310670338717
  num_samples: 1101
  rmse: 3.849677225055639
  std: 1.7692077755101374
scale:
  max: 331.15703572743234
  mean: 5.53058290996496
  median: 2.120425685974814
  min: 0.023454658866084444
  num_samples: 1101
  rmse: 26.347659860475407
  std: 25.760664447939043
trans:
  max: 99.41476465365423
  mean: 55.73654982002234
  median: 67.44694338216216
  min: 0.0
  num_samples: 1101
  rmse: 65.13299985200581
  std: 33.700811323788
