rot:
  max: 13.536511970436756
  mean: 3.2096611046732586
  median: 3.201524620815346
  min: 0.0006741862031264913
  num_samples: 1330
  rmse: 3.7103754714468202
  std: 1.8614407678628535
scale:
  max: 11823396.453366015
  mean: 17077.368536506478
  median: 2.0522260360736344
  min: 0.01506006626934564
  num_samples: 1330
  rmse: 399061.35698780057
  std: 398695.786439753
trans:
  max: 100.14264372892498
  mean: 43.31368028289658
  median: 50.92277311712233
  min: 0.0
  num_samples: 1330
  rmse: 53.14851392419837
  std: 30.800805715138768
