rot:
  max: 3.7103754714468202
  mean: 3.7103754714468202
  median: 3.7103754714468202
  min: 3.7103754714468202
  num_samples: 1
  rmse: 3.7103754714468202
  std: 0.0
scale:
  max: 399061.35698780057
  mean: 399061.35698780057
  median: 399061.35698780057
  min: 399061.35698780057
  num_samples: 1
  rmse: 399061.35698780057
  std: 0.0
trans:
  max: 53.14851392419837
  mean: 53.14851392419837
  median: 53.14851392419837
  min: 53.14851392419837
  num_samples: 1
  rmse: 53.14851392419837
  std: 0.0
