rot:
  max: 10.521588785922251
  mean: 5.660077397689956
  median: 4.812037601540875
  min: 0.0
  num_samples: 792
  rmse: 6.360879623430236
  std: 2.9024667846384187
scale:
  max: 2649.0010838924545
  mean: 63.29183847955263
  median: 5.1614296465841925
  min: 0.14060577466586954
  num_samples: 792
  rmse: 224.8649903304904
  std: 215.77397215190194
trans:
  max: 21.94861133191315
  mean: 12.56422760754734
  median: 15.058311514726785
  min: 0.0
  num_samples: 792
  rmse: 14.103322120126585
  std: 6.406549730533364
