rot:
  max: 6.360879623430236
  mean: 6.360879623430236
  median: 6.360879623430236
  min: 6.360879623430236
  num_samples: 1
  rmse: 6.360879623430236
  std: 0.0
scale:
  max: 224.8649903304904
  mean: 224.8649903304904
  median: 224.8649903304904
  min: 224.8649903304904
  num_samples: 1
  rmse: 224.8649903304904
  std: 0.0
trans:
  max: 14.103322120126585
  mean: 14.103322120126585
  median: 14.103322120126585
  min: 14.103322120126585
  num_samples: 1
  rmse: 14.103322120126585
  std: 0.0
