rot:
  max: 8.194046970752597
  mean: 2.4887803634726193
  median: 2.163985330895285
  min: 0.0
  num_samples: 2078
  rmse: 2.872412831027851
  std: 1.4341296225399325
scale:
  max: 12680.397926085785
  mean: 86.70722632554106
  median: 1.149689333389592
  min: 0.02699320558516849
  num_samples: 2078
  rmse: 825.5662885078513
  std: 821.0003371640965
trans:
  max: 70.68128991477337
  mean: 43.95509558976776
  median: 49.97524332570233
  min: 0.0
  num_samples: 2078
  rmse: 49.21496618588927
  std: 22.13735459291835
