rot:
  max: 2.872412831027851
  mean: 2.872412831027851
  median: 2.872412831027851
  min: 2.872412831027851
  num_samples: 1
  rmse: 2.872412831027851
  std: 0.0
scale:
  max: 825.5662885078513
  mean: 825.5662885078513
  median: 825.5662885078513
  min: 825.5662885078513
  num_samples: 1
  rmse: 825.5662885078513
  std: 0.0
trans:
  max: 49.21496618588927
  mean: 49.21496618588927
  median: 49.21496618588927
  min: 49.21496618588927
  num_samples: 1
  rmse: 49.21496618588927
  std: 0.0
