rot:
  max: 51.553545962442996
  mean: 33.93165118620925
  median: 36.77437961281643
  min: 0.0
  num_samples: 2686
  rmse: 36.876152716386116
  std: 14.43931047313741
scale:
  max: 214020.43668649864
  mean: 742.8553652720161
  median: 25.808055729702083
  min: 0.09471907550252512
  num_samples: 2686
  rmse: 6076.942381882605
  std: 6031.367557943025
trans:
  max: 1003.0720199058503
  mean: 581.3388303234011
  median: 666.4546377200979
  min: 0.0
  num_samples: 2686
  rmse: 661.1275121609817
  std: 314.8567161335275
