rot:
  max: 36.876152716386116
  mean: 36.876152716386116
  median: 36.876152716386116
  min: 36.876152716386116
  num_samples: 1
  rmse: 36.876152716386116
  std: 0.0
scale:
  max: 6076.942381882605
  mean: 6076.942381882605
  median: 6076.942381882605
  min: 6076.942381882605
  num_samples: 1
  rmse: 6076.942381882605
  std: 0.0
trans:
  max: 661.1275121609817
  mean: 661.1275121609817
  median: 661.1275121609817
  min: 661.1275121609817
  num_samples: 1
  rmse: 661.1275121609817
  std: 0.0
