rot:
  max: 23.275773419763343
  mean: 13.843691055961347
  median: 14.692551142126291
  min: 0.0
  num_samples: 2686
  rmse: 14.969264116430985
  std: 5.694829772220072
scale:
  max: 99422.4411420014
  mean: 339.98274608979705
  median: 6.668426434387554
  min: 0.0985679688316976
  num_samples: 2686
  rmse: 2814.97541317075
  std: 2794.369035957326
trans:
  max: 345.3602989488738
  mean: 210.04898964875537
  median: 239.66651191117273
  min: 0.0
  num_samples: 2686
  rmse: 231.82166882669827
  std: 98.08520828918307
