rot:
  max: 14.969264116430985
  mean: 14.969264116430985
  median: 14.969264116430985
  min: 14.969264116430985
  num_samples: 1
  rmse: 14.969264116430985
  std: 0.0
scale:
  max: 2814.97541317075
  mean: 2814.97541317075
  median: 2814.97541317075
  min: 2814.97541317075
  num_samples: 1
  rmse: 2814.97541317075
  std: 0.0
trans:
  max: 231.82166882669827
  mean: 231.82166882669827
  median: 231.82166882669827
  min: 231.82166882669827
  num_samples: 1
  rmse: 231.82166882669827
  std: 0.0
