rot:
  max: 175.12114687499863
  mean: 11.875889109392817
  median: 8.741977963137796
  min: 0.0012543150148131787
  num_samples: 2592
  rmse: 24.034743156042744
  std: 20.895744457624584
scale:
  max: 1227967.965611622
  mean: 550.6437250366174
  median: 6.798341350387305
  min: 0.14369642679041839
  num_samples: 2592
  rmse: 24121.07835654063
  std: 24114.792401562376
trans:
  max: 238.41540925721333
  mean: 139.44295986176468
  median: 161.94233952212377
  min: 0.001228067965611622
  num_samples: 2592
  rmse: 155.24696633149122
  std: 68.24427814931781
