rot:
  max: 24.034743156042744
  mean: 24.034743156042744
  median: 24.034743156042744
  min: 24.034743156042744
  num_samples: 1
  rmse: 24.034743156042744
  std: 0.0
scale:
  max: 24121.07835654063
  mean: 24121.07835654063
  median: 24121.07835654063
  min: 24121.07835654063
  num_samples: 1
  rmse: 24121.07835654063
  std: 0.0
trans:
  max: 155.24696633149122
  mean: 155.24696633149122
  median: 155.24696633149122
  min: 155.24696633149122
  num_samples: 1
  rmse: 155.24696633149122
  std: 0.0
