rot:
  max: 38.959159124193654
  mean: 21.725284740942826
  median: 30.910286538894354
  min: 0.0
  num_samples: 772
  rmse: 26.047511226945662
  std: 14.369580510328662
scale:
  max: 218438.36191682843
  mean: 3517.245049009144
  median: 364.2573046330675
  min: 0.022243578584935086
  num_samples: 772
  rmse: 15247.316293903876
  std: 14836.09252571469
trans:
  max: 254.73793089875656
  mean: 142.97927437325302
  median: 225.55416725208073
  min: 0.0
  num_samples: 772
  rmse: 178.49618029236197
  std: 106.85416921515714
