rot:
  max: 26.047511226945662
  mean: 26.047511226945662
  median: 26.047511226945662
  min: 26.047511226945662
  num_samples: 1
  rmse: 26.047511226945662
  std: 0.0
scale:
  max: 15247.316293903876
  mean: 15247.316293903876
  median: 15247.316293903876
  min: 15247.316293903876
  num_samples: 1
  rmse: 15247.316293903876
  std: 0.0
trans:
  max: 178.49618029236197
  mean: 178.49618029236197
  median: 178.49618029236197
  min: 178.49618029236197
  num_samples: 1
  rmse: 178.49618029236197
  std: 0.0
