rot:
  max: 21.95830132062085
  mean: 12.674362649105655
  median: 17.510446347794005
  min: 0.00014039785329892146
  num_samples: 772
  rmse: 15.109845172050163
  std: 8.22605327981062
scale:
  max: 82179.24156300574
  mean: 1131.0752761847689
  median: 65.53500228417587
  min: 0.08513688324658375
  num_samples: 772
  rmse: 6230.3370490885645
  std: 6126.807363125526
trans:
  max: 70.05789752904775
  mean: 36.14183166759943
  median: 52.427247758042924
  min: 0.0
  num_samples: 772
  rmse: 43.17009842933898
  std: 23.609858155222433
