rot:
  max: 15.109845172050163
  mean: 15.109845172050163
  median: 15.109845172050163
  min: 15.109845172050163
  num_samples: 1
  rmse: 15.109845172050163
  std: 0.0
scale:
  max: 6230.3370490885645
  mean: 6230.3370490885645
  median: 6230.3370490885645
  min: 6230.3370490885645
  num_samples: 1
  rmse: 6230.3370490885645
  std: 0.0
trans:
  max: 43.17009842933898
  mean: 43.17009842933898
  median: 43.17009842933898
  min: 43.17009842933898
  num_samples: 1
  rmse: 43.17009842933898
  std: 0.0
