rot:
  max: 15.028617004259464
  mean: 6.746582059875147
  median: 6.233753544528013
  min: 0.0016653275185080497
  num_samples: 1101
  rmse: 7.2111351934730505
  std: 2.5463898538747824
scale:
  max: 288.19372804930293
  mean: 6.469236803846099
  median: 3.18876022184742
  min: 0.07398888150749183
  num_samples: 1101
  rmse: 24.218227148132485
  std: 23.33819833179726
trans:
  max: 182.75526682801635
  mean: 74.68154749841545
  median: 59.43167973956135
  min: 9.29184417226616e-08
  num_samples: 1101
  rmse: 93.11487421752706
  std: 55.61516217532591
