rot:
  max: 7.2111351934730505
  mean: 7.2111351934730505
  median: 7.2111351934730505
  min: 7.2111351934730505
  num_samples: 1
  rmse: 7.2111351934730505
  std: 0.0
scale:
  max: 24.218227148132485
  mean: 24.218227148132485
  median: 24.218227148132485
  min: 24.218227148132485
  num_samples: 1
  rmse: 24.218227148132485
  std: 0.0
trans:
  max: 93.11487421752706
  mean: 93.11487421752706
  median: 93.11487421752706
  min: 93.11487421752706
  num_samples: 1
  rmse: 93.11487421752706
  std: 0.0
