rot:
  max: 3.4703336564663703
  mean: 3.4703336564663703
  median: 3.4703336564663703
  min: 3.4703336564663703
  num_samples: 1
  rmse: 3.4703336564663703
  std: 0.0
scale:
  max: 126337.4961475426
  mean: 126337.4961475426
  median: 126337.4961475426
  min: 126337.4961475426
  num_samples: 1
  rmse: 126337.4961475426
  std: 0.0
trans:
  max: 8.514503748027973
  mean: 8.514503748027973
  median: 8.514503748027973
  min: 8.514503748027973
  num_samples: 1
  rmse: 8.514503748027973
  std: 0.0
