rot:
  max: 12.550527523599413
  mean: 3.599733358304825
  median: 3.2954705274655516
  min: 0.0005860310670338717
  num_samples: 1101
  rmse: 3.9964517191273847
  std: 1.7359568233178202
scale:
  max: 331.15703572743234
  mean: 6.00124519338999
  median: 2.455024768228675
  min: 0.12443650060472988
  num_samples: 1101
  rmse: 26.39055898325266
  std: 25.69915678728295
trans:
  max: 103.38425888493394
  mean: 53.55712014118559
  median: 61.48834153940887
  min: 0.0
  num_samples: 1101
  rmse: 62.31105877047432
  std: 31.848122821920242
