rot:
  max: 3.9964517191273847
  mean: 3.9964517191273847
  median: 3.9964517191273847
  min: 3.9964517191273847
  num_samples: 1
  rmse: 3.9964517191273847
  std: 0.0
scale:
  max: 26.39055898325266
  mean: 26.39055898325266
  median: 26.39055898325266
  min: 26.39055898325266
  num_samples: 1
  rmse: 26.39055898325266
  std: 0.0
trans:
  max: 62.31105877047432
  mean: 62.31105877047432
  median: 62.31105877047432
  min: 62.31105877047432
  num_samples: 1
  rmse: 62.31105877047432
  std: 0.0
