rot:
  max: 17.557289241815038
  mean: 9.59546356159863
  median: 8.678953888390001
  min: 0.00042243057245074247
  num_samples: 1330
  rmse: 11.35871867146356
  std: 6.078451192161358
scale:
  max: 23085730.07557089
  mean: 28518.763588119877
  median: 4.56729520592738
  min: 0.035028216239019194
  num_samples: 1330
  rmse: 711844.8692810743
  std: 711273.363795661
trans:
  max: 259.9891454837425
  mean: 78.98523785378327
  median: 51.469282086976946
  min: 9.678172040897828e-08
  num_samples: 1330
  rmse: 109.12673116189401
  std: 75.29924073496073
