rot:
  max: 11.35871867146356
  mean: 11.35871867146356
  median: 11.35871867146356
  min: 11.35871867146356
  num_samples: 1
  rmse: 11.35871867146356
  std: 0.0
scale:
  max: 711844.8692810743
  mean: 711844.8692810743
  median: 711844.8692810743
  min: 711844.8692810743
  num_samples: 1
  rmse: 711844.8692810743
  std: 0.0
trans:
  max: 109.12673116189401
  mean: 109.12673116189401
  median: 109.12673116189401
  min: 109.12673116189401
  num_samples: 1
  rmse: 109.12673116189401
  std: 0.0
