rot:
  max: 10.928239792230332
  mean: 6.326930478782299
  median: 8.315245574558602
  min: 0.0006785081735415092
  num_samples: 535
  rmse: 7.367625239634732
  std: 3.775162564494186
scale:
  max: 3152900.0099882293
  mean: 13610.620110098951
  median: 13.31583204885396
  min: 0.2018509796919421
  num_samples: 535
  rmse: 192945.30553410982
  std: 192464.65116449195
trans:
  max: 31.649137931803523
  mean: 15.044206005305792
  median: 19.052478455975237
  min: 3.8474106316268337e-08
  num_samples: 535
  rmse: 18.535310576670877
  std: 10.82726206589498
