rot:
  max: 7.367625239634732
  mean: 7.367625239634732
  median: 7.367625239634732
  min: 7.367625239634732
  num_samples: 1
  rmse: 7.367625239634732
  std: 0.0
scale:
  max: 192945.30553410982
  mean: 192945.30553410982
  median: 192945.30553410982
  min: 192945.30553410982
  num_samples: 1
  rmse: 192945.30553410982
  std: 0.0
trans:
  max: 18.535310576670877
  mean: 18.535310576670877
  median: 18.535310576670877
  min: 18.535310576670877
  num_samples: 1
  rmse: 18.535310576670877
  std: 0.0
