rot:
  max: 10.856824288338128
  mean: 6.2322779031996
  median: 8.249562714064659
  min: 0.0006785081735415092
  num_samples: 535
  rmse: 7.223810565393068
  std: 3.6526909562642316
scale:
  max: 3152900.0099882293
  mean: 13591.303534907956
  median: 8.53717314340281
  min: 0.0014662109043550586
  num_samples: 535
  rmse: 192945.14581497226
  std: 192465.85609344562
trans:
  max: 26.925451196968822
  mean: 12.092896529087442
  median: 13.98894864193512
  min: 3.8474106316268337e-08
  num_samples: 535
  rmse: 15.198330988433234
  std: 9.206037061122164
