rot:
  max: 7.223810565393068
  mean: 7.223810565393068
  median: 7.223810565393068
  min: 7.223810565393068
  num_samples: 1
  rmse: 7.223810565393068
  std: 0.0
scale:
  max: 192945.14581497226
  mean: 192945.14581497226
  median: 192945.14581497226
  min: 192945.14581497226
  num_samples: 1
  rmse: 192945.14581497226
  std: 0.0
trans:
  max: 15.198330988433234
  mean: 15.198330988433234
  median: 15.198330988433234
  min: 15.198330988433234
  num_samples: 1
  rmse: 15.198330988433234
  std: 0.0
