rot:
  max: 27.868573254516246
  mean: 17.353251589558955
  median: 17.707337398774786
  min: 0.0
  num_samples: 2686
  rmse: 19.225476252575763
  std: 8.275481642045024
scale:
  max: 162245.883682807
  mean: 514.4700686437216
  median: 9.821109549733332
  min: 0.08685476235397172
  num_samples: 2686
  rmse: 4412.478960764913
  std: 4382.384183028997
trans:
  max: 448.37450153437413
  mean: 263.1567982776828
  median: 314.37841641734923
  min: 0.0
  num_samples: 2686
  rmse: 294.1926384964048
  std: 131.52113163182295
