rot:
  max: 19.225476252575763
  mean: 19.225476252575763
  median: 19.225476252575763
  min: 19.225476252575763
  num_samples: 1
  rmse: 19.225476252575763
  std: 0.0
scale:
  max: 4412.478960764913
  mean: 4412.478960764913
  median: 4412.478960764913
  min: 4412.478960764913
  num_samples: 1
  rmse: 4412.478960764913
  std: 0.0
trans:
  max: 294.1926384964048
  mean: 294.1926384964048
  median: 294.1926384964048
  min: 294.1926384964048
  num_samples: 1
  rmse: 294.1926384964048
  std: 0.0
