rot:
  max: 3.0994755550767814
  mean: 1.6149867316947388
  median: 1.857512618130281
  min: 5.109599479759417e-05
  num_samples: 1330
  rmse: 1.8506049442591317
  std: 0.903635167623687
scale:
  max: 2176276.0445006993
  mean: 2825.82308491422
  median: 1.9427659919385887
  min: 0.0474145980953411
  num_samples: 1330
  rmse: 68765.4841768636
  std: 68707.39798574272
trans:
  max: 61.989385807438474
  mean: 18.12750261022031
  median: 12.261426368310563
  min: 0.0
  num_samples: 1330
  rmse: 24.82665342147734
  std: 16.96338318928769
