rot:
  max: 1.8506049442591317
  mean: 1.8506049442591317
  median: 1.8506049442591317
  min: 1.8506049442591317
  num_samples: 1
  rmse: 1.8506049442591317
  std: 0.0
scale:
  max: 68765.4841768636
  mean: 68765.4841768636
  median: 68765.4841768636
  min: 68765.4841768636
  num_samples: 1
  rmse: 68765.4841768636
  std: 0.0
trans:
  max: 24.82665342147734
  mean: 24.82665342147734
  median: 24.82665342147734
  min: 24.82665342147734
  num_samples: 1
  rmse: 24.82665342147734
  std: 0.0
