rot:
  max: 32.82612812836222
  mean: 18.55392846329527
  median: 18.348277125664765
  min: 0.0
  num_samples: 2686
  rmse: 20.73478358083755
  std: 9.25651061270348
scale:
  max: 178118.81923424167
  mean: 565.3341357877237
  median: 11.18935494979345
  min: 0.09544108065610013
  num_samples: 2686
  rmse: 4845.7038993759115
  std: 4812.612969618485
trans:
  max: 483.1395673821746
  mean: 282.78225237891866
  median: 344.2794087690288
  min: 0.0
  num_samples: 2686
  rmse: 317.1704373873953
  std: 143.63594289737227
