rot:
  max: 20.73478358083755
  mean: 20.73478358083755
  median: 20.73478358083755
  min: 20.73478358083755
  num_samples: 1
  rmse: 20.73478358083755
  std: 0.0
scale:
  max: 4845.7038993759115
  mean: 4845.7038993759115
  median: 4845.7038993759115
  min: 4845.7038993759115
  num_samples: 1
  rmse: 4845.7038993759115
  std: 0.0
trans:
  max: 317.1704373873953
  mean: 317.1704373873953
  median: 317.1704373873953
  min: 317.1704373873953
  num_samples: 1
  rmse: 317.1704373873953
  std: 0.0
