rot:
  max: 23.725557301652284
  mean: 15.203674738858004
  median: 16.351835007205104
  min: 1.1459155902616465e-14
  num_samples: 2095
  rmse: 16.268341122680603
  std: 5.788540171659155
scale:
  max: 107557.32697170042
  mean: 719.6210400272158
  median: 11.014472997228486
  min: 0.04400963734814134
  num_samples: 2095
  rmse: 6823.531594185377
  std: 6785.47927383145
trans:
  max: 539.4735478891303
  mean: 296.1911280515742
  median: 356.952278880819
  min: 0.0
  num_samples: 2095
  rmse: 342.4057728588157
  std: 171.79210968661752
