rot:
  max: 16.268341122680603
  mean: 16.268341122680603
  median: 16.268341122680603
  min: 16.268341122680603
  num_samples: 1
  rmse: 16.268341122680603
  std: 0.0
scale:
  max: 6823.531594185377
  mean: 6823.531594185377
  median: 6823.531594185377
  min: 6823.531594185377
  num_samples: 1
  rmse: 6823.531594185377
  std: 0.0
trans:
  max: 342.4057728588157
  mean: 342.4057728588157
  median: 342.4057728588157
  min: 342.4057728588157
  num_samples: 1
  rmse: 342.4057728588157
  std: 0.0
