rot:
  max: 8.63864247366678
  mean: 4.49061258102372
  median: 4.945905842139256
  min: 0.002037169356248867
  num_samples: 772
  rmse: 4.730200078997805
  std: 1.4863348998467043
scale:
  max: 18820.394313356934
  mean: 501.65316049766307
  median: 68.45543368637466
  min: 0.15220390388990257
  num_samples: 772
  rmse: 1907.272364974474
  std: 1840.1173823313636
trans:
  max: 34.62600986792992
  mean: 23.267030354962646
  median: 32.21339482792955
  min: 0.0
  num_samples: 772
  rmse: 26.495010266439348
  std: 12.67402333436282
