rot:
  max: 4.730200078997805
  mean: 4.730200078997805
  median: 4.730200078997805
  min: 4.730200078997805
  num_samples: 1
  rmse: 4.730200078997805
  std: 0.0
scale:
  max: 1907.272364974474
  mean: 1907.272364974474
  median: 1907.272364974474
  min: 1907.272364974474
  num_samples: 1
  rmse: 1907.272364974474
  std: 0.0
trans:
  max: 26.495010266439348
  mean: 26.495010266439348
  median: 26.495010266439348
  min: 26.495010266439348
  num_samples: 1
  rmse: 26.495010266439348
  std: 0.0
