rot:
  max: 13.804385052411698
  mean: 3.4103702521452988
  median: 3.2216509968128597
  min: 0.0005860310670338717
  num_samples: 1101
  rmse: 3.8568194300366305
  std: 1.8012303737141708
scale:
  max: 331.15703572743234
  mean: 5.274938395288883
  median: 1.8620241434502693
  min: 0.07996162398479223
  num_samples: 1101
  rmse: 26.326039738793572
  std: 25.79215759207526
trans:
  max: 100.23335610810238
  mean: 50.53098587396015
  median: 52.491424687601544
  min: 0.0
  num_samples: 1101
  rmse: 59.80254938806799
  std: 31.983814342850845
