rot:
  max: 3.8568194300366305
  mean: 3.8568194300366305
  median: 3.8568194300366305
  min: 3.8568194300366305
  num_samples: 1
  rmse: 3.8568194300366305
  std: 0.0
scale:
  max: 26.326039738793572
  mean: 26.326039738793572
  median: 26.326039738793572
  min: 26.326039738793572
  num_samples: 1
  rmse: 26.326039738793572
  std: 0.0
trans:
  max: 59.80254938806799
  mean: 59.80254938806799
  median: 59.80254938806799
  min: 59.80254938806799
  num_samples: 1
  rmse: 59.80254938806799
  std: 0.0
