rot:
  max: 176.48735829844736
  mean: 15.376004766050682
  median: 11.825353354524431
  min: 0.03371887288229111
  num_samples: 2592
  rmse: 26.144754666276718
  std: 21.14537003682331
scale:
  max: 1227981.1363360449
  mean: 603.1983477424882
  median: 8.426545613936486
  min: 0.010118094378874787
  num_samples: 2592
  rmse: 24124.407218839187
  std: 24116.864958233295
trans:
  max: 336.6018027821018
  mean: 229.04210929821218
  median: 272.2470039668139
  min: 0.001228081136336045
  num_samples: 2592
  rmse: 248.4591125879683
  std: 96.28937011023872
