rot:
  max: 26.144754666276718
  mean: 26.144754666276718
  median: 26.144754666276718
  min: 26.144754666276718
  num_samples: 1
  rmse: 26.144754666276718
  std: 0.0
scale:
  max: 24124.407218839187
  mean: 24124.407218839187
  median: 24124.407218839187
  min: 24124.407218839187
  num_samples: 1
  rmse: 24124.407218839187
  std: 0.0
trans:
  max: 248.4591125879683
  mean: 248.4591125879683
  median: 248.4591125879683
  min: 248.4591125879683
  num_samples: 1
  rmse: 248.4591125879683
  std: 0.0
