rot:
  max: 2.7585853563986276
  mean: 0.5920916451229103
  median: 0.3534159763394777
  min: 0.0004746431245258161
  num_samples: 1101
  rmse: 0.8766480971599955
  std: 0.6464823044986511
scale:
  max: 13823.080277924504
  mean: 36.20120275132616
  median: 1.9480876361346322
  min: 0.004802786705859763
  num_samples: 1101
  rmse: 604.3743558709436
  std: 603.2891802061224
trans:
  max: 36.098025305254495
  mean: 19.27549299234671
  median: 22.00150271261548
  min: 0.0
  num_samples: 1101
  rmse: 22.157949527902673
  std: 10.928407806404156
