rot:
  max: 44.22500866822151
  mean: 25.544580205787593
  median: 37.89654847796546
  min: 0.0
  num_samples: 772
  rmse: 30.95289845057096
  std: 17.480170039259995
scale:
  max: 144833.04327086406
  mean: 3634.758520995333
  median: 438.3491689975408
  min: 0.0019234955377811502
  num_samples: 772
  rmse: 14783.943342738825
  std: 14330.160894259472
trans:
  max: 290.1222416078493
  mean: 160.7748710670322
  median: 254.76348262359622
  min: 0.0
  num_samples: 772
  rmse: 202.12402662668495
  std: 122.49719577673612
