rot:
  max: 30.95289845057096
  mean: 30.95289845057096
  median: 30.95289845057096
  min: 30.95289845057096
  num_samples: 1
  rmse: 30.95289845057096
  std: 0.0
scale:
  max: 14783.943342738825
  mean: 14783.943342738825
  median: 14783.943342738825
  min: 14783.943342738825
  num_samples: 1
  rmse: 14783.943342738825
  std: 0.0
trans:
  max: 202.12402662668495
  mean: 202.12402662668495
  median: 202.12402662668495
  min: 202.12402662668495
  num_samples: 1
  rmse: 202.12402662668495
  std: 0.0
