rot:
  max: 13.661782543432317
  mean: 4.044750131402448
  median: 3.73413095871903
  min: 0.0006741862031264913
  num_samples: 1330
  rmse: 4.655356884019921
  std: 2.304852292905457
scale:
  max: 11823396.453366015
  mean: 17085.366649379994
  median: 1.656388915796425
  min: 0.013729777227067252
  num_samples: 1330
  rmse: 399061.3725638854
  std: 398695.4593659531
trans:
  max: 124.10449821296496
  mean: 50.492847999295265
  median: 45.64581821829679
  min: 0.0
  num_samples: 1330
  rmse: 64.28199542916269
  std: 39.78249913309817
