rot:
  max: 4.655356884019921
  mean: 4.655356884019921
  median: 4.655356884019921
  min: 4.655356884019921
  num_samples: 1
  rmse: 4.655356884019921
  std: 0.0
scale:
  max: 399061.3725638854
  mean: 399061.3725638854
  median: 399061.3725638854
  min: 399061.3725638854
  num_samples: 1
  rmse: 399061.3725638854
  std: 0.0
trans:
  max: 64.28199542916269
  mean: 64.28199542916269
  median: 64.28199542916269
  min: 64.28199542916269
  num_samples: 1
  rmse: 64.28199542916269
  std: 0.0
