rot:
  max: 9.24241433424406
  mean: 3.9924793204236235
  median: 3.8765909997276973
  min: 0.0023198233863703107
  num_samples: 2095
  rmse: 4.1784050594650965
  std: 1.232549275669431
scale:
  max: 19441.735947350648
  mean: 127.86199626688106
  median: 3.425571735764543
  min: 0.0008713953648431527
  num_samples: 2095
  rmse: 1230.5747702045526
  std: 1223.9140390463028
trans:
  max: 121.48625278368866
  mean: 69.89607345154576
  median: 66.11150117197836
  min: 0.0
  num_samples: 2095
  rmse: 77.60960227787021
  std: 33.731132233966235
