rot:
  max: 4.1784050594650965
  mean: 4.1784050594650965
  median: 4.1784050594650965
  min: 4.1784050594650965
  num_samples: 1
  rmse: 4.1784050594650965
  std: 0.0
scale:
  max: 1230.5747702045526
  mean: 1230.5747702045526
  median: 1230.5747702045526
  min: 1230.5747702045526
  num_samples: 1
  rmse: 1230.5747702045526
  std: 0.0
trans:
  max: 77.60960227787021
  mean: 77.60960227787021
  median: 77.60960227787021
  min: 77.60960227787021
  num_samples: 1
  rmse: 77.60960227787021
  std: 0.0
