rot:
  max: 2.982583279560247
  mean: 0.9774526245617828
  median: 0.5682422250670026
  min: 5.109599479759417e-05
  num_samples: 1330
  rmse: 1.3327484297929681
  std: 0.9059827503064861
scale:
  max: 2176276.0445006993
  mean: 2825.422650202041
  median: 1.3486551323974916
  min: 0.003182035598625621
  num_samples: 1330
  rmse: 68765.48581887507
  std: 68707.41609719895
trans:
  max: 30.038723651816596
  mean: 9.254716724770466
  median: 6.742822223749672
  min: 0.0
  num_samples: 1330
  rmse: 11.701871443022739
  std: 7.161285751405603
