rot:
  max: 11.476526809207545
  mean: 5.038116341362027
  median: 4.055597182759629
  min: 0.0001612251251035789
  num_samples: 2095
  rmse: 5.623071663758914
  std: 2.49726223426162
scale:
  max: 33365.72650276488
  mean: 221.73397839125886
  median: 1.057106866800528
  min: 0.002792485783542631
  num_samples: 2095
  rmse: 2107.055381323364
  std: 2095.3559179267213
trans:
  max: 108.86627239328782
  mean: 63.38345433793943
  median: 58.25176482428529
  min: 0.0
  num_samples: 2095
  rmse: 70.55887080059746
  std: 31.0014832684785
