rot:
  max: 5.623071663758914
  mean: 5.623071663758914
  median: 5.623071663758914
  min: 5.623071663758914
  num_samples: 1
  rmse: 5.623071663758914
  std: 0.0
scale:
  max: 2107.055381323364
  mean: 2107.055381323364
  median: 2107.055381323364
  min: 2107.055381323364
  num_samples: 1
  rmse: 2107.055381323364
  std: 0.0
trans:
  max: 70.55887080059746
  mean: 70.55887080059746
  median: 70.55887080059746
  min: 70.55887080059746
  num_samples: 1
  rmse: 70.55887080059746
  std: 0.0
