rot:
  max: 27.762223226608224
  mean: 16.386743092120962
  median: 24.01047161019397
  min: 0.002037169356248867
  num_samples: 772
  rmse: 19.6377175318445
  std: 10.821949948754105
scale:
  max: 108694.92342658847
  mean: 2802.3703098889137
  median: 451.5808487166612
  min: 0.07819242322191222
  num_samples: 772
  rmse: 11075.341362511917
  std: 10714.938494570113
trans:
  max: 208.933883986374
  mean: 118.78125503960914
  median: 185.029654215191
  min: 0.0
  num_samples: 772
  rmse: 148.04630367077718
  std: 88.36697053648098
