rot:
  max: 26.474259752050152
  mean: 16.614040990472283
  median: 16.719955260678795
  min: 0.0
  num_samples: 2686
  rmse: 18.069074506072404
  std: 7.103878903310676
scale:
  max: 168390.57800970387
  mean: 575.6592335138033
  median: 9.61298911941444
  min: 0.09462916135756227
  num_samples: 2686
  rmse: 4778.121085891937
  std: 4743.317147136109
trans:
  max: 451.03366734629304
  mean: 275.882480524013
  median: 343.19698432156315
  min: 0.0
  num_samples: 2686
  rmse: 308.2376317366622
  std: 137.47470515896288
