rot:
  max: 18.069074506072404
  mean: 18.069074506072404
  median: 18.069074506072404
  min: 18.069074506072404
  num_samples: 1
  rmse: 18.069074506072404
  std: 0.0
scale:
  max: 4778.121085891937
  mean: 4778.121085891937
  median: 4778.121085891937
  min: 4778.121085891937
  num_samples: 1
  rmse: 4778.121085891937
  std: 0.0
trans:
  max: 308.2376317366622
  mean: 308.2376317366622
  median: 308.2376317366622
  min: 308.2376317366622
  num_samples: 1
  rmse: 308.2376317366622
  std: 0.0
