rot:
  max: 120.30891002269905
  mean: 40.17374019000512
  median: 19.036035753037105
  min: 0.0
  num_samples: 772
  rmse: 57.782172598625564
  std: 41.531314322608694
scale:
  max: 203330.2515332286
  mean: 3341.292732596965
  median: 511.22166656545016
  min: 0.027303334435946347
  num_samples: 772
  rmse: 14199.720601548963
  std: 13801.008225385156
trans:
  max: 287.11042361477644
  mean: 157.60262286535598
  median: 214.31407114657003
  min: 0.0
  num_samples: 772
  rmse: 200.7036911732561
  std: 124.27141632946055
