rot:
  max: 57.782172598625564
  mean: 57.782172598625564
  median: 57.782172598625564
  min: 57.782172598625564
  num_samples: 1
  rmse: 57.782172598625564
  std: 0.0
scale:
  max: 14199.720601548963
  mean: 14199.720601548963
  median: 14199.720601548963
  min: 14199.720601548963
  num_samples: 1
  rmse: 14199.720601548963
  std: 0.0
trans:
  max: 200.7036911732561
  mean: 200.7036911732561
  median: 200.7036911732561
  min: 200.7036911732561
  num_samples: 1
  rmse: 200.7036911732561
  std: 0.0
