rot:
  max: 15.038875660802379
  mean: 3.7132864076855507
  median: 3.6973305056847
  min: 0.0006741862031264913
  num_samples: 1330
  rmse: 4.276760057014016
  std: 2.121834263030048
scale:
  max: 11823396.453366015
  mean: 17090.62263715011
  median: 1.7458393837098685
  min: 0.007199310086725141
  num_samples: 1330
  rmse: 399061.3874649533
  std: 398695.24901022844
trans:
  max: 133.59987736776154
  mean: 61.12594658987995
  median: 52.85827472206347
  min: 0.0
  num_samples: 1330
  rmse: 78.50091988777069
  std: 49.254574170500526
