rot:
  max: 4.276760057014016
  mean: 4.276760057014016
  median: 4.276760057014016
  min: 4.276760057014016
  num_samples: 1
  rmse: 4.276760057014016
  std: 0.0
scale:
  max: 399061.3874649533
  mean: 399061.3874649533
  median: 399061.3874649533
  min: 399061.3874649533
  num_samples: 1
  rmse: 399061.3874649533
  std: 0.0
trans:
  max: 78.50091988777069
  mean: 78.50091988777069
  median: 78.50091988777069
  min: 78.50091988777069
  num_samples: 1
  rmse: 78.50091988777069
  std: 0.0
