rot:
  max: 13.986116837890588
  mean: 7.606367744314118
  median: 6.002348053703585
  min: 0.0
  num_samples: 792
  rmse: 8.87821995184176
  std: 4.5788600384308396
scale:
  max: 4479.9075398016785
  mean: 103.88435102609976
  median: 5.792178469678799
  min: 0.0071006241293525285
  num_samples: 792
  rmse: 366.0398039993779
  std: 350.98885982861214
trans:
  max: 43.47542110029658
  mean: 19.751341620169658
  median: 16.641261051465143
  min: 0.0
  num_samples: 792
  rmse: 23.307993214247364
  std: 12.375259669144528
