rot:
  max: 8.87821995184176
  mean: 8.87821995184176
  median: 8.87821995184176
  min: 8.87821995184176
  num_samples: 1
  rmse: 8.87821995184176
  std: 0.0
scale:
  max: 366.0398039993779
  mean: 366.0398039993779
  median: 366.0398039993779
  min: 366.0398039993779
  num_samples: 1
  rmse: 366.0398039993779
  std: 0.0
trans:
  max: 23.307993214247364
  mean: 23.307993214247364
  median: 23.307993214247364
  min: 23.307993214247364
  num_samples: 1
  rmse: 23.307993214247364
  std: 0.0
