rot:
  max: 18.629021855242783
  mean: 18.629021855242783
  median: 18.629021855242783
  min: 18.629021855242783
  num_samples: 1
  rmse: 18.629021855242783
  std: 0.0
scale:
  max: 4843.456137986023
  mean: 4843.456137986023
  median: 4843.456137986023
  min: 4843.456137986023
  num_samples: 1
  rmse: 4843.456137986023
  std: 0.0
trans:
  max: 310.85492714376767
  mean: 310.85492714376767
  median: 310.85492714376767
  min: 310.85492714376767
  num_samples: 1
  rmse: 310.85492714376767
  std: 0.0
