rot:
  max: 2.7135377783565495
  mean: 1.158752463569285
  median: 0.7600855181766033
  min: 5.109599479759417e-05
  num_samples: 1330
  rmse: 1.4555342520128218
  std: 0.8808363565127393
scale:
  max: 2176275.658387041
  mean: 2828.603766229709
  median: 1.1565939232638711
  min: 0.0210436963646643
  num_samples: 1330
  rmse: 68765.4850834461
  std: 68707.28447184707
trans:
  max: 46.32777615820232
  mean: 14.198828625822896
  median: 6.430060722751277
  min: 0.0
  num_samples: 1330
  rmse: 19.769241257239212
  std: 13.755586702916068
