rot:
  max: 1.4555342520128218
  mean: 1.4555342520128218
  median: 1.4555342520128218
  min: 1.4555342520128218
  num_samples: 1
  rmse: 1.4555342520128218
  std: 0.0
scale:
  max: 68765.4850834461
  mean: 68765.4850834461
  median: 68765.4850834461
  min: 68765.4850834461
  num_samples: 1
  rmse: 68765.4850834461
  std: 0.0
trans:
  max: 19.769241257239212
  mean: 19.769241257239212
  median: 19.769241257239212
  min: 19.769241257239212
  num_samples: 1
  rmse: 19.769241257239212
  std: 0.0
