rot:
  max: 17.79188871199152
  mean: 17.79188871199152
  median: 17.79188871199152
  min: 17.79188871199152
  num_samples: 1
  rmse: 17.79188871199152
  std: 0.0
scale:
  max: 3926.168759000518
  mean: 3926.168759000518
  median: 3926.168759000518
  min: 3926.168759000518
  num_samples: 1
  rmse: 3926.168759000518
  std: 0.0
trans:
  max: 271.9068291318412
  mean: 271.9068291318412
  median: 271.9068291318412
  min: 271.9068291318412
  num_samples: 1
  rmse: 271.9068291318412
  std: 0.0
