rot:
  max: 28.68313331703126
  mean: 17.097429375663317
  median: 16.47988538343417
  min: 0.0
  num_samples: 2686
  rmse: 18.752002903288783
  std: 7.701657070342452
scale:
  max: 170922.8084684605
  mean: 584.505864993139
  median: 9.244452868480069
  min: 0.09563393633019723
  num_samples: 2686
  rmse: 4851.390956655884
  std: 4816.050986867884
trans:
  max: 457.58429725306235
  mean: 277.23115661760363
  median: 344.5914211036406
  min: 0.0
  num_samples: 2686
  rmse: 311.0309125600597
  std: 141.00749756097807
