rot:
  max: 18.752002903288783
  mean: 18.752002903288783
  median: 18.752002903288783
  min: 18.752002903288783
  num_samples: 1
  rmse: 18.752002903288783
  std: 0.0
scale:
  max: 4851.390956655884
  mean: 4851.390956655884
  median: 4851.390956655884
  min: 4851.390956655884
  num_samples: 1
  rmse: 4851.390956655884
  std: 0.0
trans:
  max: 311.0309125600597
  mean: 311.0309125600597
  median: 311.0309125600597
  min: 311.0309125600597
  num_samples: 1
  rmse: 311.0309125600597
  std: 0.0
