rot:
  max: 16.470604443647556
  mean: 8.33028003910428
  median: 7.139662867087728
  min: 0.0007801794054116189
  num_samples: 1101
  rmse: 9.618442038732017
  std: 4.8084157185655325
scale:
  max: 1075.418366396347
  mean: 6.840556026209585
  median: 3.730528193548066
  min: 0.02749787140410298
  num_samples: 1101
  rmse: 42.95558988143067
  std: 42.407422644083866
trans:
  max: 202.93276693769812
  mean: 77.11662802064936
  median: 68.13117632539682
  min: 1.2476799491734092e-08
  num_samples: 1101
  rmse: 97.33608016998355
  std: 59.39139824572463
