rot:
  max: 9.444598620528769
  mean: 2.6388687837740017
  median: 3.130756860919045
  min: 0.00260916829651933
  num_samples: 535
  rmse: 3.157392517165797
  std: 1.7336375196325464
scale:
  max: 2560772.933327428
  mean: 8299.46732435479
  median: 14.9990597123419
  min: 0.005788903743964013
  num_samples: 535
  rmse: 126938.90555688032
  std: 126667.298803245
trans:
  max: 32.520892880341265
  mean: 16.00083121360916
  median: 20.376860778194313
  min: 0.0
  num_samples: 535
  rmse: 21.056204148395555
  std: 13.687115606017986
