rot:
  max: 3.157392517165797
  mean: 3.157392517165797
  median: 3.157392517165797
  min: 3.157392517165797
  num_samples: 1
  rmse: 3.157392517165797
  std: 0.0
scale:
  max: 126938.90555688032
  mean: 126938.90555688032
  median: 126938.90555688032
  min: 126938.90555688032
  num_samples: 1
  rmse: 126938.90555688032
  std: 0.0
trans:
  max: 21.056204148395555
  mean: 21.056204148395555
  median: 21.056204148395555
  min: 21.056204148395555
  num_samples: 1
  rmse: 21.056204148395555
  std: 0.0
