rot:
  max: 2.47585439364309
  mean: 1.0442442023164829
  median: 0.7105149428961695
  min: 5.109599479759417e-05
  num_samples: 1330
  rmse: 1.3025336139141317
  std: 0.7785549828397613
scale:
  max: 2176276.0445006993
  mean: 2828.132755478816
  median: 1.1823789939071072
  min: 0.026849355136193687
  num_samples: 1330
  rmse: 68765.49270230398
  std: 68707.31148653691
trans:
  max: 42.12951821192831
  mean: 13.464178304832515
  median: 6.342259688365105
  min: 0.0
  num_samples: 1330
  rmse: 18.412852724079613
  std: 12.559818789071896
