rot:
  max: 1.3025336139141317
  mean: 1.3025336139141317
  median: 1.3025336139141317
  min: 1.3025336139141317
  num_samples: 1
  rmse: 1.3025336139141317
  std: 0.0
scale:
  max: 68765.49270230398
  mean: 68765.49270230398
  median: 68765.49270230398
  min: 68765.49270230398
  num_samples: 1
  rmse: 68765.49270230398
  std: 0.0
trans:
  max: 18.412852724079613
  mean: 18.412852724079613
  median: 18.412852724079613
  min: 18.412852724079613
  num_samples: 1
  rmse: 18.412852724079613
  std: 0.0
