rot:
  max: 14.071578432423864
  mean: 7.264029186505996
  median: 5.396430100015682
  min: 0.0
  num_samples: 792
  rmse: 8.401592135282192
  std: 4.221448849059361
scale:
  max: 3828.683140971726
  mean: 88.98210317659647
  median: 6.5531981932469785
  min: 0.1762970691551735
  num_samples: 792
  rmse: 312.7830160525122
  std: 299.8589675917258
trans:
  max: 35.719353697916155
  mean: 18.675306897058633
  median: 21.066721679628024
  min: 0.0
  num_samples: 792
  rmse: 20.972829896042636
  std: 9.544239422238634
