rot:
  max: 8.401592135282192
  mean: 8.401592135282192
  median: 8.401592135282192
  min: 8.401592135282192
  num_samples: 1
  rmse: 8.401592135282192
  std: 0.0
scale:
  max: 312.7830160525122
  mean: 312.7830160525122
  median: 312.7830160525122
  min: 312.7830160525122
  num_samples: 1
  rmse: 312.7830160525122
  std: 0.0
trans:
  max: 20.972829896042636
  mean: 20.972829896042636
  median: 20.972829896042636
  min: 20.972829896042636
  num_samples: 1
  rmse: 20.972829896042636
  std: 0.0
