rot:
  max: 178.62004806001048
  mean: 13.028864378630658
  median: 10.835572789135014
  min: 0.0020550641493873563
  num_samples: 2592
  rmse: 22.661371140130942
  std: 18.541478769343314
scale:
  max: 1227967.965611622
  mean: 575.291837915347
  median: 8.108357820332158
  min: 0.010770708661778094
  num_samples: 2592
  rmse: 24122.327669626826
  std: 24115.466644916327
trans:
  max: 282.06769496784574
  mean: 161.63988119276823
  median: 180.68905085900917
  min: 0.001228067965611622
  num_samples: 2592
  rmse: 186.38927564555166
  std: 92.80900216930038
