rot:
  max: 22.661371140130942
  mean: 22.661371140130942
  median: 22.661371140130942
  min: 22.661371140130942
  num_samples: 1
  rmse: 22.661371140130942
  std: 0.0
scale:
  max: 24122.327669626826
  mean: 24122.327669626826
  median: 24122.327669626826
  min: 24122.327669626826
  num_samples: 1
  rmse: 24122.327669626826
  std: 0.0
trans:
  max: 186.38927564555166
  mean: 186.38927564555166
  median: 186.38927564555166
  min: 186.38927564555166
  num_samples: 1
  rmse: 186.38927564555166
  std: 0.0
