rot:
  max: 4.075533661918632
  mean: 4.075533661918632
  median: 4.075533661918632
  min: 4.075533661918632
  num_samples: 1
  rmse: 4.075533661918632
  std: 0.0
scale:
  max: 399061.3579414886
  mean: 399061.3579414886
  median: 399061.3579414886
  min: 399061.3579414886
  num_samples: 1
  rmse: 399061.3579414886
  std: 0.0
trans:
  max: 53.497327341426455
  mean: 53.497327341426455
  median: 53.497327341426455
  min: 53.497327341426455
  num_samples: 1
  rmse: 53.497327341426455
  std: 0.0
