rot:
  max: 2.443983107954931
  mean: 0.2825318281545451
  median: 0.23234474463800353
  min: 0.00019827243519646392
  num_samples: 1345
  rmse: 0.37486090759354895
  std: 0.24636652800555084
scale:
  max: 4946.307136890439
  mean: 17.581164528673643
  median: 1.3265057165736005
  min: 0.021339344759441214
  num_samples: 1345
  rmse: 230.04293038952287
  std: 229.37012114923462
trans:
  max: 23.679236180709857
  mean: 10.243778787056351
  median: 8.628622351374474
  min: 0.0
  num_samples: 1345
  rmse: 12.136486667246439
  std: 6.5084026293788
