rot:
  max: 0.37486090759354895
  mean: 0.37486090759354895
  median: 0.37486090759354895
  min: 0.37486090759354895
  num_samples: 1
  rmse: 0.37486090759354895
  std: 0.0
scale:
  max: 230.04293038952287
  mean: 230.04293038952287
  median: 230.04293038952287
  min: 230.04293038952287
  num_samples: 1
  rmse: 230.04293038952287
  std: 0.0
trans:
  max: 12.136486667246439
  mean: 12.136486667246439
  median: 12.136486667246439
  min: 12.136486667246439
  num_samples: 1
  rmse: 12.136486667246439
  std: 0.0
