rot:
  max: 23.056864334791452
  mean: 15.133533097847186
  median: 16.01253629962424
  min: 1.1459155902616465e-14
  num_samples: 2095
  rmse: 16.238322198178942
  std: 5.887213584390733
scale:
  max: 95914.65674631455
  mean: 641.6394590268735
  median: 10.963887408604522
  min: 0.007176736236547132
  num_samples: 2095
  rmse: 6085.199455059611
  std: 6051.276824974832
trans:
  max: 502.0713052448702
  mean: 279.705393265902
  median: 320.0690148038329
  min: 0.0
  num_samples: 2095
  rmse: 320.3381232398679
  std: 156.145464803842
