rot:
  max: 16.238322198178942
  mean: 16.238322198178942
  median: 16.238322198178942
  min: 16.238322198178942
  num_samples: 1
  rmse: 16.238322198178942
  std: 0.0
scale:
  max: 6085.199455059611
  mean: 6085.199455059611
  median: 6085.199455059611
  min: 6085.199455059611
  num_samples: 1
  rmse: 6085.199455059611
  std: 0.0
trans:
  max: 320.3381232398679
  mean: 320.3381232398679
  median: 320.3381232398679
  min: 320.3381232398679
  num_samples: 1
  rmse: 320.3381232398679
  std: 0.0
