rot:
  max: 41.79451063628038
  mean: 24.282924012930977
  median: 35.768434989216885
  min: 0.002037169356248867
  num_samples: 772
  rmse: 29.546999906818712
  std: 16.833443048757587
scale:
  max: 151693.34504424565
  mean: 3900.6801121621816
  median: 628.3008792239567
  min: 0.014445110009120299
  num_samples: 772
  rmse: 15463.518426144467
  std: 14963.45871709786
trans:
  max: 293.1504861819249
  mean: 164.19108796852538
  median: 257.0666782489711
  min: 0.0
  num_samples: 772
  rmse: 205.99687640691778
  std: 124.40257119979042
