rot:
  max: 38.770010218680554
  mean: 21.99832339931385
  median: 32.71062761184228
  min: 0.002037169356248867
  num_samples: 772
  rmse: 27.017902519752816
  std: 15.685688514887271
scale:
  max: 127128.62184164305
  mean: 3283.604854964042
  median: 543.9802710521902
  min: 0.028723477319936297
  num_samples: 772
  rmse: 12958.363736887753
  std: 12535.434970273036
trans:
  max: 253.23132410914735
  mean: 140.18547181098762
  median: 222.58240402632146
  min: 0.0
  num_samples: 772
  rmse: 176.98201462886053
  std: 108.03086130926198
