rot:
  max: 27.017902519752816
  mean: 27.017902519752816
  median: 27.017902519752816
  min: 27.017902519752816
  num_samples: 1
  rmse: 27.017902519752816
  std: 0.0
scale:
  max: 12958.363736887753
  mean: 12958.363736887753
  median: 12958.363736887753
  min: 12958.363736887753
  num_samples: 1
  rmse: 12958.363736887753
  std: 0.0
trans:
  max: 176.98201462886053
  mean: 176.98201462886053
  median: 176.98201462886053
  min: 176.98201462886053
  num_samples: 1
  rmse: 176.98201462886053
  std: 0.0
