rot:
  max: 35.67162187547324
  mean: 19.586227392549066
  median: 17.792591025360714
  min: 0.0
  num_samples: 2686
  rmse: 21.856694778965252
  std: 9.700247583861325
scale:
  max: 216985.2935998622
  mean: 743.3282823750775
  median: 9.902544144702619
  min: 0.4889641136411216
  num_samples: 2686
  rmse: 6164.80697470555
  std: 6119.829090750779
trans:
  max: 469.98946408840413
  mean: 294.28783358261654
  median: 344.95367794359584
  min: 0.0
  num_samples: 2686
  rmse: 331.5675737158061
  std: 152.7472649347172
