rot:
  max: 21.856694778965252
  mean: 21.856694778965252
  median: 21.856694778965252
  min: 21.856694778965252
  num_samples: 1
  rmse: 21.856694778965252
  std: 0.0
scale:
  max: 6164.80697470555
  mean: 6164.80697470555
  median: 6164.80697470555
  min: 6164.80697470555
  num_samples: 1
  rmse: 6164.80697470555
  std: 0.0
trans:
  max: 331.5675737158061
  mean: 331.5675737158061
  median: 331.5675737158061
  min: 331.5675737158061
  num_samples: 1
  rmse: 331.5675737158061
  std: 0.0
