rot:
  max: 17.515889070825306
  mean: 9.000733228588645
  median: 7.2629422827591
  min: 0.0007801794054116189
  num_samples: 1101
  rmse: 10.53138590362741
  std: 5.467804897662528
scale:
  max: 958.8009266137327
  mean: 6.637671326991472
  median: 3.4502626715021245
  min: 0.012958420360997813
  num_samples: 1101
  rmse: 38.97582711498745
  std: 38.40646324060868
trans:
  max: 210.9241864900199
  mean: 81.44197850210297
  median: 74.31997484153612
  min: 1.2476799491734092e-08
  num_samples: 1101
  rmse: 102.60175357739102
  std: 62.404518865372815
