rot:
  max: 10.53138590362741
  mean: 10.53138590362741
  median: 10.53138590362741
  min: 10.53138590362741
  num_samples: 1
  rmse: 10.53138590362741
  std: 0.0
scale:
  max: 38.97582711498745
  mean: 38.97582711498745
  median: 38.97582711498745
  min: 38.97582711498745
  num_samples: 1
  rmse: 38.97582711498745
  std: 0.0
trans:
  max: 102.60175357739102
  mean: 102.60175357739102
  median: 102.60175357739102
  min: 102.60175357739102
  num_samples: 1
  rmse: 102.60175357739102
  std: 0.0
