rot:
  max: 6.8458913141248745
  mean: 2.990140157406143
  median: 3.940767427425811
  min: 0.0010292157793350173
  num_samples: 753
  rmse: 3.6550572304131896
  std: 2.102024071380464
scale:
  max: 21231.262953480484
  mean: 387.17994655067025
  median: 51.37554206890176
  min: 0.015617619685359685
  num_samples: 753
  rmse: 1684.7921399670754
  std: 1639.7000469243933
trans:
  max: 25.90328321843465
  mean: 14.361383628012142
  median: 21.409996062420372
  min: 0.0
  num_samples: 753
  rmse: 17.58717339839646
  std: 10.151814046480998
