rot:
  max: 3.6550572304131896
  mean: 3.6550572304131896
  median: 3.6550572304131896
  min: 3.6550572304131896
  num_samples: 1
  rmse: 3.6550572304131896
  std: 0.0
scale:
  max: 1684.7921399670754
  mean: 1684.7921399670754
  median: 1684.7921399670754
  min: 1684.7921399670754
  num_samples: 1
  rmse: 1684.7921399670754
  std: 0.0
trans:
  max: 17.58717339839646
  mean: 17.58717339839646
  median: 17.58717339839646
  min: 17.58717339839646
  num_samples: 1
  rmse: 17.58717339839646
  std: 0.0
