rot:
  max: 11.335642418978317
  mean: 4.691655717877281
  median: 4.597744352691248
  min: 0.0023198233863703107
  num_samples: 2095
  rmse: 4.882798866705504
  std: 1.3528087069537835
scale:
  max: 28617.60699876672
  mean: 187.3044251893958
  median: 2.4649283540858047
  min: 0.015671806560102475
  num_samples: 2095
  rmse: 1812.7431397902583
  std: 1803.0404163970131
trans:
  max: 156.8016382713005
  mean: 90.12561992166353
  median: 95.95871388662691
  min: 0.0
  num_samples: 2095
  rmse: 101.09451949787864
  std: 45.798193263957586
