rot:
  max: 9.198910388111232
  mean: 5.03571417250003
  median: 5.746393165094633
  min: 0.00016100116964099084
  num_samples: 2095
  rmse: 5.665869865409693
  std: 2.5968565814538143
scale:
  max: 30335.997959297238
  mean: 212.25427796536832
  median: 7.935290099199621
  min: 0.037218302629515865
  num_samples: 2095
  rmse: 1922.5708726064438
  std: 1910.8183800874704
trans:
  max: 233.60628638726246
  mean: 119.19786829547681
  median: 118.38557993044172
  min: 0.0
  num_samples: 2095
  rmse: 140.43606748359483
  std: 74.25737164801187
