rot:
  max: 5.665869865409693
  mean: 5.665869865409693
  median: 5.665869865409693
  min: 5.665869865409693
  num_samples: 1
  rmse: 5.665869865409693
  std: 0.0
scale:
  max: 1922.5708726064438
  mean: 1922.5708726064438
  median: 1922.5708726064438
  min: 1922.5708726064438
  num_samples: 1
  rmse: 1922.5708726064438
  std: 0.0
trans:
  max: 140.43606748359483
  mean: 140.43606748359483
  median: 140.43606748359483
  min: 140.43606748359483
  num_samples: 1
  rmse: 140.43606748359483
  std: 0.0
