rot:
  max: 11.023716852561977
  mean: 4.5050665406353465
  median: 5.393326711157415
  min: 0.00260916829651933
  num_samples: 535
  rmse: 5.038632176688495
  std: 2.2565880608583644
scale:
  max: 2560772.933327428
  mean: 8286.611150395753
  median: 20.682952910477546
  min: 0.0966814333187127
  num_samples: 535
  rmse: 126938.66716038645
  std: 126667.90160138246
trans:
  max: 30.31590131817044
  mean: 16.778103670098947
  median: 21.04504925011531
  min: 0.0
  num_samples: 535
  rmse: 20.649508592217316
  std: 12.037335350295303
