rot:
  max: 5.038632176688495
  mean: 5.038632176688495
  median: 5.038632176688495
  min: 5.038632176688495
  num_samples: 1
  rmse: 5.038632176688495
  std: 0.0
scale:
  max: 126938.66716038645
  mean: 126938.66716038645
  median: 126938.66716038645
  min: 126938.66716038645
  num_samples: 1
  rmse: 126938.66716038645
  std: 0.0
trans:
  max: 20.649508592217316
  mean: 20.649508592217316
  median: 20.649508592217316
  min: 20.649508592217316
  num_samples: 1
  rmse: 20.649508592217316
  std: 0.0
