rot:
  max: 23.030514105069738
  mean: 15.109788318947512
  median: 15.934420834614539
  min: 1.1459155902616465e-14
  num_samples: 2095
  rmse: 16.20968982254498
  std: 5.869270917219241
scale:
  max: 100057.43423864948
  mean: 669.2511250263694
  median: 10.848342210121853
  min: 0.11350059369226173
  num_samples: 2095
  rmse: 6348.1079243761105
  std: 6312.731354269539
trans:
  max: 498.7824143557094
  mean: 280.4687340325185
  median: 333.4778040776912
  min: 0.0
  num_samples: 2095
  rmse: 320.22784051029146
  std: 154.54177127262713
