rot:
  max: 16.20968982254498
  mean: 16.20968982254498
  median: 16.20968982254498
  min: 16.20968982254498
  num_samples: 1
  rmse: 16.20968982254498
  std: 0.0
scale:
  max: 6348.1079243761105
  mean: 6348.1079243761105
  median: 6348.1079243761105
  min: 6348.1079243761105
  num_samples: 1
  rmse: 6348.1079243761105
  std: 0.0
trans:
  max: 320.22784051029146
  mean: 320.22784051029146
  median: 320.22784051029146
  min: 320.22784051029146
  num_samples: 1
  rmse: 320.22784051029146
  std: 0.0
