rot:
  max: 3.8212106860943105
  mean: 1.0181750052793743
  median: 0.7150321261476575
  min: 0.0004746431245258161
  num_samples: 1101
  rmse: 1.4543105551291564
  std: 1.0384309555210791
scale:
  max: 13823.080277924504
  mean: 36.76659450291673
  median: 2.3919109281989703
  min: 0.016852420458324247
  num_samples: 1101
  rmse: 604.3765799630344
  std: 603.2572154035724
trans:
  max: 45.88191053505759
  mean: 20.84509485079479
  median: 19.773141116585222
  min: 0.0
  num_samples: 1101
  rmse: 24.555349572831105
  std: 12.978721558971257
