rot:
  max: 1.4543105551291564
  mean: 1.4543105551291564
  median: 1.4543105551291564
  min: 1.4543105551291564
  num_samples: 1
  rmse: 1.4543105551291564
  std: 0.0
scale:
  max: 604.3765799630344
  mean: 604.3765799630344
  median: 604.3765799630344
  min: 604.3765799630344
  num_samples: 1
  rmse: 604.3765799630344
  std: 0.0
trans:
  max: 24.555349572831105
  mean: 24.555349572831105
  median: 24.555349572831105
  min: 24.555349572831105
  num_samples: 1
  rmse: 24.555349572831105
  std: 0.0
