rot:
  max: 6.366944535625662
  mean: 2.7329184759516285
  median: 2.4631716849603307
  min: 0.00028484216398121505
  num_samples: 535
  rmse: 3.5065682498007904
  std: 2.19708386146574
scale:
  max: 2557282.951710896
  mean: 8080.086756978053
  median: 5.954906592250886
  min: 0.009507704457578647
  num_samples: 535
  rmse: 126338.13951822332
  std: 126079.48958861538
trans:
  max: 28.045791258440296
  mean: 13.343270046162356
  median: 17.669699114096357
  min: 0.0
  num_samples: 535
  rmse: 16.257432285671207
  std: 9.287693416471651
