rot:
  max: 3.5065682498007904
  mean: 3.5065682498007904
  median: 3.5065682498007904
  min: 3.5065682498007904
  num_samples: 1
  rmse: 3.5065682498007904
  std: 0.0
scale:
  max: 126338.13951822332
  mean: 126338.13951822332
  median: 126338.13951822332
  min: 126338.13951822332
  num_samples: 1
  rmse: 126338.13951822332
  std: 0.0
trans:
  max: 16.257432285671207
  mean: 16.257432285671207
  median: 16.257432285671207
  min: 16.257432285671207
  num_samples: 1
  rmse: 16.257432285671207
  std: 0.0
