rot:
  max: 11.37528567421123
  mean: 4.870257639178261
  median: 5.728269714263015
  min: 0.00260916829651933
  num_samples: 535
  rmse: 5.482265333535234
  std: 2.517106218519193
scale:
  max: 2560772.933327428
  mean: 8238.021607279328
  median: 10.764900575918634
  min: 0.07798575944055752
  num_samples: 535
  rmse: 126937.82946971478
  std: 126670.23150875024
trans:
  max: 28.84225805402044
  mean: 13.964263145133637
  median: 18.601034752015124
  min: 0.0
  num_samples: 535
  rmse: 16.87087873511642
  std: 9.467095864543987
