rot:
  max: 5.482265333535234
  mean: 5.482265333535234
  median: 5.482265333535234
  min: 5.482265333535234
  num_samples: 1
  rmse: 5.482265333535234
  std: 0.0
scale:
  max: 126937.82946971478
  mean: 126937.82946971478
  median: 126937.82946971478
  min: 126937.82946971478
  num_samples: 1
  rmse: 126937.82946971478
  std: 0.0
trans:
  max: 16.87087873511642
  mean: 16.87087873511642
  median: 16.87087873511642
  min: 16.87087873511642
  num_samples: 1
  rmse: 16.87087873511642
  std: 0.0
