rot:
  max: 7.475382566062999
  mean: 1.599911749459684
  median: 1.476732473080752
  min: 0.0
  num_samples: 792
  rmse: 2.0691802903227323
  std: 1.3121697557103345
scale:
  max: 95106.50138279112
  mean: 222.04820381513474
  median: 2.081515702635406
  min: 0.008034679761648178
  num_samples: 792
  rmse: 3825.6983208082693
  std: 3819.248910063035
trans:
  max: 8.339636327514873
  mean: 3.457842009956651
  median: 1.7110339992690196
  min: 0.0
  num_samples: 792
  rmse: 4.66484724215898
  std: 3.131154487861815
