rot:
  max: 2.0691802903227323
  mean: 2.0691802903227323
  median: 2.0691802903227323
  min: 2.0691802903227323
  num_samples: 1
  rmse: 2.0691802903227323
  std: 0.0
scale:
  max: 3825.6983208082693
  mean: 3825.6983208082693
  median: 3825.6983208082693
  min: 3825.6983208082693
  num_samples: 1
  rmse: 3825.6983208082693
  std: 0.0
trans:
  max: 4.66484724215898
  mean: 4.66484724215898
  median: 4.66484724215898
  min: 4.66484724215898
  num_samples: 1
  rmse: 4.66484724215898
  std: 0.0
