rot:
  max: 20.049238730538438
  mean: 10.91288965029176
  median: 8.572471870925567
  min: 0.0016653275185080497
  num_samples: 1101
  rmse: 12.323926367321063
  std: 5.7260807353465015
scale:
  max: 288.1938007680652
  mean: 7.513310825799492
  median: 3.708975803815129
  min: 0.04090782418608718
  num_samples: 1101
  rmse: 24.609001534673993
  std: 23.43401623641392
trans:
  max: 220.36419580079001
  mean: 102.88765931408008
  median: 110.85959945628619
  min: 9.29184417226616e-08
  num_samples: 1101
  rmse: 123.42618755637709
  std: 68.17736673978956
