rot:
  max: 12.323926367321063
  mean: 12.323926367321063
  median: 12.323926367321063
  min: 12.323926367321063
  num_samples: 1
  rmse: 12.323926367321063
  std: 0.0
scale:
  max: 24.609001534673993
  mean: 24.609001534673993
  median: 24.609001534673993
  min: 24.609001534673993
  num_samples: 1
  rmse: 24.609001534673993
  std: 0.0
trans:
  max: 123.42618755637709
  mean: 123.42618755637709
  median: 123.42618755637709
  min: 123.42618755637709
  num_samples: 1
  rmse: 123.42618755637709
  std: 0.0
