rot:
  max: 32.95289281167407
  mean: 19.13526727324293
  median: 18.71313297541701
  min: 0.0
  num_samples: 2686
  rmse: 21.208924930130657
  std: 9.146586416443881
scale:
  max: 191357.4631913573
  mean: 655.0597528072394
  median: 11.189197466230283
  min: 0.09249558281356762
  num_samples: 2686
  rmse: 5433.366581857907
  std: 5393.734247541531
trans:
  max: 496.93280703571685
  mean: 297.8704879104365
  median: 363.8383209655692
  min: 0.0
  num_samples: 2686
  rmse: 334.99162909003826
  std: 153.27284166608334
