rot:
  max: 21.208924930130657
  mean: 21.208924930130657
  median: 21.208924930130657
  min: 21.208924930130657
  num_samples: 1
  rmse: 21.208924930130657
  std: 0.0
scale:
  max: 5433.366581857907
  mean: 5433.366581857907
  median: 5433.366581857907
  min: 5433.366581857907
  num_samples: 1
  rmse: 5433.366581857907
  std: 0.0
trans:
  max: 334.99162909003826
  mean: 334.99162909003826
  median: 334.99162909003826
  min: 334.99162909003826
  num_samples: 1
  rmse: 334.99162909003826
  std: 0.0
