rot:
  max: 9.721318431470543
  mean: 5.343189494336519
  median: 4.672099298969689
  min: 0.0
  num_samples: 792
  rmse: 6.101928018676816
  std: 2.946837554519256
scale:
  max: 80473.5457920929
  mean: 232.15363594174286
  median: 7.29726416633969
  min: 0.04698769388373769
  num_samples: 792
  rmse: 3213.273784784939
  std: 3204.8764571048846
trans:
  max: 23.931607015753585
  mean: 13.697469332919571
  median: 15.594685688797227
  min: 0.0
  num_samples: 792
  rmse: 15.233724416308565
  std: 6.666760342607469
