rot:
  max: 6.101928018676816
  mean: 6.101928018676816
  median: 6.101928018676816
  min: 6.101928018676816
  num_samples: 1
  rmse: 6.101928018676816
  std: 0.0
scale:
  max: 3213.273784784939
  mean: 3213.273784784939
  median: 3213.273784784939
  min: 3213.273784784939
  num_samples: 1
  rmse: 3213.273784784939
  std: 0.0
trans:
  max: 15.233724416308565
  mean: 15.233724416308565
  median: 15.233724416308565
  min: 15.233724416308565
  num_samples: 1
  rmse: 15.233724416308565
  std: 0.0
