rot:
  max: 178.11342573421234
  mean: 25.629743163752625
  median: 24.40583246238645
  min: 0.007920981405998203
  num_samples: 2592
  rmse: 31.573283526534464
  std: 18.438777020372257
scale:
  max: 1227967.965611622
  mean: 624.0252781692612
  median: 27.047493279768744
  min: 0.14741855096203071
  num_samples: 2592
  rmse: 24125.0412137508
  std: 24116.969254393887
trans:
  max: 807.8632655670939
  mean: 472.87761028108997
  median: 549.1284608262049
  min: 0.001228067965611622
  num_samples: 2592
  rmse: 536.1706007758634
  std: 252.71659785458482
