rot:
  max: 31.573283526534464
  mean: 31.573283526534464
  median: 31.573283526534464
  min: 31.573283526534464
  num_samples: 1
  rmse: 31.573283526534464
  std: 0.0
scale:
  max: 24125.0412137508
  mean: 24125.0412137508
  median: 24125.0412137508
  min: 24125.0412137508
  num_samples: 1
  rmse: 24125.0412137508
  std: 0.0
trans:
  max: 536.1706007758634
  mean: 536.1706007758634
  median: 536.1706007758634
  min: 536.1706007758634
  num_samples: 1
  rmse: 536.1706007758634
  std: 0.0
