rot:
  max: 3.011554669352117
  mean: 1.0031867851822185
  median: 0.5678858149738454
  min: 5.109599479759417e-05
  num_samples: 1330
  rmse: 1.3698335517961608
  std: 0.9327701933821911
scale:
  max: 2176276.0445006993
  mean: 2824.8405376988753
  median: 1.580955142546947
  min: 0.005826369701633638
  num_samples: 1330
  rmse: 68765.48406220679
  std: 68707.43827451426
trans:
  max: 31.27581572980996
  mean: 11.40959435825674
  median: 11.681373791362073
  min: 0.0
  num_samples: 1330
  rmse: 13.30890418011687
  std: 6.851867413747022
