rot:
  max: 1.3698335517961608
  mean: 1.3698335517961608
  median: 1.3698335517961608
  min: 1.3698335517961608
  num_samples: 1
  rmse: 1.3698335517961608
  std: 0.0
scale:
  max: 68765.48406220679
  mean: 68765.48406220679
  median: 68765.48406220679
  min: 68765.48406220679
  num_samples: 1
  rmse: 68765.48406220679
  std: 0.0
trans:
  max: 13.30890418011687
  mean: 13.30890418011687
  median: 13.30890418011687
  min: 13.30890418011687
  num_samples: 1
  rmse: 13.30890418011687
  std: 0.0
