rot:
  max: 23.630630537106335
  mean: 12.776931759920883
  median: 10.633421231458783
  min: 0.00212969360678017
  num_samples: 1330
  rmse: 14.862079587988458
  std: 7.591536371646272
scale:
  max: 24519810.477114342
  mean: 30693.14925459704
  median: 6.019639311013847
  min: 0.06162644684218899
  num_samples: 1330
  rmse: 762003.5098957727
  std: 761385.1060286849
trans:
  max: 318.30460272763287
  mean: 121.28358190551458
  median: 123.28434917803402
  min: 9.938361130639345e-08
  num_samples: 1330
  rmse: 156.1748391232512
  std: 98.39142815988455
