rot:
  max: 14.862079587988458
  mean: 14.862079587988458
  median: 14.862079587988458
  min: 14.862079587988458
  num_samples: 1
  rmse: 14.862079587988458
  std: 0.0
scale:
  max: 762003.5098957727
  mean: 762003.5098957727
  median: 762003.5098957727
  min: 762003.5098957727
  num_samples: 1
  rmse: 762003.5098957727
  std: 0.0
trans:
  max: 156.1748391232512
  mean: 156.1748391232512
  median: 156.1748391232512
  min: 156.1748391232512
  num_samples: 1
  rmse: 156.1748391232512
  std: 0.0
