rot:
  max: 45.20441849188841
  mean: 25.62270004894548
  median: 38.33910780928936
  min: 0.0
  num_samples: 772
  rmse: 31.391154241169943
  std: 18.135098753375754
scale:
  max: 247052.22310249068
  mean: 3975.514592845766
  median: 435.62608993897993
  min: 0.006357256414390999
  num_samples: 772
  rmse: 17227.275631404304
  std: 16762.28831044398
trans:
  max: 289.73606036418533
  mean: 159.90025278531692
  median: 253.98099167990148
  min: 0.0
  num_samples: 772
  rmse: 201.23828370195884
  std: 122.18328849111
