rot:
  max: 31.391154241169943
  mean: 31.391154241169943
  median: 31.391154241169943
  min: 31.391154241169943
  num_samples: 1
  rmse: 31.391154241169943
  std: 0.0
scale:
  max: 17227.275631404304
  mean: 17227.275631404304
  median: 17227.275631404304
  min: 17227.275631404304
  num_samples: 1
  rmse: 17227.275631404304
  std: 0.0
trans:
  max: 201.23828370195884
  mean: 201.23828370195884
  median: 201.23828370195884
  min: 201.23828370195884
  num_samples: 1
  rmse: 201.23828370195884
  std: 0.0
