rot:
  max: 14.690012831064653
  mean: 4.743145983578773
  median: 4.95086565482642
  min: 0.0006741862031264913
  num_samples: 1330
  rmse: 5.4030704338341655
  std: 2.5876120828736022
scale:
  max: 11823396.453366015
  mean: 17078.21030608922
  median: 2.973785444722943
  min: 0.004892570311898492
  num_samples: 1330
  rmse: 399061.3586378619
  std: 398695.7520348533
trans:
  max: 116.7014245425098
  mean: 45.094806502405234
  median: 47.24230748815003
  min: 0.0
  num_samples: 1330
  rmse: 55.62992858939523
  std: 32.57525719578962
