rot:
  max: 5.4030704338341655
  mean: 5.4030704338341655
  median: 5.4030704338341655
  min: 5.4030704338341655
  num_samples: 1
  rmse: 5.4030704338341655
  std: 0.0
scale:
  max: 399061.3586378619
  mean: 399061.3586378619
  median: 399061.3586378619
  min: 399061.3586378619
  num_samples: 1
  rmse: 399061.3586378619
  std: 0.0
trans:
  max: 55.62992858939523
  mean: 55.62992858939523
  median: 55.62992858939523
  min: 55.62992858939523
  num_samples: 1
  rmse: 55.62992858939523
  std: 0.0
