rot:
  max: 10.476602414416458
  mean: 6.0962527754036095
  median: 6.40891203542512
  min: 0.00042243057245074247
  num_samples: 1330
  rmse: 6.952238356860607
  std: 3.342053301338513
scale:
  max: 23085730.07557089
  mean: 28503.952616465045
  median: 3.6365201065591046
  min: 0.031083357017880342
  num_samples: 1330
  rmse: 711844.8562547873
  std: 711273.944455747
trans:
  max: 188.6908552890302
  mean: 52.19048186998698
  median: 31.70719570986769
  min: 9.678172040897828e-08
  num_samples: 1330
  rmse: 73.4058518853267
  std: 51.61949915670513
