rot:
  max: 6.952238356860607
  mean: 6.952238356860607
  median: 6.952238356860607
  min: 6.952238356860607
  num_samples: 1
  rmse: 6.952238356860607
  std: 0.0
scale:
  max: 711844.8562547873
  mean: 711844.8562547873
  median: 711844.8562547873
  min: 711844.8562547873
  num_samples: 1
  rmse: 711844.8562547873
  std: 0.0
trans:
  max: 73.4058518853267
  mean: 73.4058518853267
  median: 73.4058518853267
  min: 73.4058518853267
  num_samples: 1
  rmse: 73.4058518853267
  std: 0.0
