rot:
  max: 15.863342717722462
  mean: 15.863342717722462
  median: 15.863342717722462
  min: 15.863342717722462
  num_samples: 1
  rmse: 15.863342717722462
  std: 0.0
scale:
  max: 6420.04101167084
  mean: 6420.04101167084
  median: 6420.04101167084
  min: 6420.04101167084
  num_samples: 1
  rmse: 6420.04101167084
  std: 0.0
trans:
  max: 335.8542684918638
  mean: 335.8542684918638
  median: 335.8542684918638
  min: 335.8542684918638
  num_samples: 1
  rmse: 335.8542684918638
  std: 0.0
