rot:
  max: 10.121763028504205
  mean: 5.510414262257786
  median: 5.6844807607218435
  min: 0.00028484216398121505
  num_samples: 535
  rmse: 6.364485420057064
  std: 3.1846521506162833
scale:
  max: 2557282.951710896
  mean: 8139.546012030895
  median: 19.375708815229643
  min: 0.03311690488871921
  num_samples: 535
  rmse: 126339.1176697878
  std: 126076.6451183506
trans:
  max: 34.1206840702873
  mean: 16.072664289400322
  median: 18.306190261248354
  min: 0.0
  num_samples: 535
  rmse: 20.463549036793285
  std: 12.665950490250582
