rot:
  max: 6.364485420057064
  mean: 6.364485420057064
  median: 6.364485420057064
  min: 6.364485420057064
  num_samples: 1
  rmse: 6.364485420057064
  std: 0.0
scale:
  max: 126339.1176697878
  mean: 126339.1176697878
  median: 126339.1176697878
  min: 126339.1176697878
  num_samples: 1
  rmse: 126339.1176697878
  std: 0.0
trans:
  max: 20.463549036793285
  mean: 20.463549036793285
  median: 20.463549036793285
  min: 20.463549036793285
  num_samples: 1
  rmse: 20.463549036793285
  std: 0.0
