rot:
  max: 13.314019078443044
  mean: 6.869113861488338
  median: 6.663828997547586
  min: 0.0011563767715691445
  num_samples: 535
  rmse: 8.014416585601369
  std: 4.128698095704151
scale:
  max: 3375844.9481039
  mean: 14678.109454696047
  median: 7.713758390243242
  min: 0.018432767272535955
  num_samples: 535
  rmse: 206149.15174237668
  std: 205625.9367563766
trans:
  max: 45.183200704286755
  mean: 21.487535648942295
  median: 24.249191015159358
  min: 4.0797911805097564e-08
  num_samples: 535
  rmse: 27.055778616869954
  std: 16.440832348166296
