rot:
  max: 8.014416585601369
  mean: 8.014416585601369
  median: 8.014416585601369
  min: 8.014416585601369
  num_samples: 1
  rmse: 8.014416585601369
  std: 0.0
scale:
  max: 206149.15174237668
  mean: 206149.15174237668
  median: 206149.15174237668
  min: 206149.15174237668
  num_samples: 1
  rmse: 206149.15174237668
  std: 0.0
trans:
  max: 27.055778616869954
  mean: 27.055778616869954
  median: 27.055778616869954
  min: 27.055778616869954
  num_samples: 1
  rmse: 27.055778616869954
  std: 0.0
