rot:
  max: 179.81360594643132
  mean: 13.17642972723344
  median: 9.279452326765945
  min: 0.0009683980216701669
  num_samples: 2592
  rmse: 26.624045345450842
  std: 23.13485444518511
scale:
  max: 1227967.965611622
  mean: 575.8019999347069
  median: 7.107759624681364
  min: 0.0001622161444947423
  num_samples: 2592
  rmse: 24122.334038719237
  std: 24115.460840142034
trans:
  max: 256.6495107984805
  mean: 153.02404062490095
  median: 172.4550247337566
  min: 0.001228067965611622
  num_samples: 2592
  rmse: 172.2657322894374
  std: 79.11463525824274
