rot:
  max: 26.624045345450842
  mean: 26.624045345450842
  median: 26.624045345450842
  min: 26.624045345450842
  num_samples: 1
  rmse: 26.624045345450842
  std: 0.0
scale:
  max: 24122.334038719237
  mean: 24122.334038719237
  median: 24122.334038719237
  min: 24122.334038719237
  num_samples: 1
  rmse: 24122.334038719237
  std: 0.0
trans:
  max: 172.2657322894374
  mean: 172.2657322894374
  median: 172.2657322894374
  min: 172.2657322894374
  num_samples: 1
  rmse: 172.2657322894374
  std: 0.0
