rot:
  max: 7.386366888464932
  mean: 2.959447877887267
  median: 2.9241009154163633
  min: 0.0
  num_samples: 772
  rmse: 3.403518579332625
  std: 1.680954186743625
scale:
  max: 74226.21621576756
  mean: 1175.5637540562614
  median: 10.762165372589362
  min: 0.00028082489111902476
  num_samples: 772
  rmse: 5255.104481563168
  std: 5121.930590343298
trans:
  max: 79.43422535815478
  mean: 49.505418170904335
  median: 76.66026631103452
  min: 0.0
  num_samples: 772
  rmse: 60.1804878066266
  std: 34.218484542238684
