rot:
  max: 3.403518579332625
  mean: 3.403518579332625
  median: 3.403518579332625
  min: 3.403518579332625
  num_samples: 1
  rmse: 3.403518579332625
  std: 0.0
scale:
  max: 5255.104481563168
  mean: 5255.104481563168
  median: 5255.104481563168
  min: 5255.104481563168
  num_samples: 1
  rmse: 5255.104481563168
  std: 0.0
trans:
  max: 60.1804878066266
  mean: 60.1804878066266
  median: 60.1804878066266
  min: 60.1804878066266
  num_samples: 1
  rmse: 60.1804878066266
  std: 0.0
