rot:
  max: 18.610116636923188
  mean: 10.281184550317738
  median: 8.522942547855973
  min: 0.0016653275185080497
  num_samples: 1101
  rmse: 11.442259853401152
  std: 5.022206168116128
scale:
  max: 288.19372804930293
  mean: 6.718210749286939
  median: 3.367517757734362
  min: 0.0052839539469662355
  num_samples: 1101
  rmse: 24.325851173100098
  std: 23.379749349040956
trans:
  max: 220.55724917748503
  mean: 96.47106245176327
  median: 96.6730416633385
  min: 9.29184417226616e-08
  num_samples: 1101
  rmse: 117.03148925282179
  std: 66.25483820945709
