rot:
  max: 11.442259853401152
  mean: 11.442259853401152
  median: 11.442259853401152
  min: 11.442259853401152
  num_samples: 1
  rmse: 11.442259853401152
  std: 0.0
scale:
  max: 24.325851173100098
  mean: 24.325851173100098
  median: 24.325851173100098
  min: 24.325851173100098
  num_samples: 1
  rmse: 24.325851173100098
  std: 0.0
trans:
  max: 117.03148925282179
  mean: 117.03148925282179
  median: 117.03148925282179
  min: 117.03148925282179
  num_samples: 1
  rmse: 117.03148925282179
  std: 0.0
