rot:
  max: 9.743082037018647
  mean: 2.631587990922434
  median: 2.4016330995160473
  min: 0.0
  num_samples: 792
  rmse: 3.092823870776873
  std: 1.6249012713639135
scale:
  max: 2570.565091294716
  mean: 60.00569335111066
  median: 4.161198318230719
  min: 0.011848670457736965
  num_samples: 792
  rmse: 222.42208237598484
  std: 214.17492732325573
trans:
  max: 17.860924446017393
  mean: 11.137347390172769
  median: 10.589331039397418
  min: 0.0
  num_samples: 792
  rmse: 12.622532741176805
  std: 5.9403557059061916
