rot:
  max: 3.092823870776873
  mean: 3.092823870776873
  median: 3.092823870776873
  min: 3.092823870776873
  num_samples: 1
  rmse: 3.092823870776873
  std: 0.0
scale:
  max: 222.42208237598484
  mean: 222.42208237598484
  median: 222.42208237598484
  min: 222.42208237598484
  num_samples: 1
  rmse: 222.42208237598484
  std: 0.0
trans:
  max: 12.622532741176805
  mean: 12.622532741176805
  median: 12.622532741176805
  min: 12.622532741176805
  num_samples: 1
  rmse: 12.622532741176805
  std: 0.0
