rot:
  max: 11.227788440109551
  mean: 1.9182333777857088
  median: 1.3590301680000039
  min: 0.0
  num_samples: 792
  rmse: 2.9455861524703355
  std: 2.235365404128333
scale:
  max: 95045.45683651343
  mean: 260.31714796343675
  median: 5.789261341958357
  min: 0.020019119133229957
  num_samples: 792
  rmse: 3827.4218396069105
  std: 3818.5590110375583
trans:
  max: 17.374124346148005
  mean: 9.928840923125417
  median: 9.195119095502768
  min: 0.0
  num_samples: 792
  rmse: 11.27692056575211
  std: 5.346686391546908
