rot:
  max: 2.9455861524703355
  mean: 2.9455861524703355
  median: 2.9455861524703355
  min: 2.9455861524703355
  num_samples: 1
  rmse: 2.9455861524703355
  std: 0.0
scale:
  max: 3827.4218396069105
  mean: 3827.4218396069105
  median: 3827.4218396069105
  min: 3827.4218396069105
  num_samples: 1
  rmse: 3827.4218396069105
  std: 0.0
trans:
  max: 11.27692056575211
  mean: 11.27692056575211
  median: 11.27692056575211
  min: 11.27692056575211
  num_samples: 1
  rmse: 11.27692056575211
  std: 0.0
