rot:
  max: 19.34865612292287
  mean: 10.957910833722977
  median: 10.07655347432633
  min: 0.00212969360678017
  num_samples: 1330
  rmse: 12.445151247609274
  std: 5.899659289827443
scale:
  max: 24519810.477114342
  mean: 30682.047132316646
  median: 6.11877060768834
  min: 0.008303477866467013
  num_samples: 1330
  rmse: 762003.486557489
  std: 761385.530141951
trans:
  max: 283.43759420723654
  mean: 110.08141216924447
  median: 119.9108756005187
  min: 9.938361130639345e-08
  num_samples: 1330
  rmse: 137.2287115010951
  std: 81.9377932035987
