rot:
  max: 12.445151247609274
  mean: 12.445151247609274
  median: 12.445151247609274
  min: 12.445151247609274
  num_samples: 1
  rmse: 12.445151247609274
  std: 0.0
scale:
  max: 762003.486557489
  mean: 762003.486557489
  median: 762003.486557489
  min: 762003.486557489
  num_samples: 1
  rmse: 762003.486557489
  std: 0.0
trans:
  max: 137.2287115010951
  mean: 137.2287115010951
  median: 137.2287115010951
  min: 137.2287115010951
  num_samples: 1
  rmse: 137.2287115010951
  std: 0.0
