rot:
  max: 9.885714951808897
  mean: 4.548189887514298
  median: 4.517018169212889
  min: 0.0023198233863703107
  num_samples: 2095
  rmse: 4.7065547913442485
  std: 1.2106307244730634
scale:
  max: 30254.35948026215
  mean: 198.74785838114127
  median: 2.885180884593508
  min: 0.11144497197890235
  num_samples: 2095
  rmse: 1916.721144927788
  std: 1906.3890568827233
trans:
  max: 164.7713481896021
  mean: 93.29234651408012
  median: 101.19478370254268
  min: 0.0
  num_samples: 2095
  rmse: 105.49159236446818
  std: 49.24443259382649
