rot:
  max: 4.7065547913442485
  mean: 4.7065547913442485
  median: 4.7065547913442485
  min: 4.7065547913442485
  num_samples: 1
  rmse: 4.7065547913442485
  std: 0.0
scale:
  max: 1916.721144927788
  mean: 1916.721144927788
  median: 1916.721144927788
  min: 1916.721144927788
  num_samples: 1
  rmse: 1916.721144927788
  std: 0.0
trans:
  max: 105.49159236446818
  mean: 105.49159236446818
  median: 105.49159236446818
  min: 105.49159236446818
  num_samples: 1
  rmse: 105.49159236446818
  std: 0.0
