rot:
  max: 19.813467643379543
  mean: 11.053546358962928
  median: 9.960919838262086
  min: 0.00212969360678017
  num_samples: 1330
  rmse: 12.597320415322047
  std: 6.042482481277631
scale:
  max: 24519810.477114342
  mean: 30679.713509174308
  median: 5.270826453509503
  min: 0.020150999071599784
  num_samples: 1330
  rmse: 762003.4836324729
  std: 761385.6212505061
trans:
  max: 277.4586527853411
  mean: 106.07181704626876
  median: 112.83955281372567
  min: 9.938361130639345e-08
  num_samples: 1330
  rmse: 133.65221498042166
  std: 81.31226351341931
