rot:
  max: 12.597320415322047
  mean: 12.597320415322047
  median: 12.597320415322047
  min: 12.597320415322047
  num_samples: 1
  rmse: 12.597320415322047
  std: 0.0
scale:
  max: 762003.4836324729
  mean: 762003.4836324729
  median: 762003.4836324729
  min: 762003.4836324729
  num_samples: 1
  rmse: 762003.4836324729
  std: 0.0
trans:
  max: 133.65221498042166
  mean: 133.65221498042166
  median: 133.65221498042166
  min: 133.65221498042166
  num_samples: 1
  rmse: 133.65221498042166
  std: 0.0
