rot:
  max: 10.706957596711991
  mean: 6.248269135919043
  median: 8.60301578870162
  min: 0.0006785081735415092
  num_samples: 535
  rmse: 7.196550582013783
  std: 3.5706404305956694
scale:
  max: 3152900.0099882293
  mean: 13579.559932803855
  median: 8.544715640236333
  min: 0.01720967489208247
  num_samples: 535
  rmse: 192945.02455469873
  std: 192466.56346608547
trans:
  max: 28.84945259123605
  mean: 12.728873442995674
  median: 15.904642502298417
  min: 3.8474106316268337e-08
  num_samples: 535
  rmse: 15.936304197659917
  std: 9.588616811227388
