rot:
  max: 7.196550582013783
  mean: 7.196550582013783
  median: 7.196550582013783
  min: 7.196550582013783
  num_samples: 1
  rmse: 7.196550582013783
  std: 0.0
scale:
  max: 192945.02455469873
  mean: 192945.02455469873
  median: 192945.02455469873
  min: 192945.02455469873
  num_samples: 1
  rmse: 192945.02455469873
  std: 0.0
trans:
  max: 15.936304197659917
  mean: 15.936304197659917
  median: 15.936304197659917
  min: 15.936304197659917
  num_samples: 1
  rmse: 15.936304197659917
  std: 0.0
