rot:
  max: 179.97882970575807
  mean: 96.68709286061267
  median: 145.87934506407532
  min: 0.0
  num_samples: 772
  rmse: 123.52533056627486
  std: 76.8772616946698
scale:
  max: 234983.19446927524
  mean: 5955.921319710482
  median: 847.9162781962389
  min: 0.14970585238216483
  num_samples: 772
  rmse: 23987.67126684219
  std: 23236.509506367445
trans:
  max: 482.5636051821967
  mean: 239.72945351743576
  median: 367.29514759836695
  min: 0.0
  num_samples: 772
  rmse: 306.98560539045405
  std: 191.7549244039776
