rot:
  max: 24.51398282526024
  mean: 13.044414509021646
  median: 14.46282527229721
  min: 0.0
  num_samples: 772
  rmse: 15.59648042288684
  std: 8.549470843176083
scale:
  max: 24654.37116952519
  mean: 609.5627464245647
  median: 59.15797161895408
  min: 0.03758512700948735
  num_samples: 772
  rmse: 2493.5878913753695
  std: 2417.935861470524
trans:
  max: 50.94367167594989
  mean: 26.710194624897664
  median: 34.76531408685439
  min: 0.0
  num_samples: 772
  rmse: 31.4497504390967
  std: 16.602780061831545
