rot:
  max: 15.59648042288684
  mean: 15.59648042288684
  median: 15.59648042288684
  min: 15.59648042288684
  num_samples: 1
  rmse: 15.59648042288684
  std: 0.0
scale:
  max: 2493.5878913753695
  mean: 2493.5878913753695
  median: 2493.5878913753695
  min: 2493.5878913753695
  num_samples: 1
  rmse: 2493.5878913753695
  std: 0.0
trans:
  max: 31.4497504390967
  mean: 31.4497504390967
  median: 31.4497504390967
  min: 31.4497504390967
  num_samples: 1
  rmse: 31.4497504390967
  std: 0.0
