rot:
  max: 6.142097600926011
  mean: 6.142097600926011
  median: 6.142097600926011
  min: 6.142097600926011
  num_samples: 1
  rmse: 6.142097600926011
  std: 0.0
scale:
  max: 260.67278057077317
  mean: 260.67278057077317
  median: 260.67278057077317
  min: 260.67278057077317
  num_samples: 1
  rmse: 260.67278057077317
  std: 0.0
trans:
  max: 15.873221040499846
  mean: 15.873221040499846
  median: 15.873221040499846
  min: 15.873221040499846
  num_samples: 1
  rmse: 15.873221040499846
  std: 0.0
