rot:
  max: 26.705911603369845
  mean: 15.378134512663108
  median: 22.119357967251602
  min: 0.00014039785329892146
  num_samples: 772
  rmse: 18.316879351639734
  std: 9.950932021321714
scale:
  max: 183109.80711966686
  mean: 3259.048483106214
  median: 442.45854156236794
  min: 0.0018875466506695915
  num_samples: 772
  rmse: 13689.291910841826
  std: 13295.68787257743
trans:
  max: 203.69351696979146
  mean: 116.81921767643708
  median: 181.14089707642856
  min: 0.0
  num_samples: 772
  rmse: 144.93089541761393
  std: 85.78015404519023
