rot:
  max: 18.316879351639734
  mean: 18.316879351639734
  median: 18.316879351639734
  min: 18.316879351639734
  num_samples: 1
  rmse: 18.316879351639734
  std: 0.0
scale:
  max: 13689.291910841826
  mean: 13689.291910841826
  median: 13689.291910841826
  min: 13689.291910841826
  num_samples: 1
  rmse: 13689.291910841826
  std: 0.0
trans:
  max: 144.93089541761393
  mean: 144.93089541761393
  median: 144.93089541761393
  min: 144.93089541761393
  num_samples: 1
  rmse: 144.93089541761393
  std: 0.0
