rot:
  max: 6.14520219241043
  mean: 2.6891548510491403
  median: 2.9452652935522665
  min: 0.00032952400690080326
  num_samples: 535
  rmse: 3.429000562775077
  std: 2.127555180621802
scale:
  max: 2413841.8271348034
  mean: 7686.050135619741
  median: 6.231837268938167
  min: 0.07538391928822996
  num_samples: 535
  rmse: 120121.11013935863
  std: 119874.95874628972
trans:
  max: 24.732683936587417
  mean: 8.76890012739323
  median: 8.522902371546493
  min: 0.0
  num_samples: 535
  rmse: 11.225764946858684
  std: 7.008865043494854
