rot:
  max: 3.429000562775077
  mean: 3.429000562775077
  median: 3.429000562775077
  min: 3.429000562775077
  num_samples: 1
  rmse: 3.429000562775077
  std: 0.0
scale:
  max: 120121.11013935863
  mean: 120121.11013935863
  median: 120121.11013935863
  min: 120121.11013935863
  num_samples: 1
  rmse: 120121.11013935863
  std: 0.0
trans:
  max: 11.225764946858684
  mean: 11.225764946858684
  median: 11.225764946858684
  min: 11.225764946858684
  num_samples: 1
  rmse: 11.225764946858684
  std: 0.0
