rot:
  max: 28.07405494337428
  mean: 17.439662623228326
  median: 17.748804347014996
  min: 0.0
  num_samples: 2686
  rmse: 19.327469036258616
  std: 8.331220014830265
scale:
  max: 176906.97063714024
  mean: 560.1691042873531
  median: 10.410907607392815
  min: 0.081781322111385
  num_samples: 2686
  rmse: 4811.435276123778
  std: 4778.715307583221
trans:
  max: 456.1757889826525
  mean: 268.75315506917656
  median: 330.20163244699
  min: 0.0
  num_samples: 2686
  rmse: 300.8109360271363
  std: 135.12572247312875
