rot:
  max: 140.40617353690413
  mean: 70.52714616368654
  median: 68.52715399383096
  min: 0.0
  num_samples: 2111
  rmse: 81.43486477125956
  std: 40.71312877094222
scale:
  max: 25502822.39659489
  mean: 25185.821314364694
  median: 47.36403593035676
  min: 0.08406617042238107
  num_samples: 2111
  rmse: 671212.8931090256
  std: 670740.2047592712
trans:
  max: 2338.054194246636
  mean: 1278.4771048985792
  median: 1609.9269915791645
  min: 0.0
  num_samples: 2111
  rmse: 1519.380044866281
  std: 820.982346331521
