rot:
  max: 81.43486477125956
  mean: 81.43486477125956
  median: 81.43486477125956
  min: 81.43486477125956
  num_samples: 1
  rmse: 81.43486477125956
  std: 0.0
scale:
  max: 671212.8931090256
  mean: 671212.8931090256
  median: 671212.8931090256
  min: 671212.8931090256
  num_samples: 1
  rmse: 671212.8931090256
  std: 0.0
trans:
  max: 1519.380044866281
  mean: 1519.380044866281
  median: 1519.380044866281
  min: 1519.380044866281
  num_samples: 1
  rmse: 1519.380044866281
  std: 0.0
