rot:
  max: 10.50781512701633
  mean: 10.50781512701633
  median: 10.50781512701633
  min: 10.50781512701633
  num_samples: 1
  rmse: 10.50781512701633
  std: 0.0
scale:
  max: 711844.8625146998
  mean: 711844.8625146998
  median: 711844.8625146998
  min: 711844.8625146998
  num_samples: 1
  rmse: 711844.8625146998
  std: 0.0
trans:
  max: 102.18591516207859
  mean: 102.18591516207859
  median: 102.18591516207859
  min: 102.18591516207859
  num_samples: 1
  rmse: 102.18591516207859
  std: 0.0
