rot:
  max: 5.706378345311464
  mean: 3.133539827934203
  median: 3.2153860139589585
  min: 0.0004746431245258161
  num_samples: 1101
  rmse: 3.485622765751032
  std: 1.5265956281451747
scale:
  max: 13823.080277924504
  mean: 36.99533725562597
  median: 2.789742135349793
  min: 0.004736566738094972
  num_samples: 1101
  rmse: 604.3776146371366
  std: 603.244267354293
trans:
  max: 103.25646204676872
  mean: 40.68627261073271
  median: 30.184128406792233
  min: 0.0
  num_samples: 1101
  rmse: 52.10378082834141
  std: 32.54890470742415
