rot:
  max: 3.485622765751032
  mean: 3.485622765751032
  median: 3.485622765751032
  min: 3.485622765751032
  num_samples: 1
  rmse: 3.485622765751032
  std: 0.0
scale:
  max: 604.3776146371366
  mean: 604.3776146371366
  median: 604.3776146371366
  min: 604.3776146371366
  num_samples: 1
  rmse: 604.3776146371366
  std: 0.0
trans:
  max: 52.10378082834141
  mean: 52.10378082834141
  median: 52.10378082834141
  min: 52.10378082834141
  num_samples: 1
  rmse: 52.10378082834141
  std: 0.0
