rot:
  max: 9.777516813458096
  mean: 2.380093783566321
  median: 1.8482554525162862
  min: 0.0
  num_samples: 792
  rmse: 2.977244870079168
  std: 1.7886141556640087
scale:
  max: 2219.9494163394884
  mean: 53.42833043731617
  median: 5.645395526280805
  min: 0.008892553181727436
  num_samples: 792
  rmse: 195.6574522364903
  std: 188.22128498752588
trans:
  max: 15.698622756819534
  mean: 8.993590246145562
  median: 8.713417048239409
  min: 0.0
  num_samples: 792
  rmse: 10.159781657413637
  std: 4.72615042193475
