rot:
  max: 2.977244870079168
  mean: 2.977244870079168
  median: 2.977244870079168
  min: 2.977244870079168
  num_samples: 1
  rmse: 2.977244870079168
  std: 0.0
scale:
  max: 195.6574522364903
  mean: 195.6574522364903
  median: 195.6574522364903
  min: 195.6574522364903
  num_samples: 1
  rmse: 195.6574522364903
  std: 0.0
trans:
  max: 10.159781657413637
  mean: 10.159781657413637
  median: 10.159781657413637
  min: 10.159781657413637
  num_samples: 1
  rmse: 10.159781657413637
  std: 0.0
