rot:
  max: 52.24985863636422
  mean: 33.35519978656382
  median: 35.74058094685875
  min: 0.0
  num_samples: 2686
  rmse: 36.379224076511136
  std: 14.521659395792911
scale:
  max: 192319.13168135955
  mean: 670.0439687034052
  median: 19.942676671829783
  min: 0.17408101021576528
  num_samples: 2686
  rmse: 5463.247150370551
  std: 5422.002444303778
trans:
  max: 868.9590611941595
  mean: 517.7795226881395
  median: 559.2178136224132
  min: 0.0
  num_samples: 2686
  rmse: 583.2226136981243
  std: 268.4268671607109
