rot:
  max: 36.379224076511136
  mean: 36.379224076511136
  median: 36.379224076511136
  min: 36.379224076511136
  num_samples: 1
  rmse: 36.379224076511136
  std: 0.0
scale:
  max: 5463.247150370551
  mean: 5463.247150370551
  median: 5463.247150370551
  min: 5463.247150370551
  num_samples: 1
  rmse: 5463.247150370551
  std: 0.0
trans:
  max: 583.2226136981243
  mean: 583.2226136981243
  median: 583.2226136981243
  min: 583.2226136981243
  num_samples: 1
  rmse: 583.2226136981243
  std: 0.0
