rot:
  max: 10.838026524090072
  mean: 6.35716160840512
  median: 7.697973398773631
  min: 0.0006785081735415092
  num_samples: 535
  rmse: 7.453247497052831
  std: 3.890680472223889
scale:
  max: 3152942.3655458493
  mean: 13612.104158678974
  median: 8.463966480665908
  min: 0.011687527272885578
  num_samples: 535
  rmse: 192947.00893961484
  std: 192466.25387095026
trans:
  max: 36.45934226273219
  mean: 14.806319158282346
  median: 14.638924827301254
  min: 3.8474106316268337e-08
  num_samples: 535
  rmse: 19.173846132389794
  std: 12.182335100121005
