rot:
  max: 7.453247497052831
  mean: 7.453247497052831
  median: 7.453247497052831
  min: 7.453247497052831
  num_samples: 1
  rmse: 7.453247497052831
  std: 0.0
scale:
  max: 192947.00893961484
  mean: 192947.00893961484
  median: 192947.00893961484
  min: 192947.00893961484
  num_samples: 1
  rmse: 192947.00893961484
  std: 0.0
trans:
  max: 19.173846132389794
  mean: 19.173846132389794
  median: 19.173846132389794
  min: 19.173846132389794
  num_samples: 1
  rmse: 19.173846132389794
  std: 0.0
