rot:
  max: 4.786969718155029
  mean: 2.0329167992444472
  median: 0.6041577775028982
  min: 0.000285524727886878
  num_samples: 550
  rmse: 2.787981405502608
  std: 1.9079018855218968
scale:
  max: 11058.426937442584
  mean: 234.93667767564972
  median: 8.354414615824691
  min: 0.009107257911000755
  num_samples: 550
  rmse: 1188.9137446006414
  std: 1165.4701410087891
trans:
  max: 19.249620148440332
  mean: 7.426328086900966
  median: 3.4397032190054766
  min: 3.8837905883431656e-07
  num_samples: 550
  rmse: 10.348675550460198
  std: 7.207269718443907
