rot:
  max: 2.787981405502608
  mean: 2.787981405502608
  median: 2.787981405502608
  min: 2.787981405502608
  num_samples: 1
  rmse: 2.787981405502608
  std: 0.0
scale:
  max: 1188.9137446006414
  mean: 1188.9137446006414
  median: 1188.9137446006414
  min: 1188.9137446006414
  num_samples: 1
  rmse: 1188.9137446006414
  std: 0.0
trans:
  max: 10.348675550460198
  mean: 10.348675550460198
  median: 10.348675550460198
  min: 10.348675550460198
  num_samples: 1
  rmse: 10.348675550460198
  std: 0.0
