rot:
  max: 9.389282515585945
  mean: 5.071287199710888
  median: 4.423774346369029
  min: 0.0
  num_samples: 792
  rmse: 5.830892132124405
  std: 2.8777333431919647
scale:
  max: 75199.26763419207
  mean: 218.23503818817625
  median: 5.7200209691079635
  min: 0.048371227418853024
  num_samples: 792
  rmse: 3030.582284643401
  std: 3022.7144178869135
trans:
  max: 24.951287619361118
  mean: 12.928429717870769
  median: 14.70524440621709
  min: 0.0
  num_samples: 792
  rmse: 14.565221217261351
  std: 6.70830635390455
