rot:
  max: 5.830892132124405
  mean: 5.830892132124405
  median: 5.830892132124405
  min: 5.830892132124405
  num_samples: 1
  rmse: 5.830892132124405
  std: 0.0
scale:
  max: 3030.582284643401
  mean: 3030.582284643401
  median: 3030.582284643401
  min: 3030.582284643401
  num_samples: 1
  rmse: 3030.582284643401
  std: 0.0
trans:
  max: 14.565221217261351
  mean: 14.565221217261351
  median: 14.565221217261351
  min: 14.565221217261351
  num_samples: 1
  rmse: 14.565221217261351
  std: 0.0
