rot:
  max: 18.325649072402687
  mean: 10.418021708085554
  median: 8.72730942573862
  min: 0.0016653275185080497
  num_samples: 1101
  rmse: 11.582560753208437
  std: 5.061673368721312
scale:
  max: 288.19372804930293
  mean: 7.259412586460332
  median: 3.592624229070829
  min: 0.028281728316104093
  num_samples: 1101
  rmse: 24.5135842398411
  std: 23.414028726029347
trans:
  max: 219.45359463158877
  mean: 106.46862687039246
  median: 121.18105940611142
  min: 9.29184417226616e-08
  num_samples: 1101
  rmse: 126.95431369911738
  std: 69.15077193457098
