rot:
  max: 11.582560753208437
  mean: 11.582560753208437
  median: 11.582560753208437
  min: 11.582560753208437
  num_samples: 1
  rmse: 11.582560753208437
  std: 0.0
scale:
  max: 24.5135842398411
  mean: 24.5135842398411
  median: 24.5135842398411
  min: 24.5135842398411
  num_samples: 1
  rmse: 24.5135842398411
  std: 0.0
trans:
  max: 126.95431369911738
  mean: 126.95431369911738
  median: 126.95431369911738
  min: 126.95431369911738
  num_samples: 1
  rmse: 126.95431369911738
  std: 0.0
