rot:
  max: 13.822011808747098
  mean: 3.5053911908142568
  median: 3.294809117837257
  min: 0.0005860310670338717
  num_samples: 1101
  rmse: 3.9454444201121883
  std: 1.8107358370442141
scale:
  max: 207.1064938989565
  mean: 4.056402796619606
  median: 2.1449150367257808
  min: 0.014783171127330519
  num_samples: 1101
  rmse: 14.480073672514512
  std: 13.900292439838259
trans:
  max: 108.11317381783321
  mean: 53.638166186166465
  median: 54.218230154978386
  min: 0.0
  num_samples: 1101
  rmse: 63.453734341611046
  std: 33.90167444361615
