rot:
  max: 3.9454444201121883
  mean: 3.9454444201121883
  median: 3.9454444201121883
  min: 3.9454444201121883
  num_samples: 1
  rmse: 3.9454444201121883
  std: 0.0
scale:
  max: 14.480073672514512
  mean: 14.480073672514512
  median: 14.480073672514512
  min: 14.480073672514512
  num_samples: 1
  rmse: 14.480073672514512
  std: 0.0
trans:
  max: 63.453734341611046
  mean: 63.453734341611046
  median: 63.453734341611046
  min: 63.453734341611046
  num_samples: 1
  rmse: 63.453734341611046
  std: 0.0
