rot:
  max: 14.353254639351361
  mean: 3.2994783771295983
  median: 3.127030149241244
  min: 0.0006741862031264913
  num_samples: 1330
  rmse: 3.817210613251669
  std: 1.9195153827920766
scale:
  max: 11823396.453366015
  mean: 17080.41688692351
  median: 1.6047215917068591
  min: 0.007054414918283847
  num_samples: 1330
  rmse: 399061.36386447167
  std: 398695.6627408194
trans:
  max: 87.1524943218752
  mean: 42.8157499085127
  median: 42.48542566938103
  min: 0.0
  num_samples: 1330
  rmse: 53.39273417597091
  std: 31.899774647442047
