rot:
  max: 3.817210613251669
  mean: 3.817210613251669
  median: 3.817210613251669
  min: 3.817210613251669
  num_samples: 1
  rmse: 3.817210613251669
  std: 0.0
scale:
  max: 399061.36386447167
  mean: 399061.36386447167
  median: 399061.36386447167
  min: 399061.36386447167
  num_samples: 1
  rmse: 399061.36386447167
  std: 0.0
trans:
  max: 53.39273417597091
  mean: 53.39273417597091
  median: 53.39273417597091
  min: 53.39273417597091
  num_samples: 1
  rmse: 53.39273417597091
  std: 0.0
