rot:
  max: 11.189163610065803
  mean: 7.183564952664162
  median: 9.527405195184635
  min: 0.00014039785329892146
  num_samples: 772
  rmse: 8.166893663669581
  std: 3.8851700972468985
scale:
  max: 82179.4422051431
  mean: 572.450200881596
  median: 32.406699078765506
  min: 0.03498936390848861
  num_samples: 772
  rmse: 5215.978880048621
  std: 5184.470700527093
trans:
  max: 24.45746120190226
  mean: 13.390875801524368
  median: 16.54474001827179
  min: 0.0
  num_samples: 772
  rmse: 14.979011474569418
  std: 6.712319273055431
