rot:
  max: 8.166893663669581
  mean: 8.166893663669581
  median: 8.166893663669581
  min: 8.166893663669581
  num_samples: 1
  rmse: 8.166893663669581
  std: 0.0
scale:
  max: 5215.978880048621
  mean: 5215.978880048621
  median: 5215.978880048621
  min: 5215.978880048621
  num_samples: 1
  rmse: 5215.978880048621
  std: 0.0
trans:
  max: 14.979011474569418
  mean: 14.979011474569418
  median: 14.979011474569418
  min: 14.979011474569418
  num_samples: 1
  rmse: 14.979011474569418
  std: 0.0
