rot:
  max: 11.02584282954649
  mean: 4.314402824139165
  median: 5.285210054953897
  min: 0.00260916829651933
  num_samples: 535
  rmse: 4.819477337215301
  std: 2.1478570890522213
scale:
  max: 2560773.380860919
  mean: 8263.426092508591
  median: 16.20057040039118
  min: 0.09666782803441354
  num_samples: 535
  rmse: 126938.24711729189
  std: 126668.9953004456
trans:
  max: 26.406176162713262
  mean: 15.04945137987511
  median: 19.36758642742282
  min: 0.0
  num_samples: 535
  rmse: 18.3473659904401
  std: 10.494753544125428
