rot:
  max: 4.819477337215301
  mean: 4.819477337215301
  median: 4.819477337215301
  min: 4.819477337215301
  num_samples: 1
  rmse: 4.819477337215301
  std: 0.0
scale:
  max: 126938.24711729189
  mean: 126938.24711729189
  median: 126938.24711729189
  min: 126938.24711729189
  num_samples: 1
  rmse: 126938.24711729189
  std: 0.0
trans:
  max: 18.3473659904401
  mean: 18.3473659904401
  median: 18.3473659904401
  min: 18.3473659904401
  num_samples: 1
  rmse: 18.3473659904401
  std: 0.0
