rot:
  max: 178.56672009621974
  mean: 12.085901345235978
  median: 9.112508009445492
  min: 0.03371887288229111
  num_samples: 2592
  rmse: 19.62090190102566
  std: 15.456738986050567
scale:
  max: 1227981.1363360449
  mean: 580.9042373862658
  median: 7.994843969408794
  min: 0.1958077083870413
  num_samples: 2592
  rmse: 24122.937412768846
  std: 24115.942023635514
trans:
  max: 287.0631687163166
  mean: 204.01963991535695
  median: 238.6399574248133
  min: 0.001228081136336045
  num_samples: 2592
  rmse: 219.6221238127401
  std: 81.30106885414622
