rot:
  max: 19.62090190102566
  mean: 19.62090190102566
  median: 19.62090190102566
  min: 19.62090190102566
  num_samples: 1
  rmse: 19.62090190102566
  std: 0.0
scale:
  max: 24122.937412768846
  mean: 24122.937412768846
  median: 24122.937412768846
  min: 24122.937412768846
  num_samples: 1
  rmse: 24122.937412768846
  std: 0.0
trans:
  max: 219.6221238127401
  mean: 219.6221238127401
  median: 219.6221238127401
  min: 219.6221238127401
  num_samples: 1
  rmse: 219.6221238127401
  std: 0.0
