rot:
  max: 2.3400716248932882
  mean: 1.0928660285655036
  median: 0.9852602647763155
  min: 0.0
  num_samples: 788
  rmse: 1.213886839630362
  std: 0.5283607697731278
scale:
  max: 5539.169721498669
  mean: 82.7230746151809
  median: 4.000393770983656
  min: 0.0003172619682301203
  num_samples: 788
  rmse: 385.5714573779528
  std: 376.59293895500707
trans:
  max: 5.893633488889293
  mean: 3.2110826294017403
  median: 3.4474353047444004
  min: 0.0
  num_samples: 788
  rmse: 3.6734210458649947
  std: 1.7840881501086983
