rot:
  max: 1.213886839630362
  mean: 1.213886839630362
  median: 1.213886839630362
  min: 1.213886839630362
  num_samples: 1
  rmse: 1.213886839630362
  std: 0.0
scale:
  max: 385.5714573779528
  mean: 385.5714573779528
  median: 385.5714573779528
  min: 385.5714573779528
  num_samples: 1
  rmse: 385.5714573779528
  std: 0.0
trans:
  max: 3.6734210458649947
  mean: 3.6734210458649947
  median: 3.6734210458649947
  min: 3.6734210458649947
  num_samples: 1
  rmse: 3.6734210458649947
  std: 0.0
