rot:
  max: 3.0291886103754013
  mean: 3.0291886103754013
  median: 3.0291886103754013
  min: 3.0291886103754013
  num_samples: 1
  rmse: 3.0291886103754013
  std: 0.0
scale:
  max: 216.382736718987
  mean: 216.382736718987
  median: 216.382736718987
  min: 216.382736718987
  num_samples: 1
  rmse: 216.382736718987
  std: 0.0
trans:
  max: 12.272284417338469
  mean: 12.272284417338469
  median: 12.272284417338469
  min: 12.272284417338469
  num_samples: 1
  rmse: 12.272284417338469
  std: 0.0
