rot:
  max: 11.6781243190506
  mean: 6.2023287195146
  median: 5.727607865813026
  min: 0.0
  num_samples: 772
  rmse: 7.149830088183206
  std: 3.556850959061154
scale:
  max: 24634.722806107526
  mean: 471.6488163161045
  median: 46.7163396328929
  min: 0.04737888752448516
  num_samples: 772
  rmse: 2265.377037636785
  std: 2215.7347577541027
trans:
  max: 27.395893877964127
  mean: 16.019094127728472
  median: 21.18438684512595
  min: 0.0
  num_samples: 772
  rmse: 18.15603788182698
  std: 8.545778776291339
