rot:
  max: 7.149830088183206
  mean: 7.149830088183206
  median: 7.149830088183206
  min: 7.149830088183206
  num_samples: 1
  rmse: 7.149830088183206
  std: 0.0
scale:
  max: 2265.377037636785
  mean: 2265.377037636785
  median: 2265.377037636785
  min: 2265.377037636785
  num_samples: 1
  rmse: 2265.377037636785
  std: 0.0
trans:
  max: 18.15603788182698
  mean: 18.15603788182698
  median: 18.15603788182698
  min: 18.15603788182698
  num_samples: 1
  rmse: 18.15603788182698
  std: 0.0
