rot:
  max: 10.984048669143178
  mean: 5.900777378892065
  median: 4.929925081031703
  min: 0.0
  num_samples: 792
  rmse: 6.643826171462016
  std: 3.053072636109289
scale:
  max: 3750.709068029125
  mean: 86.26303257828978
  median: 7.051530198288958
  min: 0.048819368372288174
  num_samples: 792
  rmse: 307.28250370839066
  std: 294.92579794872813
trans:
  max: 30.940127731123535
  mean: 17.366692038459735
  median: 19.532619132350902
  min: 0.0
  num_samples: 792
  rmse: 19.43247655915239
  std: 8.71889630992974
