rot:
  max: 6.643826171462016
  mean: 6.643826171462016
  median: 6.643826171462016
  min: 6.643826171462016
  num_samples: 1
  rmse: 6.643826171462016
  std: 0.0
scale:
  max: 307.28250370839066
  mean: 307.28250370839066
  median: 307.28250370839066
  min: 307.28250370839066
  num_samples: 1
  rmse: 307.28250370839066
  std: 0.0
trans:
  max: 19.43247655915239
  mean: 19.43247655915239
  median: 19.43247655915239
  min: 19.43247655915239
  num_samples: 1
  rmse: 19.43247655915239
  std: 0.0
