rot:
  max: 9.223075980320052
  mean: 2.076049816808936
  median: 1.8698494230385443
  min: 0.0021542303644432963
  num_samples: 516
  rmse: 2.388086426921414
  std: 1.180243170102615
scale:
  max: 2625.3689022415438
  mean: 55.459719988719385
  median: 3.7847690500960374
  min: 0.005783202400477805
  num_samples: 516
  rmse: 226.8273973241654
  std: 219.94291903952632
trans:
  max: 10.706223611587607
  mean: 5.270302799748836
  median: 5.092249693580498
  min: 0.0
  num_samples: 516
  rmse: 6.579434596419162
  std: 3.938637836551738
