rot:
  max: 2.388086426921414
  mean: 2.388086426921414
  median: 2.388086426921414
  min: 2.388086426921414
  num_samples: 1
  rmse: 2.388086426921414
  std: 0.0
scale:
  max: 226.8273973241654
  mean: 226.8273973241654
  median: 226.8273973241654
  min: 226.8273973241654
  num_samples: 1
  rmse: 226.8273973241654
  std: 0.0
trans:
  max: 6.579434596419162
  mean: 6.579434596419162
  median: 6.579434596419162
  min: 6.579434596419162
  num_samples: 1
  rmse: 6.579434596419162
  std: 0.0
