rot:
  max: 25.08000898674656
  mean: 14.614457761786264
  median: 14.09309849119167
  min: 0.0
  num_samples: 2686
  rmse: 16.29925467291211
  std: 7.21687794142401
scale:
  max: 143757.639122958
  mean: 454.10810739584
  median: 6.981804720378248
  min: 0.11164671963309614
  num_samples: 2686
  rmse: 3908.2815935792855
  std: 3881.8102531561235
trans:
  max: 354.8786754036557
  mean: 213.25565163924992
  median: 260.2241307424526
  min: 0.0
  num_samples: 2686
  rmse: 236.69711132441856
  std: 102.70126363995271
