rot:
  max: 16.29925467291211
  mean: 16.29925467291211
  median: 16.29925467291211
  min: 16.29925467291211
  num_samples: 1
  rmse: 16.29925467291211
  std: 0.0
scale:
  max: 3908.2815935792855
  mean: 3908.2815935792855
  median: 3908.2815935792855
  min: 3908.2815935792855
  num_samples: 1
  rmse: 3908.2815935792855
  std: 0.0
trans:
  max: 236.69711132441856
  mean: 236.69711132441856
  median: 236.69711132441856
  min: 236.69711132441856
  num_samples: 1
  rmse: 236.69711132441856
  std: 0.0
