rot:
  max: 20.540200889276974
  mean: 12.841432453658669
  median: 14.301147561156345
  min: 1.1459155902616465e-14
  num_samples: 2095
  rmse: 13.627493729590112
  std: 4.5613811382233544
scale:
  max: 62717.48860524173
  mean: 421.58868179234753
  median: 10.246600118112092
  min: 0.009555800151295202
  num_samples: 2095
  rmse: 3978.150743454435
  std: 3955.748515898308
trans:
  max: 482.62060120094486
  mean: 256.66750657275276
  median: 256.5921081908641
  min: 0.0
  num_samples: 2095
  rmse: 297.1428015233192
  std: 149.71852112164535
