rot:
  max: 13.627493729590112
  mean: 13.627493729590112
  median: 13.627493729590112
  min: 13.627493729590112
  num_samples: 1
  rmse: 13.627493729590112
  std: 0.0
scale:
  max: 3978.150743454435
  mean: 3978.150743454435
  median: 3978.150743454435
  min: 3978.150743454435
  num_samples: 1
  rmse: 3978.150743454435
  std: 0.0
trans:
  max: 297.1428015233192
  mean: 297.1428015233192
  median: 297.1428015233192
  min: 297.1428015233192
  num_samples: 1
  rmse: 297.1428015233192
  std: 0.0
