rot:
  max: 1.6440328154212849
  mean: 0.49644864154951646
  median: 0.2562719017264365
  min: 0.0004746431245258161
  num_samples: 1101
  rmse: 0.6759907032218966
  std: 0.45880516251026865
scale:
  max: 13823.080277924504
  mean: 35.78314723094617
  median: 1.288056718973607
  min: 0.07233420073486929
  num_samples: 1101
  rmse: 604.3732595854681
  std: 603.3130226310484
trans:
  max: 22.361167646292298
  mean: 12.580871134575416
  median: 13.509534779654388
  min: 0.0
  num_samples: 1101
  rmse: 14.684605953813286
  std: 7.573594490991428
