rot:
  max: 6.96256538984966
  mean: 3.0195538338361967
  median: 2.7457431313924987
  min: 0.0004746431245258161
  num_samples: 1101
  rmse: 3.639415597235367
  std: 2.0316595516880254
scale:
  max: 13823.167543472948
  mean: 36.666497476934275
  median: 2.5872856759411977
  min: 0.0030206109473018827
  num_samples: 1101
  rmse: 604.3810501032657
  std: 603.267786050855
trans:
  max: 87.65262923003344
  mean: 33.7566495748454
  median: 27.18380315896262
  min: 0.0
  num_samples: 1101
  rmse: 43.747578870854944
  std: 27.826952160500152
