rot:
  max: 3.639415597235367
  mean: 3.639415597235367
  median: 3.639415597235367
  min: 3.639415597235367
  num_samples: 1
  rmse: 3.639415597235367
  std: 0.0
scale:
  max: 604.3810501032657
  mean: 604.3810501032657
  median: 604.3810501032657
  min: 604.3810501032657
  num_samples: 1
  rmse: 604.3810501032657
  std: 0.0
trans:
  max: 43.747578870854944
  mean: 43.747578870854944
  median: 43.747578870854944
  min: 43.747578870854944
  num_samples: 1
  rmse: 43.747578870854944
  std: 0.0
