rot:
  max: 6.135925323350431
  mean: 2.779236050022689
  median: 3.3433939511866795
  min: 0.00028484216398121505
  num_samples: 535
  rmse: 3.520156931704357
  std: 2.1604054716836174
scale:
  max: 2557282.951710896
  mean: 8042.305784277808
  median: 4.971634521097612
  min: 0.009507704457578647
  num_samples: 535
  rmse: 126337.72551240315
  std: 126081.49033589149
trans:
  max: 26.009889435502902
  mean: 9.943611505277254
  median: 10.759753331807836
  min: 0.0
  num_samples: 535
  rmse: 12.541441909948567
  std: 7.642797616889522
