rot:
  max: 15.948568699748959
  mean: 10.573055149679634
  median: 11.372280753754534
  min: 0.0023198233863703107
  num_samples: 2095
  rmse: 11.128607471582791
  std: 3.4722340155008724
scale:
  max: 71050.16796878817
  mean: 476.2409249871059
  median: 12.501047553177846
  min: 0.11614288327550515
  num_samples: 2095
  rmse: 4506.389334216773
  std: 4481.153803755246
trans:
  max: 498.7385545662387
  mean: 258.082156262124
  median: 258.70892810853127
  min: 0.0
  num_samples: 2095
  rmse: 306.3659569006787
  std: 165.0869472937249
