rot:
  max: 11.128607471582791
  mean: 11.128607471582791
  median: 11.128607471582791
  min: 11.128607471582791
  num_samples: 1
  rmse: 11.128607471582791
  std: 0.0
scale:
  max: 4506.389334216773
  mean: 4506.389334216773
  median: 4506.389334216773
  min: 4506.389334216773
  num_samples: 1
  rmse: 4506.389334216773
  std: 0.0
trans:
  max: 306.3659569006787
  mean: 306.3659569006787
  median: 306.3659569006787
  min: 306.3659569006787
  num_samples: 1
  rmse: 306.3659569006787
  std: 0.0
