rot:
  max: 20.585711196755188
  mean: 11.335960175256544
  median: 17.058385874970824
  min: 0.0011563767715691445
  num_samples: 535
  rmse: 13.838741746136629
  std: 7.937681022897199
scale:
  max: 3375844.9481039
  mean: 14827.717809581582
  median: 15.898497742226914
  min: 0.014797061147908686
  num_samples: 535
  rmse: 206152.4646986759
  std: 205618.52417984675
trans:
  max: 78.03571336744727
  mean: 31.54140678286078
  median: 22.79606651728637
  min: 4.0797911805097564e-08
  num_samples: 535
  rmse: 42.88971463392661
  std: 29.063160178097664
