rot:
  max: 13.838741746136629
  mean: 13.838741746136629
  median: 13.838741746136629
  min: 13.838741746136629
  num_samples: 1
  rmse: 13.838741746136629
  std: 0.0
scale:
  max: 206152.4646986759
  mean: 206152.4646986759
  median: 206152.4646986759
  min: 206152.4646986759
  num_samples: 1
  rmse: 206152.4646986759
  std: 0.0
trans:
  max: 42.88971463392661
  mean: 42.88971463392661
  median: 42.88971463392661
  min: 42.88971463392661
  num_samples: 1
  rmse: 42.88971463392661
  std: 0.0
