rot:
  max: 63.76183374656211
  mean: 36.98116799701979
  median: 56.005534553398704
  min: 0.002037169356248867
  num_samples: 772
  rmse: 45.88582036834666
  std: 27.164346567741624
scale:
  max: 201244.27196401262
  mean: 5181.772069701119
  median: 854.3302105706148
  min: 0.14089874788075774
  num_samples: 772
  rmse: 20527.96777545028
  std: 19863.19962160151
trans:
  max: 402.75398617822486
  mean: 219.94268744981233
  median: 350.1844639557441
  min: 0.0
  num_samples: 772
  rmse: 279.0960298973403
  std: 171.813294426861
