rot:
  max: 45.88582036834666
  mean: 45.88582036834666
  median: 45.88582036834666
  min: 45.88582036834666
  num_samples: 1
  rmse: 45.88582036834666
  std: 0.0
scale:
  max: 20527.96777545028
  mean: 20527.96777545028
  median: 20527.96777545028
  min: 20527.96777545028
  num_samples: 1
  rmse: 20527.96777545028
  std: 0.0
trans:
  max: 279.0960298973403
  mean: 279.0960298973403
  median: 279.0960298973403
  min: 279.0960298973403
  num_samples: 1
  rmse: 279.0960298973403
  std: 0.0
