rot:
  max: 17.307158227919103
  mean: 9.382908611779994
  median: 14.277495267185051
  min: 0.0011563767715691445
  num_samples: 535
  rmse: 11.25906121773858
  std: 6.223141127097292
scale:
  max: 3375844.9481039
  mean: 14764.85679709066
  median: 11.587406682007838
  min: 0.005880862406537624
  num_samples: 535
  rmse: 206150.87042900937
  std: 205621.44922745688
trans:
  max: 64.60936988048645
  mean: 26.700675206356117
  median: 20.89771449881121
  min: 4.0797911805097564e-08
  num_samples: 535
  rmse: 35.810745083794195
  std: 23.863851469977973
