rot:
  max: 11.25906121773858
  mean: 11.25906121773858
  median: 11.25906121773858
  min: 11.25906121773858
  num_samples: 1
  rmse: 11.25906121773858
  std: 0.0
scale:
  max: 206150.87042900937
  mean: 206150.87042900937
  median: 206150.87042900937
  min: 206150.87042900937
  num_samples: 1
  rmse: 206150.87042900937
  std: 0.0
trans:
  max: 35.810745083794195
  mean: 35.810745083794195
  median: 35.810745083794195
  min: 35.810745083794195
  num_samples: 1
  rmse: 35.810745083794195
  std: 0.0
