rot:
  max: 19.846993906642286
  mean: 12.138927402961496
  median: 17.241298086489607
  min: 0.002037169356248867
  num_samples: 772
  rmse: 14.204312816381476
  std: 7.376241867729772
scale:
  max: 96786.49730160667
  mean: 2498.292810014783
  median: 404.3666501148329
  min: 0.07819242307969265
  num_samples: 772
  rmse: 9862.642583344488
  std: 9540.977505592835
trans:
  max: 181.84994227262516
  mean: 106.3590183612089
  median: 165.88824997241858
  min: 0.0
  num_samples: 772
  rmse: 132.01339418462996
  std: 78.20035458606644
