rot:
  max: 14.204312816381476
  mean: 14.204312816381476
  median: 14.204312816381476
  min: 14.204312816381476
  num_samples: 1
  rmse: 14.204312816381476
  std: 0.0
scale:
  max: 9862.642583344488
  mean: 9862.642583344488
  median: 9862.642583344488
  min: 9862.642583344488
  num_samples: 1
  rmse: 9862.642583344488
  std: 0.0
trans:
  max: 132.01339418462996
  mean: 132.01339418462996
  median: 132.01339418462996
  min: 132.01339418462996
  num_samples: 1
  rmse: 132.01339418462996
  std: 0.0
