rot:
  max: 9.038356826348359
  mean: 4.268910847736456
  median: 4.090925738374185
  min: 0.0023198233863703107
  num_samples: 2095
  rmse: 4.528179109478908
  std: 1.510233830106854
scale:
  max: 18252.714442285345
  mean: 117.79530528822823
  median: 2.084802947945974
  min: 0.02565464499648673
  num_samples: 2095
  rmse: 1154.4104217615993
  std: 1148.3848170033625
trans:
  max: 119.6022677191925
  mean: 70.90199688758457
  median: 61.647463780274514
  min: 0.0
  num_samples: 2095
  rmse: 78.41301377541294
  std: 33.488917072608444
