rot:
  max: 4.528179109478908
  mean: 4.528179109478908
  median: 4.528179109478908
  min: 4.528179109478908
  num_samples: 1
  rmse: 4.528179109478908
  std: 0.0
scale:
  max: 1154.4104217615993
  mean: 1154.4104217615993
  median: 1154.4104217615993
  min: 1154.4104217615993
  num_samples: 1
  rmse: 1154.4104217615993
  std: 0.0
trans:
  max: 78.41301377541294
  mean: 78.41301377541294
  median: 78.41301377541294
  min: 78.41301377541294
  num_samples: 1
  rmse: 78.41301377541294
  std: 0.0
