rot:
  max: 10.677025461343533
  mean: 5.800001541772564
  median: 5.076694972572462
  min: 0.0
  num_samples: 792
  rmse: 6.451192604205563
  std: 2.82451201661321
scale:
  max: 2773.670883781637
  mean: 67.89495366977786
  median: 5.056614156680784
  min: 0.1762970691551735
  num_samples: 792
  rmse: 237.09021179811924
  std: 227.16083244401037
trans:
  max: 25.836148408443183
  mean: 15.505096577300012
  median: 18.13937296191726
  min: 0.0
  num_samples: 792
  rmse: 17.293081397077824
  std: 7.6578485447649465
