rot:
  max: 6.451192604205563
  mean: 6.451192604205563
  median: 6.451192604205563
  min: 6.451192604205563
  num_samples: 1
  rmse: 6.451192604205563
  std: 0.0
scale:
  max: 237.09021179811924
  mean: 237.09021179811924
  median: 237.09021179811924
  min: 237.09021179811924
  num_samples: 1
  rmse: 237.09021179811924
  std: 0.0
trans:
  max: 17.293081397077824
  mean: 17.293081397077824
  median: 17.293081397077824
  min: 17.293081397077824
  num_samples: 1
  rmse: 17.293081397077824
  std: 0.0
