rot:
  max: 178.17801127714608
  mean: 15.085204322050933
  median: 10.80396875725596
  min: 0.03371887288229111
  num_samples: 2592
  rmse: 26.286976012301007
  std: 21.5276965426695
scale:
  max: 1227981.1363360449
  mean: 628.5455508898
  median: 11.451926521551993
  min: 0.3154997503783563
  num_samples: 2592
  rmse: 24126.46795302162
  std: 24118.279092394554
trans:
  max: 362.02276965597093
  mean: 235.40973396219636
  median: 258.85054188648775
  min: 0.001228081136336045
  num_samples: 2592
  rmse: 260.57557023952023
  std: 111.72235658765472
