rot:
  max: 26.286976012301007
  mean: 26.286976012301007
  median: 26.286976012301007
  min: 26.286976012301007
  num_samples: 1
  rmse: 26.286976012301007
  std: 0.0
scale:
  max: 24126.46795302162
  mean: 24126.46795302162
  median: 24126.46795302162
  min: 24126.46795302162
  num_samples: 1
  rmse: 24126.46795302162
  std: 0.0
trans:
  max: 260.57557023952023
  mean: 260.57557023952023
  median: 260.57557023952023
  min: 260.57557023952023
  num_samples: 1
  rmse: 260.57557023952023
  std: 0.0
