rot:
  max: 175.24640324669397
  mean: 5.2870650506385175
  median: 1.339259535654068
  min: 0.0004474689762122903
  num_samples: 2592
  rmse: 19.61594901045511
  std: 18.890007907120935
scale:
  max: 1227967.965611622
  mean: 496.4943782635565
  median: 2.992584981661195
  min: 0.0059260349105416665
  num_samples: 2592
  rmse: 24119.75008748605
  std: 24114.639487563065
trans:
  max: 87.8094184744745
  mean: 48.71518856056406
  median: 55.27923377224238
  min: 0.001228067965611622
  num_samples: 2592
  rmse: 53.78489963889444
  std: 22.79574154693448
