rot:
  max: 19.61594901045511
  mean: 19.61594901045511
  median: 19.61594901045511
  min: 19.61594901045511
  num_samples: 1
  rmse: 19.61594901045511
  std: 0.0
scale:
  max: 24119.75008748605
  mean: 24119.75008748605
  median: 24119.75008748605
  min: 24119.75008748605
  num_samples: 1
  rmse: 24119.75008748605
  std: 0.0
trans:
  max: 53.78489963889444
  mean: 53.78489963889444
  median: 53.78489963889444
  min: 53.78489963889444
  num_samples: 1
  rmse: 53.78489963889444
  std: 0.0
