rot:
  max: 3.336969116408333
  mean: 1.4131499653018487
  median: 1.2622203092718935
  min: 5.109599479759417e-05
  num_samples: 1330
  rmse: 1.6341956908661244
  std: 0.8207330452789101
scale:
  max: 2176276.0445006993
  mean: 2827.961590841037
  median: 1.5110146470534769
  min: 0.004075284483351371
  num_samples: 1330
  rmse: 68765.48923146167
  std: 68707.31505802712
trans:
  max: 46.32214259793361
  mean: 16.270878324125736
  median: 14.059015740294948
  min: 0.0
  num_samples: 1330
  rmse: 19.94989580643565
  std: 11.54369357047968
