rot:
  max: 1.6341956908661244
  mean: 1.6341956908661244
  median: 1.6341956908661244
  min: 1.6341956908661244
  num_samples: 1
  rmse: 1.6341956908661244
  std: 0.0
scale:
  max: 68765.48923146167
  mean: 68765.48923146167
  median: 68765.48923146167
  min: 68765.48923146167
  num_samples: 1
  rmse: 68765.48923146167
  std: 0.0
trans:
  max: 19.94989580643565
  mean: 19.94989580643565
  median: 19.94989580643565
  min: 19.94989580643565
  num_samples: 1
  rmse: 19.94989580643565
  std: 0.0
