rot:
  max: 11.516562649041736
  mean: 11.516562649041736
  median: 11.516562649041736
  min: 11.516562649041736
  num_samples: 1
  rmse: 11.516562649041736
  std: 0.0
scale:
  max: 711844.8682935071
  mean: 711844.8682935071
  median: 711844.8682935071
  min: 711844.8682935071
  num_samples: 1
  rmse: 711844.8682935071
  std: 0.0
trans:
  max: 111.17866819111329
  mean: 111.17866819111329
  median: 111.17866819111329
  min: 111.17866819111329
  num_samples: 1
  rmse: 111.17866819111329
  std: 0.0
