rot:
  max: 10.172135502323554
  mean: 4.6394677729282785
  median: 4.606339544334394
  min: 0.0023198233863703107
  num_samples: 2095
  rmse: 4.796936345248404
  std: 1.2189901904137803
scale:
  max: 28816.684878482574
  mean: 188.62659638072518
  median: 2.4615762161976917
  min: 0.03367363941744195
  num_samples: 2095
  rmse: 1825.3906391586831
  std: 1815.61862533572
trans:
  max: 156.95597434492078
  mean: 90.58701202376201
  median: 96.63218258962516
  min: 0.0
  num_samples: 2095
  rmse: 101.42643128987892
  std: 45.62142278368052
