rot:
  max: 4.796936345248404
  mean: 4.796936345248404
  median: 4.796936345248404
  min: 4.796936345248404
  num_samples: 1
  rmse: 4.796936345248404
  std: 0.0
scale:
  max: 1825.3906391586831
  mean: 1825.3906391586831
  median: 1825.3906391586831
  min: 1825.3906391586831
  num_samples: 1
  rmse: 1825.3906391586831
  std: 0.0
trans:
  max: 101.42643128987892
  mean: 101.42643128987892
  median: 101.42643128987892
  min: 101.42643128987892
  num_samples: 1
  rmse: 101.42643128987892
  std: 0.0
