rot:
  max: 9.479511777463836
  mean: 4.217384925889785
  median: 5.20274144891421
  min: 0.00260916829651933
  num_samples: 535
  rmse: 5.187371551051595
  std: 3.020345674842043
scale:
  max: 2560772.933327428
  mean: 8278.454974030428
  median: 8.018830818504718
  min: 0.020971055755891754
  num_samples: 535
  rmse: 126938.53890582347
  std: 126668.3063863578
trans:
  max: 32.466885826852
  mean: 13.979388837625628
  median: 9.555473771324387
  min: 0.0
  num_samples: 535
  rmse: 18.980340342191056
  std: 12.838613913965688
