rot:
  max: 5.187371551051595
  mean: 5.187371551051595
  median: 5.187371551051595
  min: 5.187371551051595
  num_samples: 1
  rmse: 5.187371551051595
  std: 0.0
scale:
  max: 126938.53890582347
  mean: 126938.53890582347
  median: 126938.53890582347
  min: 126938.53890582347
  num_samples: 1
  rmse: 126938.53890582347
  std: 0.0
trans:
  max: 18.980340342191056
  mean: 18.980340342191056
  median: 18.980340342191056
  min: 18.980340342191056
  num_samples: 1
  rmse: 18.980340342191056
  std: 0.0
