rot:
  max: 23.037260689866606
  mean: 13.352864122115108
  median: 13.77145651899067
  min: 1.1459155902616465e-14
  num_samples: 2095
  rmse: 14.457170207310103
  std: 5.541731691399899
scale:
  max: 56042.21497492981
  mean: 380.7513454385414
  median: 10.436705850107565
  min: 0.0028297739620875006
  num_samples: 2095
  rmse: 3514.1027173746643
  std: 3493.414707876341
trans:
  max: 456.03778004017136
  mean: 234.12656416116752
  median: 234.92098146114674
  min: 0.0
  num_samples: 2095
  rmse: 272.6041593691256
  std: 139.6344501168475
