rot:
  max: 58.10146152222807
  mean: 28.288675210814077
  median: 20.535206723592722
  min: 0.0
  num_samples: 808
  rmse: 34.698419604702366
  std: 20.093062929306384
scale:
  max: 472177.954236213
  mean: 2928.950185299746
  median: 19.570918593619
  min: 0.001068555592098619
  num_samples: 808
  rmse: 25408.5887920306
  std: 25239.208292150048
trans:
  max: 174.33598409838808
  mean: 73.37504653987028
  median: 49.76493942135855
  min: 0.0
  num_samples: 808
  rmse: 91.9216748156662
  std: 55.36873527713048
