rot:
  max: 34.698419604702366
  mean: 34.698419604702366
  median: 34.698419604702366
  min: 34.698419604702366
  num_samples: 1
  rmse: 34.698419604702366
  std: 0.0
scale:
  max: 25408.5887920306
  mean: 25408.5887920306
  median: 25408.5887920306
  min: 25408.5887920306
  num_samples: 1
  rmse: 25408.5887920306
  std: 0.0
trans:
  max: 91.9216748156662
  mean: 91.9216748156662
  median: 91.9216748156662
  min: 91.9216748156662
  num_samples: 1
  rmse: 91.9216748156662
  std: 0.0
