rot:
  max: 6.131227178728834
  mean: 2.7679074441614957
  median: 2.9623451195265926
  min: 0.00028484216398121505
  num_samples: 535
  rmse: 3.4703336564663703
  std: 2.093299803601631
scale:
  max: 2557282.951710896
  mean: 7994.703302523532
  median: 4.870600713440965
  min: 0.08790166173279212
  num_samples: 535
  rmse: 126337.4961475426
  std: 126084.28788685353
trans:
  max: 23.681934056724682
  mean: 5.640325461129567
  median: 3.3722294283626373
  min: 0.0
  num_samples: 535
  rmse: 8.514503748027973
  std: 6.378362075620665
