rot:
  max: 22.17944826158521
  mean: 13.71859670882003
  median: 14.055275697905367
  min: 1.1459155902616465e-14
  num_samples: 2095
  rmse: 14.860496425078747
  std: 5.712657730035155
scale:
  max: 56650.59393818188
  mean: 385.48687433614026
  median: 11.203613384626966
  min: 0.01213990455857239
  num_samples: 2095
  rmse: 3552.0853251469143
  std: 3531.1060628135506
trans:
  max: 470.0457684100941
  mean: 241.63161622034508
  median: 240.34526897806097
  min: 0.0
  num_samples: 2095
  rmse: 280.5475781954773
  std: 142.55211564228472
