rot:
  max: 14.860496425078747
  mean: 14.860496425078747
  median: 14.860496425078747
  min: 14.860496425078747
  num_samples: 1
  rmse: 14.860496425078747
  std: 0.0
scale:
  max: 3552.0853251469143
  mean: 3552.0853251469143
  median: 3552.0853251469143
  min: 3552.0853251469143
  num_samples: 1
  rmse: 3552.0853251469143
  std: 0.0
trans:
  max: 280.5475781954773
  mean: 280.5475781954773
  median: 280.5475781954773
  min: 280.5475781954773
  num_samples: 1
  rmse: 280.5475781954773
  std: 0.0
