rot:
  max: 7.119335531187839
  mean: 3.0994511324788734
  median: 2.8077704838311557
  min: 0.0004746431245258161
  num_samples: 1101
  rmse: 3.7372975558021246
  std: 2.0882518281998372
scale:
  max: 13823.167543472948
  mean: 37.27290239915319
  median: 3.156895752732791
  min: 0.016716296006014097
  num_samples: 1101
  rmse: 604.3841293755996
  std: 603.2337080998084
trans:
  max: 94.03536711506254
  mean: 37.457474372924906
  median: 32.07607118202319
  min: 0.0
  num_samples: 1101
  rmse: 47.17622562219424
  std: 28.679851421474442
