rot:
  max: 3.7372975558021246
  mean: 3.7372975558021246
  median: 3.7372975558021246
  min: 3.7372975558021246
  num_samples: 1
  rmse: 3.7372975558021246
  std: 0.0
scale:
  max: 604.3841293755996
  mean: 604.3841293755996
  median: 604.3841293755996
  min: 604.3841293755996
  num_samples: 1
  rmse: 604.3841293755996
  std: 0.0
trans:
  max: 47.17622562219424
  mean: 47.17622562219424
  median: 47.17622562219424
  min: 47.17622562219424
  num_samples: 1
  rmse: 47.17622562219424
  std: 0.0
