rot:
  max: 7.242169566271363
  mean: 7.242169566271363
  median: 7.242169566271363
  min: 7.242169566271363
  num_samples: 1
  rmse: 7.242169566271363
  std: 0.0
scale:
  max: 1875.5449570111593
  mean: 1875.5449570111593
  median: 1875.5449570111593
  min: 1875.5449570111593
  num_samples: 1
  rmse: 1875.5449570111593
  std: 0.0
trans:
  max: 24.235198323534167
  mean: 24.235198323534167
  median: 24.235198323534167
  min: 24.235198323534167
  num_samples: 1
  rmse: 24.235198323534167
  std: 0.0
