rot:
  max: 34.55383802696412
  mean: 15.949056590940417
  median: 11.5801701894089
  min: 0.0016653275185080497
  num_samples: 1101
  rmse: 19.570774197661525
  std: 11.342080785941977
scale:
  max: 291.7190052563285
  mean: 9.632033007306424
  median: 4.167675192582321
  min: 0.05555660542433394
  num_samples: 1101
  rmse: 26.900771278679713
  std: 25.117233835237492
trans:
  max: 320.2930037631029
  mean: 134.04433237137027
  median: 119.64873136870646
  min: 9.29184417226616e-08
  num_samples: 1101
  rmse: 168.7359403818452
  std: 102.48870442960643
