rot:
  max: 19.570774197661525
  mean: 19.570774197661525
  median: 19.570774197661525
  min: 19.570774197661525
  num_samples: 1
  rmse: 19.570774197661525
  std: 0.0
scale:
  max: 26.900771278679713
  mean: 26.900771278679713
  median: 26.900771278679713
  min: 26.900771278679713
  num_samples: 1
  rmse: 26.900771278679713
  std: 0.0
trans:
  max: 168.7359403818452
  mean: 168.7359403818452
  median: 168.7359403818452
  min: 168.7359403818452
  num_samples: 1
  rmse: 168.7359403818452
  std: 0.0
