rot:
  max: 9.839827115648397
  mean: 4.104332671441808
  median: 3.63799868912571
  min: 0.0
  num_samples: 792
  rmse: 4.56837453091608
  std: 2.0061154445490117
scale:
  max: 2692.5870231100857
  mean: 60.90416547197176
  median: 3.516489387111643
  min: 0.003324477848321017
  num_samples: 792
  rmse: 226.58666120365822
  std: 218.24801869337574
trans:
  max: 21.099369346844448
  mean: 12.875575459583999
  median: 14.301129265179753
  min: 0.0
  num_samples: 792
  rmse: 14.37428805645109
  std: 6.390595724530754
