rot:
  max: 4.56837453091608
  mean: 4.56837453091608
  median: 4.56837453091608
  min: 4.56837453091608
  num_samples: 1
  rmse: 4.56837453091608
  std: 0.0
scale:
  max: 226.58666120365822
  mean: 226.58666120365822
  median: 226.58666120365822
  min: 226.58666120365822
  num_samples: 1
  rmse: 226.58666120365822
  std: 0.0
trans:
  max: 14.37428805645109
  mean: 14.37428805645109
  median: 14.37428805645109
  min: 14.37428805645109
  num_samples: 1
  rmse: 14.37428805645109
  std: 0.0
