rot:
  max: 2.6960184838324026
  mean: 0.6602915959736307
  median: 0.4591018780811293
  min: 0.00019411287079675174
  num_samples: 1101
  rmse: 0.965994816220429
  std: 0.7050964425178559
scale:
  max: 13823.079396790105
  mean: 36.159261948449185
  median: 1.8746748040547434
  min: 0.004806378427324454
  num_samples: 1101
  rmse: 604.3741220175616
  std: 603.2914611859195
trans:
  max: 33.891609781240724
  mean: 15.878223848247737
  median: 14.042595081931756
  min: 0.0
  num_samples: 1101
  rmse: 18.670696984105746
  std: 9.822267217767607
