rot:
  max: 0.965994816220429
  mean: 0.965994816220429
  median: 0.965994816220429
  min: 0.965994816220429
  num_samples: 1
  rmse: 0.965994816220429
  std: 0.0
scale:
  max: 604.3741220175616
  mean: 604.3741220175616
  median: 604.3741220175616
  min: 604.3741220175616
  num_samples: 1
  rmse: 604.3741220175616
  std: 0.0
trans:
  max: 18.670696984105746
  mean: 18.670696984105746
  median: 18.670696984105746
  min: 18.670696984105746
  num_samples: 1
  rmse: 18.670696984105746
  std: 0.0
