rot:
  max: 37.00272554933943
  mean: 21.102383922672782
  median: 31.03381473081484
  min: 0.00014039785329892146
  num_samples: 772
  rmse: 25.84079340446325
  std: 14.914288335427631
scale:
  max: 237896.1297049184
  mean: 4132.3096325779925
  median: 569.6863244060526
  min: 0.465813098088641
  num_samples: 772
  rmse: 17276.093272352893
  std: 16774.60628019448
trans:
  max: 265.5385568326599
  mean: 149.01410605135888
  median: 232.98327259479038
  min: 0.0
  num_samples: 772
  rmse: 186.93540074643977
  std: 112.87001483984308
