rot:
  max: 25.84079340446325
  mean: 25.84079340446325
  median: 25.84079340446325
  min: 25.84079340446325
  num_samples: 1
  rmse: 25.84079340446325
  std: 0.0
scale:
  max: 17276.093272352893
  mean: 17276.093272352893
  median: 17276.093272352893
  min: 17276.093272352893
  num_samples: 1
  rmse: 17276.093272352893
  std: 0.0
trans:
  max: 186.93540074643977
  mean: 186.93540074643977
  median: 186.93540074643977
  min: 186.93540074643977
  num_samples: 1
  rmse: 186.93540074643977
  std: 0.0
