rot:
  max: 10.094548856082726
  mean: 5.6685083648637
  median: 6.543648150575864
  min: 0.0006785081735415092
  num_samples: 535
  rmse: 6.548027310694002
  std: 3.2779070424685317
scale:
  max: 3152900.0099882293
  mean: 13593.09531439284
  median: 8.888573475635708
  min: 0.0008069034147517584
  num_samples: 535
  rmse: 192945.16663308427
  std: 192465.75042547824
trans:
  max: 26.85804445313056
  mean: 11.982737022179032
  median: 13.804407326729482
  min: 3.8474106316268337e-08
  num_samples: 535
  rmse: 15.155379645049344
  std: 9.278984084633183
