rot:
  max: 6.548027310694002
  mean: 6.548027310694002
  median: 6.548027310694002
  min: 6.548027310694002
  num_samples: 1
  rmse: 6.548027310694002
  std: 0.0
scale:
  max: 192945.16663308427
  mean: 192945.16663308427
  median: 192945.16663308427
  min: 192945.16663308427
  num_samples: 1
  rmse: 192945.16663308427
  std: 0.0
trans:
  max: 15.155379645049344
  mean: 15.155379645049344
  median: 15.155379645049344
  min: 15.155379645049344
  num_samples: 1
  rmse: 15.155379645049344
  std: 0.0
