rot:
  max: 9.916164854828958
  mean: 1.844668337251025
  median: 1.7546227072515141
  min: 0.0
  num_samples: 792
  rmse: 2.2029180800444466
  std: 1.20417888742921
scale:
  max: 1792.7781247275752
  mean: 43.11915293949531
  median: 1.2527046119156449
  min: 0.01437778926527411
  num_samples: 792
  rmse: 163.05345966273947
  std: 157.24874994024285
trans:
  max: 12.035179411683718
  mean: 6.09495735930323
  median: 3.574179343064369
  min: 0.0
  num_samples: 792
  rmse: 7.330563327121106
  std: 4.072917072714378
