rot:
  max: 2.2029180800444466
  mean: 2.2029180800444466
  median: 2.2029180800444466
  min: 2.2029180800444466
  num_samples: 1
  rmse: 2.2029180800444466
  std: 0.0
scale:
  max: 163.05345966273947
  mean: 163.05345966273947
  median: 163.05345966273947
  min: 163.05345966273947
  num_samples: 1
  rmse: 163.05345966273947
  std: 0.0
trans:
  max: 7.330563327121106
  mean: 7.330563327121106
  median: 7.330563327121106
  min: 7.330563327121106
  num_samples: 1
  rmse: 7.330563327121106
  std: 0.0
