rot:
  max: 6.464635739710174
  mean: 2.8824090165768332
  median: 2.165129105041998
  min: 0.00028484216398121505
  num_samples: 535
  rmse: 3.7167628882547628
  std: 2.346496245184394
scale:
  max: 2557282.951710896
  mean: 8045.056722748823
  median: 9.345394874499945
  min: 0.043561176242312705
  num_samples: 535
  rmse: 126337.73320700868
  std: 126081.32254308353
trans:
  max: 25.40187521441426
  mean: 10.191682296148054
  median: 11.765796090642695
  min: 0.0
  num_samples: 535
  rmse: 12.478823069319247
  std: 7.200738654454595
