rot:
  max: 3.7167628882547628
  mean: 3.7167628882547628
  median: 3.7167628882547628
  min: 3.7167628882547628
  num_samples: 1
  rmse: 3.7167628882547628
  std: 0.0
scale:
  max: 126337.73320700868
  mean: 126337.73320700868
  median: 126337.73320700868
  min: 126337.73320700868
  num_samples: 1
  rmse: 126337.73320700868
  std: 0.0
trans:
  max: 12.478823069319247
  mean: 12.478823069319247
  median: 12.478823069319247
  min: 12.478823069319247
  num_samples: 1
  rmse: 12.478823069319247
  std: 0.0
