rot:
  max: 39.79730437010328
  mean: 27.646928895038663
  median: 32.196696584106135
  min: 1.1459155902616465e-14
  num_samples: 2095
  rmse: 29.82821658050265
  std: 11.196866840596499
scale:
  max: 81512.76992685818
  mean: 559.3603747823116
  median: 20.458322130912187
  min: 0.06176951263474617
  num_samples: 2095
  rmse: 5105.691239067889
  std: 5074.958029365169
trans:
  max: 991.0552413404969
  mean: 516.63118173446
  median: 514.7835086080704
  min: 0.0
  num_samples: 2095
  rmse: 606.6108534357338
  std: 317.9134309300013
