rot:
  max: 29.82821658050265
  mean: 29.82821658050265
  median: 29.82821658050265
  min: 29.82821658050265
  num_samples: 1
  rmse: 29.82821658050265
  std: 0.0
scale:
  max: 5105.691239067889
  mean: 5105.691239067889
  median: 5105.691239067889
  min: 5105.691239067889
  num_samples: 1
  rmse: 5105.691239067889
  std: 0.0
trans:
  max: 606.6108534357338
  mean: 606.6108534357338
  median: 606.6108534357338
  min: 606.6108534357338
  num_samples: 1
  rmse: 606.6108534357338
  std: 0.0
