rot:
  max: 12.586805008055604
  mean: 7.90678119178645
  median: 8.477877705472359
  min: 0.0020180621324767966
  num_samples: 788
  rmse: 8.537431630884333
  std: 3.2203338394080157
scale:
  max: 93776.58462069581
  mean: 1249.8837433279366
  median: 170.41843501359824
  min: 0.04357077381347274
  num_samples: 788
  rmse: 5822.8863378711685
  std: 5687.16062125304
trans:
  max: 84.82757903982916
  mean: 52.54564320073973
  median: 74.85261421537587
  min: 0.0
  num_samples: 788
  rmse: 61.143794982580744
  std: 31.265300981957935
