rot:
  max: 8.537431630884333
  mean: 8.537431630884333
  median: 8.537431630884333
  min: 8.537431630884333
  num_samples: 1
  rmse: 8.537431630884333
  std: 0.0
scale:
  max: 5822.8863378711685
  mean: 5822.8863378711685
  median: 5822.8863378711685
  min: 5822.8863378711685
  num_samples: 1
  rmse: 5822.8863378711685
  std: 0.0
trans:
  max: 61.143794982580744
  mean: 61.143794982580744
  median: 61.143794982580744
  min: 61.143794982580744
  num_samples: 1
  rmse: 61.143794982580744
  std: 0.0
