rot:
  max: 9.656620571099094
  mean: 4.521044602785354
  median: 4.489401830553562
  min: 0.0023198233863703107
  num_samples: 2095
  rmse: 4.687778972734996
  std: 1.2391236406597161
scale:
  max: 41177.92319174752
  mean: 271.66658554311914
  median: 4.461665218559485
  min: 0.013597740529425195
  num_samples: 2095
  rmse: 2609.789683583728
  std: 2595.6115770352462
trans:
  max: 195.6381580426579
  mean: 114.98986595669022
  median: 136.23658718097883
  min: 0.0
  num_samples: 2095
  rmse: 129.20141146611624
  std: 58.90955314801739
