rot:
  max: 4.687778972734996
  mean: 4.687778972734996
  median: 4.687778972734996
  min: 4.687778972734996
  num_samples: 1
  rmse: 4.687778972734996
  std: 0.0
scale:
  max: 2609.789683583728
  mean: 2609.789683583728
  median: 2609.789683583728
  min: 2609.789683583728
  num_samples: 1
  rmse: 2609.789683583728
  std: 0.0
trans:
  max: 129.20141146611624
  mean: 129.20141146611624
  median: 129.20141146611624
  min: 129.20141146611624
  num_samples: 1
  rmse: 129.20141146611624
  std: 0.0
