rot:
  max: 36.2310028488342
  mean: 19.373146149003198
  median: 18.25171889760557
  min: 1.1459155902616465e-14
  num_samples: 2095
  rmse: 21.87130216484132
  std: 10.150619029160495
scale:
  max: 93637.58533849171
  mean: 657.8079082286158
  median: 12.644049941778256
  min: 0.00673539254000266
  num_samples: 2095
  rmse: 5971.037681012689
  std: 5934.692893818963
trans:
  max: 608.6849812769127
  mean: 317.25149585206515
  median: 375.00586927681866
  min: 0.0
  num_samples: 2095
  rmse: 371.0447824278644
  std: 192.42068222145022
