rot:
  max: 21.87130216484132
  mean: 21.87130216484132
  median: 21.87130216484132
  min: 21.87130216484132
  num_samples: 1
  rmse: 21.87130216484132
  std: 0.0
scale:
  max: 5971.037681012689
  mean: 5971.037681012689
  median: 5971.037681012689
  min: 5971.037681012689
  num_samples: 1
  rmse: 5971.037681012689
  std: 0.0
trans:
  max: 371.0447824278644
  mean: 371.0447824278644
  median: 371.0447824278644
  min: 371.0447824278644
  num_samples: 1
  rmse: 371.0447824278644
  std: 0.0
