rot:
  max: 10.917514066386621
  mean: 2.85389405537609
  median: 2.285724758608517
  min: 0.0
  num_samples: 792
  rmse: 3.4981684053046105
  std: 2.0229856431918685
scale:
  max: 2799.1646299963177
  mean: 62.3444214395211
  median: 2.673336255021519
  min: 0.011761473050042603
  num_samples: 792
  rmse: 238.34296724933316
  std: 230.0446546924924
trans:
  max: 19.990766886284614
  mean: 11.762330778374997
  median: 10.39031386180599
  min: 0.0
  num_samples: 792
  rmse: 13.488740428429278
  std: 6.602552007037482
