rot:
  max: 13.469809479166672
  mean: 3.2908398206546607
  median: 3.2575716322728288
  min: 0.0006741862031264913
  num_samples: 1330
  rmse: 3.8025109892169415
  std: 1.9051149828577825
scale:
  max: 11823396.453366015
  mean: 17082.29915484141
  median: 2.9689894915883808
  min: 0.002683076177456556
  num_samples: 1330
  rmse: 399061.36524117284
  std: 398695.5834765833
trans:
  max: 100.4542827994198
  mean: 50.667908977330384
  median: 49.66846586440034
  min: 0.0
  num_samples: 1330
  rmse: 60.74445546741966
  std: 33.50599752131391
