rot:
  max: 3.8025109892169415
  mean: 3.8025109892169415
  median: 3.8025109892169415
  min: 3.8025109892169415
  num_samples: 1
  rmse: 3.8025109892169415
  std: 0.0
scale:
  max: 399061.36524117284
  mean: 399061.36524117284
  median: 399061.36524117284
  min: 399061.36524117284
  num_samples: 1
  rmse: 399061.36524117284
  std: 0.0
trans:
  max: 60.74445546741966
  mean: 60.74445546741966
  median: 60.74445546741966
  min: 60.74445546741966
  num_samples: 1
  rmse: 60.74445546741966
  std: 0.0
