rot:
  max: 103.02124515623699
  mean: 103.02124515623699
  median: 103.02124515623699
  min: 103.02124515623699
  num_samples: 1
  rmse: 103.02124515623699
  std: 0.0
scale:
  max: 206889.97380614944
  mean: 206889.97380614944
  median: 206889.97380614944
  min: 206889.97380614944
  num_samples: 1
  rmse: 206889.97380614944
  std: 0.0
trans:
  max: 504.51138073457014
  mean: 504.51138073457014
  median: 504.51138073457014
  min: 504.51138073457014
  num_samples: 1
  rmse: 504.51138073457014
  std: 0.0
