rot:
  max: 22.124621984107673
  mean: 12.628505309655475
  median: 17.33211978926977
  min: 0.00014039785329892146
  num_samples: 772
  rmse: 15.067032836623216
  std: 8.218049168986866
scale:
  max: 82179.4422051431
  mean: 1151.428968170449
  median: 66.65632709788201
  min: 0.01980413266704506
  num_samples: 772
  rmse: 6285.223404576146
  std: 6178.854633076399
trans:
  max: 70.63205252979697
  mean: 36.24823416232153
  median: 52.3163646989948
  min: 0.0
  num_samples: 772
  rmse: 43.3507308403702
  std: 23.77711892782072
