rot:
  max: 15.067032836623216
  mean: 15.067032836623216
  median: 15.067032836623216
  min: 15.067032836623216
  num_samples: 1
  rmse: 15.067032836623216
  std: 0.0
scale:
  max: 6285.223404576146
  mean: 6285.223404576146
  median: 6285.223404576146
  min: 6285.223404576146
  num_samples: 1
  rmse: 6285.223404576146
  std: 0.0
trans:
  max: 43.3507308403702
  mean: 43.3507308403702
  median: 43.3507308403702
  min: 43.3507308403702
  num_samples: 1
  rmse: 43.3507308403702
  std: 0.0
