rot:
  max: 25.52639410864392
  mean: 15.79446572533877
  median: 15.714544945938707
  min: 0.0
  num_samples: 2686
  rmse: 16.96449004773843
  std: 6.191023746595961
scale:
  max: 172171.81245005876
  mean: 587.6243991295595
  median: 10.302851493846799
  min: 0.47192805536375726
  num_samples: 2686
  rmse: 4886.899038321966
  std: 4851.440999981323
trans:
  max: 465.13360393475637
  mean: 286.3757940640989
  median: 358.36163800390415
  min: 0.0
  num_samples: 2686
  rmse: 321.41271595511404
  std: 145.92819656186953
