rot:
  max: 16.96449004773843
  mean: 16.96449004773843
  median: 16.96449004773843
  min: 16.96449004773843
  num_samples: 1
  rmse: 16.96449004773843
  std: 0.0
scale:
  max: 4886.899038321966
  mean: 4886.899038321966
  median: 4886.899038321966
  min: 4886.899038321966
  num_samples: 1
  rmse: 4886.899038321966
  std: 0.0
trans:
  max: 321.41271595511404
  mean: 321.41271595511404
  median: 321.41271595511404
  min: 321.41271595511404
  num_samples: 1
  rmse: 321.41271595511404
  std: 0.0
