rot:
  max: 40.621251614211204
  mean: 23.325682754629256
  median: 34.68052190731322
  min: 0.002037169356248867
  num_samples: 772
  rmse: 28.570436439450276
  std: 16.497950247562866
scale:
  max: 134118.8622753515
  mean: 3462.593644577819
  median: 573.498186208727
  min: 0.07268359413254988
  num_samples: 772
  rmse: 13672.25998096983
  std: 13226.531602795889
trans:
  max: 267.324810401369
  mean: 148.13106505687045
  median: 234.61098551340152
  min: 0.0
  num_samples: 772
  rmse: 186.6343109858945
  std: 113.53216990041541
