rot:
  max: 28.570436439450276
  mean: 28.570436439450276
  median: 28.570436439450276
  min: 28.570436439450276
  num_samples: 1
  rmse: 28.570436439450276
  std: 0.0
scale:
  max: 13672.25998096983
  mean: 13672.25998096983
  median: 13672.25998096983
  min: 13672.25998096983
  num_samples: 1
  rmse: 13672.25998096983
  std: 0.0
trans:
  max: 186.6343109858945
  mean: 186.6343109858945
  median: 186.6343109858945
  min: 186.6343109858945
  num_samples: 1
  rmse: 186.6343109858945
  std: 0.0
