rot:
  max: 178.6343902770614
  mean: 11.976177698830691
  median: 9.272576854769536
  min: 0.006610116470984362
  num_samples: 2592
  rmse: 26.078456751472707
  std: 23.165860101979003
scale:
  max: 1227967.965611622
  mean: 543.6109363780746
  median: 6.562029131086788
  min: 0.040681436067835364
  num_samples: 2592
  rmse: 24120.826484803725
  std: 24114.700028402985
trans:
  max: 216.48099442320327
  mean: 125.84567073562984
  median: 151.37655343064523
  min: 0.001228067965611622
  num_samples: 2592
  rmse: 141.45087959122299
  std: 64.58497111735902
