rot:
  max: 26.078456751472707
  mean: 26.078456751472707
  median: 26.078456751472707
  min: 26.078456751472707
  num_samples: 1
  rmse: 26.078456751472707
  std: 0.0
scale:
  max: 24120.826484803725
  mean: 24120.826484803725
  median: 24120.826484803725
  min: 24120.826484803725
  num_samples: 1
  rmse: 24120.826484803725
  std: 0.0
trans:
  max: 141.45087959122299
  mean: 141.45087959122299
  median: 141.45087959122299
  min: 141.45087959122299
  num_samples: 1
  rmse: 141.45087959122299
  std: 0.0
