rot:
  max: 9.403003445389256
  mean: 5.488545941138854
  median: 5.084848094519377
  min: 0.0007801794054116189
  num_samples: 1101
  rmse: 6.088846685597024
  std: 2.636269601674698
scale:
  max: 1075.418366396347
  mean: 6.542816317891621
  median: 3.2691436797527285
  min: 0.08231722300657829
  num_samples: 1101
  rmse: 42.91289095068828
  std: 42.41117499405075
trans:
  max: 156.45466287933368
  mean: 59.25015845746627
  median: 49.23570159292971
  min: 1.2476799491734092e-08
  num_samples: 1101
  rmse: 75.91060910985824
  std: 47.45354884721303
