rot:
  max: 6.088846685597024
  mean: 6.088846685597024
  median: 6.088846685597024
  min: 6.088846685597024
  num_samples: 1
  rmse: 6.088846685597024
  std: 0.0
scale:
  max: 42.91289095068828
  mean: 42.91289095068828
  median: 42.91289095068828
  min: 42.91289095068828
  num_samples: 1
  rmse: 42.91289095068828
  std: 0.0
trans:
  max: 75.91060910985824
  mean: 75.91060910985824
  median: 75.91060910985824
  min: 75.91060910985824
  num_samples: 1
  rmse: 75.91060910985824
  std: 0.0
