rot:
  max: 3.300665119212697
  mean: 0.7355160690733951
  median: 0.4185438478628386
  min: 0.0005547067247525869
  num_samples: 1116
  rmse: 1.1570271315088019
  std: 0.8931561426661674
scale:
  max: 168.3396645906649
  mean: 4.964793503074206
  median: 1.8130122414577454
  min: 0.03740309905547745
  num_samples: 1116
  rmse: 18.71624967821133
  std: 18.045742641658663
trans:
  max: 31.348875157076026
  mean: 14.09233709181225
  median: 13.129902037164012
  min: 0.0
  num_samples: 1116
  rmse: 16.93713689931472
  std: 9.395352129476624
