rot:
  max: 1.1570271315088019
  mean: 1.1570271315088019
  median: 1.1570271315088019
  min: 1.1570271315088019
  num_samples: 1
  rmse: 1.1570271315088019
  std: 0.0
scale:
  max: 18.71624967821133
  mean: 18.71624967821133
  median: 18.71624967821133
  min: 18.71624967821133
  num_samples: 1
  rmse: 18.71624967821133
  std: 0.0
trans:
  max: 16.93713689931472
  mean: 16.93713689931472
  median: 16.93713689931472
  min: 16.93713689931472
  num_samples: 1
  rmse: 16.93713689931472
  std: 0.0
