rot:
  max: 9.875004479202778
  mean: 4.249514335018467
  median: 3.750006893673283
  min: 0.0
  num_samples: 792
  rmse: 4.70517465831394
  std: 2.0199743764989333
scale:
  max: 2670.85565739703
  mean: 62.695272630764386
  median: 7.299160394906634
  min: 0.1780669538473001
  num_samples: 792
  rmse: 227.05634593081973
  std: 218.22897840848316
trans:
  max: 23.33181626696644
  mean: 14.521442628250599
  median: 17.410442991849244
  min: 0.0
  num_samples: 792
  rmse: 16.049300696692814
  std: 6.834307342173814
