rot:
  max: 4.70517465831394
  mean: 4.70517465831394
  median: 4.70517465831394
  min: 4.70517465831394
  num_samples: 1
  rmse: 4.70517465831394
  std: 0.0
scale:
  max: 227.05634593081973
  mean: 227.05634593081973
  median: 227.05634593081973
  min: 227.05634593081973
  num_samples: 1
  rmse: 227.05634593081973
  std: 0.0
trans:
  max: 16.049300696692814
  mean: 16.049300696692814
  median: 16.049300696692814
  min: 16.049300696692814
  num_samples: 1
  rmse: 16.049300696692814
  std: 0.0
