rot:
  max: 42.01324989096525
  mean: 24.173897972858807
  median: 33.68785614764176
  min: 0.0
  num_samples: 772
  rmse: 29.732763497284356
  std: 17.310686929849368
scale:
  max: 83519.78615292789
  mean: 2123.222222400054
  median: 334.20522039362857
  min: 0.007261205131225967
  num_samples: 772
  rmse: 8500.321157062775
  std: 8230.880096776747
trans:
  max: 175.42688905185105
  mean: 90.34284161358576
  median: 137.19123304594922
  min: 0.0
  num_samples: 772
  rmse: 112.86676969239326
  std: 67.65411051797446
