rot:
  max: 29.732763497284356
  mean: 29.732763497284356
  median: 29.732763497284356
  min: 29.732763497284356
  num_samples: 1
  rmse: 29.732763497284356
  std: 0.0
scale:
  max: 8500.321157062775
  mean: 8500.321157062775
  median: 8500.321157062775
  min: 8500.321157062775
  num_samples: 1
  rmse: 8500.321157062775
  std: 0.0
trans:
  max: 112.86676969239326
  mean: 112.86676969239326
  median: 112.86676969239326
  min: 112.86676969239326
  num_samples: 1
  rmse: 112.86676969239326
  std: 0.0
