rot:
  max: 154.9803348225888
  mean: 75.36461590375988
  median: 140.9830632481608
  min: 0.0011563767715691445
  num_samples: 535
  rmse: 103.37094822374944
  std: 70.75116681974814
scale:
  max: 3375844.9481039
  mean: 19050.128974272833
  median: 132.67682648377885
  min: 0.00239249802446162
  num_samples: 535
  rmse: 206852.0594334123
  std: 205972.9765719462
trans:
  max: 807.5401875010734
  mean: 347.36838474191916
  median: 324.7212132129061
  min: 4.0797911805097564e-08
  num_samples: 535
  rmse: 491.7084266860935
  std: 348.01204311906145
