rot:
  max: 103.37094822374944
  mean: 103.37094822374944
  median: 103.37094822374944
  min: 103.37094822374944
  num_samples: 1
  rmse: 103.37094822374944
  std: 0.0
scale:
  max: 206852.0594334123
  mean: 206852.0594334123
  median: 206852.0594334123
  min: 206852.0594334123
  num_samples: 1
  rmse: 206852.0594334123
  std: 0.0
trans:
  max: 491.7084266860935
  mean: 491.7084266860935
  median: 491.7084266860935
  min: 491.7084266860935
  num_samples: 1
  rmse: 491.7084266860935
  std: 0.0
