rot:
  max: 16.978949631257972
  mean: 9.076216058554177
  median: 12.882462896818273
  min: 0.0011563767715691445
  num_samples: 535
  rmse: 10.775987861020196
  std: 5.808977228333565
scale:
  max: 3375844.9481039
  mean: 14648.202810046967
  median: 8.5907251438903
  min: 0.1115894470059442
  num_samples: 535
  rmse: 206148.6356213367
  std: 205627.55195492253
trans:
  max: 48.72234404448496
  mean: 20.82707522697277
  median: 23.66011640838214
  min: 4.0797911805097564e-08
  num_samples: 535
  rmse: 26.34968517322401
  std: 16.141215760221982
