rot:
  max: 10.775987861020196
  mean: 10.775987861020196
  median: 10.775987861020196
  min: 10.775987861020196
  num_samples: 1
  rmse: 10.775987861020196
  std: 0.0
scale:
  max: 206148.6356213367
  mean: 206148.6356213367
  median: 206148.6356213367
  min: 206148.6356213367
  num_samples: 1
  rmse: 206148.6356213367
  std: 0.0
trans:
  max: 26.34968517322401
  mean: 26.34968517322401
  median: 26.34968517322401
  min: 26.34968517322401
  num_samples: 1
  rmse: 26.34968517322401
  std: 0.0
