rot:
  max: 19.430214747442164
  mean: 11.043725283923571
  median: 10.200425601187447
  min: 0.00212969360678017
  num_samples: 1330
  rmse: 12.516829630723052
  std: 5.891277947760898
scale:
  max: 24519810.477114342
  mean: 30676.879516540503
  median: 5.156366375088483
  min: 0.010759059209175525
  num_samples: 1330
  rmse: 762003.4788744918
  std: 761385.7306779237
trans:
  max: 286.1007264459689
  mean: 104.9833845681047
  median: 107.1009086364896
  min: 9.938361130639345e-08
  num_samples: 1330
  rmse: 132.56510323875077
  std: 80.94439796135424
