rot:
  max: 12.516829630723052
  mean: 12.516829630723052
  median: 12.516829630723052
  min: 12.516829630723052
  num_samples: 1
  rmse: 12.516829630723052
  std: 0.0
scale:
  max: 762003.4788744918
  mean: 762003.4788744918
  median: 762003.4788744918
  min: 762003.4788744918
  num_samples: 1
  rmse: 762003.4788744918
  std: 0.0
trans:
  max: 132.56510323875077
  mean: 132.56510323875077
  median: 132.56510323875077
  min: 132.56510323875077
  num_samples: 1
  rmse: 132.56510323875077
  std: 0.0
