rot:
  max: 22.78666486604943
  mean: 14.800866397664974
  median: 15.781513949515439
  min: 1.1459155902616465e-14
  num_samples: 2095
  rmse: 15.862488358599078
  std: 5.7055140701923674
scale:
  max: 122033.91147790733
  mean: 815.2642167245658
  median: 10.745184230306482
  min: 0.09259311195355391
  num_samples: 2095
  rmse: 7742.6758531738415
  std: 7699.634642257367
trans:
  max: 535.8914602841708
  mean: 300.88018828226836
  median: 381.21937048113784
  min: 0.0
  num_samples: 2095
  rmse: 348.6109697560362
  std: 176.0702147822586
