rot:
  max: 15.862488358599078
  mean: 15.862488358599078
  median: 15.862488358599078
  min: 15.862488358599078
  num_samples: 1
  rmse: 15.862488358599078
  std: 0.0
scale:
  max: 7742.6758531738415
  mean: 7742.6758531738415
  median: 7742.6758531738415
  min: 7742.6758531738415
  num_samples: 1
  rmse: 7742.6758531738415
  std: 0.0
trans:
  max: 348.6109697560362
  mean: 348.6109697560362
  median: 348.6109697560362
  min: 348.6109697560362
  num_samples: 1
  rmse: 348.6109697560362
  std: 0.0
