rot:
  max: 13.992916381838324
  mean: 5.184150217513835
  median: 4.892598279377211
  min: 0.0006741862031264913
  num_samples: 1330
  rmse: 5.900489130926903
  std: 2.81786417459
scale:
  max: 11823403.664613226
  mean: 17078.270603313
  median: 2.639708544525554
  min: 0.011909400320919694
  num_samples: 1330
  rmse: 399061.5241252652
  std: 398695.91509116266
trans:
  max: 138.9915461606086
  mean: 52.768996706707554
  median: 62.04981257988843
  min: 0.0
  num_samples: 1330
  rmse: 65.9327773036106
  std: 39.529281672388095
