rot:
  max: 5.900489130926903
  mean: 5.900489130926903
  median: 5.900489130926903
  min: 5.900489130926903
  num_samples: 1
  rmse: 5.900489130926903
  std: 0.0
scale:
  max: 399061.5241252652
  mean: 399061.5241252652
  median: 399061.5241252652
  min: 399061.5241252652
  num_samples: 1
  rmse: 399061.5241252652
  std: 0.0
trans:
  max: 65.9327773036106
  mean: 65.9327773036106
  median: 65.9327773036106
  min: 65.9327773036106
  num_samples: 1
  rmse: 65.9327773036106
  std: 0.0
