rot:
  max: 4.026194096759046
  mean: 4.026194096759046
  median: 4.026194096759046
  min: 4.026194096759046
  num_samples: 1
  rmse: 4.026194096759046
  std: 0.0
scale:
  max: 619.3228873335858
  mean: 619.3228873335858
  median: 619.3228873335858
  min: 619.3228873335858
  num_samples: 1
  rmse: 619.3228873335858
  std: 0.0
trans:
  max: 65.01694523639772
  mean: 65.01694523639772
  median: 65.01694523639772
  min: 65.01694523639772
  num_samples: 1
  rmse: 65.01694523639772
  std: 0.0
