rot:
  max: 21.834832618646217
  mean: 13.270932645291191
  median: 13.358922023756174
  min: 1.1459155902616465e-14
  num_samples: 2095
  rmse: 14.439146692966116
  std: 5.689578538445434
scale:
  max: 62918.15368851975
  mean: 424.15121475367124
  median: 10.101234973528284
  min: 0.013785796801069061
  num_samples: 2095
  rmse: 3941.7928782801255
  std: 3918.9063324201693
trans:
  max: 443.7499279222478
  mean: 230.26681674367825
  median: 228.2540125234722
  min: 0.0
  num_samples: 2095
  rmse: 266.47947353131485
  std: 134.1212247195053
