rot:
  max: 14.439146692966116
  mean: 14.439146692966116
  median: 14.439146692966116
  min: 14.439146692966116
  num_samples: 1
  rmse: 14.439146692966116
  std: 0.0
scale:
  max: 3941.7928782801255
  mean: 3941.7928782801255
  median: 3941.7928782801255
  min: 3941.7928782801255
  num_samples: 1
  rmse: 3941.7928782801255
  std: 0.0
trans:
  max: 266.47947353131485
  mean: 266.47947353131485
  median: 266.47947353131485
  min: 266.47947353131485
  num_samples: 1
  rmse: 266.47947353131485
  std: 0.0
