rot:
  max: 23.4238030487062
  mean: 14.156772857992426
  median: 21.09165171224307
  min: 0.00014039785329892146
  num_samples: 772
  rmse: 16.935048183553533
  std: 9.294172326059424
scale:
  max: 174139.2486261986
  mean: 3113.8256294301646
  median: 419.63402637903295
  min: 0.08044142793572906
  num_samples: 772
  rmse: 13111.653122039925
  std: 12736.543390661498
trans:
  max: 192.79367427569582
  mean: 110.45829872525874
  median: 171.6471119508923
  min: 0.0
  num_samples: 772
  rmse: 137.32730671290165
  std: 81.59505752029878
