rot:
  max: 16.935048183553533
  mean: 16.935048183553533
  median: 16.935048183553533
  min: 16.935048183553533
  num_samples: 1
  rmse: 16.935048183553533
  std: 0.0
scale:
  max: 13111.653122039925
  mean: 13111.653122039925
  median: 13111.653122039925
  min: 13111.653122039925
  num_samples: 1
  rmse: 13111.653122039925
  std: 0.0
trans:
  max: 137.32730671290165
  mean: 137.32730671290165
  median: 137.32730671290165
  min: 137.32730671290165
  num_samples: 1
  rmse: 137.32730671290165
  std: 0.0
