rot:
  max: 28.5502536797989
  mean: 16.42213310733797
  median: 24.19751121096448
  min: 0.00014039785329892146
  num_samples: 772
  rmse: 19.888185022881856
  std: 11.21844230315672
scale:
  max: 185428.66258761584
  mean: 3298.5957058646372
  median: 451.4152676284042
  min: 0.6678696639874415
  num_samples: 772
  rmse: 13839.619412515194
  std: 13440.771252146167
trans:
  max: 210.3315727760407
  mean: 118.36876645352325
  median: 184.74058771054143
  min: 0.0
  num_samples: 772
  rmse: 147.6610841020252
  std: 88.27587941480182
