rot:
  max: 19.888185022881856
  mean: 19.888185022881856
  median: 19.888185022881856
  min: 19.888185022881856
  num_samples: 1
  rmse: 19.888185022881856
  std: 0.0
scale:
  max: 13839.619412515194
  mean: 13839.619412515194
  median: 13839.619412515194
  min: 13839.619412515194
  num_samples: 1
  rmse: 13839.619412515194
  std: 0.0
trans:
  max: 147.6610841020252
  mean: 147.6610841020252
  median: 147.6610841020252
  min: 147.6610841020252
  num_samples: 1
  rmse: 147.6610841020252
  std: 0.0
