rot:
  max: 30.938836953968014
  mean: 17.321302927233422
  median: 25.5224259000183
  min: 0.00014039785329892146
  num_samples: 772
  rmse: 21.172290087714874
  std: 12.175316524072981
scale:
  max: 202016.80908952272
  mean: 3558.1213321468367
  median: 482.9641966086004
  min: 0.05036535939757503
  num_samples: 772
  rmse: 14913.644016699178
  std: 14482.974502585745
trans:
  max: 224.7798771225334
  mean: 126.7543086988407
  median: 197.59540457854536
  min: 0.0
  num_samples: 772
  rmse: 158.56550855357577
  std: 95.26996236554888
