rot:
  max: 21.172290087714874
  mean: 21.172290087714874
  median: 21.172290087714874
  min: 21.172290087714874
  num_samples: 1
  rmse: 21.172290087714874
  std: 0.0
scale:
  max: 14913.644016699178
  mean: 14913.644016699178
  median: 14913.644016699178
  min: 14913.644016699178
  num_samples: 1
  rmse: 14913.644016699178
  std: 0.0
trans:
  max: 158.56550855357577
  mean: 158.56550855357577
  median: 158.56550855357577
  min: 158.56550855357577
  num_samples: 1
  rmse: 158.56550855357577
  std: 0.0
