rot:
  max: 23.103234532419364
  mean: 14.759052995130512
  median: 15.875783295403306
  min: 1.1459155902616465e-14
  num_samples: 2095
  rmse: 15.820988793222488
  std: 5.698599922981132
scale:
  max: 109476.9373303479
  mean: 731.7824880585715
  median: 10.5325397061814
  min: 0.017645722360071225
  num_samples: 2095
  rmse: 6945.326508817443
  std: 6906.667409413391
trans:
  max: 525.9324298355967
  mean: 290.4773071621151
  median: 360.21918495014256
  min: 0.0
  num_samples: 2095
  rmse: 335.9510962462407
  std: 168.77817718205492
