rot:
  max: 15.820988793222488
  mean: 15.820988793222488
  median: 15.820988793222488
  min: 15.820988793222488
  num_samples: 1
  rmse: 15.820988793222488
  std: 0.0
scale:
  max: 6945.326508817443
  mean: 6945.326508817443
  median: 6945.326508817443
  min: 6945.326508817443
  num_samples: 1
  rmse: 6945.326508817443
  std: 0.0
trans:
  max: 335.9510962462407
  mean: 335.9510962462407
  median: 335.9510962462407
  min: 335.9510962462407
  num_samples: 1
  rmse: 335.9510962462407
  std: 0.0
