rot:
  max: 9.729838363829968
  mean: 2.87933184018187
  median: 2.6952916965940132
  min: 0.0036168793486788336
  num_samples: 2111
  rmse: 3.2651199677857705
  std: 1.5396287078864954
scale:
  max: 20119106.501214705
  mean: 17690.185959679453
  median: 1.3200360141827572
  min: 0.026506037249562908
  num_samples: 2111
  rmse: 542013.5584849115
  std: 541724.7962777673
trans:
  max: 99.72705654163094
  mean: 59.502554347645614
  median: 69.66720371845591
  min: 0.0
  num_samples: 2111
  rmse: 67.79807970420744
  std: 32.49654808873622
