rot:
  max: 3.2651199677857705
  mean: 3.2651199677857705
  median: 3.2651199677857705
  min: 3.2651199677857705
  num_samples: 1
  rmse: 3.2651199677857705
  std: 0.0
scale:
  max: 542013.5584849115
  mean: 542013.5584849115
  median: 542013.5584849115
  min: 542013.5584849115
  num_samples: 1
  rmse: 542013.5584849115
  std: 0.0
trans:
  max: 67.79807970420744
  mean: 67.79807970420744
  median: 67.79807970420744
  min: 67.79807970420744
  num_samples: 1
  rmse: 67.79807970420744
  std: 0.0
