rot:
  max: 9.104012387696251
  mean: 2.9747346064979348
  median: 3.893147566180377
  min: 0.00022627366472156559
  num_samples: 535
  rmse: 4.163175936470723
  std: 2.9125569348791207
scale:
  max: 2557282.951710896
  mean: 8015.406035668297
  median: 6.108107695517284
  min: 0.059763306993498855
  num_samples: 535
  rmse: 126337.55052399813
  std: 126083.02795573698
trans:
  max: 13.328490800636086
  mean: 5.18802958584361
  median: 5.18574158548786
  min: 0.0
  num_samples: 535
  rmse: 6.470115548470622
  std: 3.8661019421340503
