rot:
  max: 4.163175936470723
  mean: 4.163175936470723
  median: 4.163175936470723
  min: 4.163175936470723
  num_samples: 1
  rmse: 4.163175936470723
  std: 0.0
scale:
  max: 126337.55052399813
  mean: 126337.55052399813
  median: 126337.55052399813
  min: 126337.55052399813
  num_samples: 1
  rmse: 126337.55052399813
  std: 0.0
trans:
  max: 6.470115548470622
  mean: 6.470115548470622
  median: 6.470115548470622
  min: 6.470115548470622
  num_samples: 1
  rmse: 6.470115548470622
  std: 0.0
