rot:
  max: 2.2396522523668128
  mean: 2.2396522523668128
  median: 2.2396522523668128
  min: 2.2396522523668128
  num_samples: 1
  rmse: 2.2396522523668128
  std: 0.0
scale:
  max: 3823.598837073306
  mean: 3823.598837073306
  median: 3823.598837073306
  min: 3823.598837073306
  num_samples: 1
  rmse: 3823.598837073306
  std: 0.0
trans:
  max: 5.2435724229440615
  mean: 5.2435724229440615
  median: 5.2435724229440615
  min: 5.2435724229440615
  num_samples: 1
  rmse: 5.2435724229440615
  std: 0.0
