rot:
  max: 30.57932202329492
  mean: 17.84383548435743
  median: 25.900745339914693
  min: 0.002037169356248867
  num_samples: 772
  rmse: 21.496512469760038
  std: 11.98739269273079
scale:
  max: 104093.7028089319
  mean: 2673.6964588062283
  median: 445.6070839683458
  min: 0.007389524266632197
  num_samples: 772
  rmse: 10604.75432020362
  std: 10262.171380270569
trans:
  max: 206.59577771413475
  mean: 115.61740026192106
  median: 182.5143153137618
  min: 0.0
  num_samples: 772
  rmse: 145.07161744342562
  std: 87.62642834400114
