rot:
  max: 21.496512469760038
  mean: 21.496512469760038
  median: 21.496512469760038
  min: 21.496512469760038
  num_samples: 1
  rmse: 21.496512469760038
  std: 0.0
scale:
  max: 10604.75432020362
  mean: 10604.75432020362
  median: 10604.75432020362
  min: 10604.75432020362
  num_samples: 1
  rmse: 10604.75432020362
  std: 0.0
trans:
  max: 145.07161744342562
  mean: 145.07161744342562
  median: 145.07161744342562
  min: 145.07161744342562
  num_samples: 1
  rmse: 145.07161744342562
  std: 0.0
