rot:
  max: 11.111877377430373
  mean: 6.10234323050174
  median: 5.213543516991642
  min: 0.0
  num_samples: 792
  rmse: 6.831790187428756
  std: 3.071606137218352
scale:
  max: 3418.5154349419145
  mean: 80.42022973854334
  median: 6.092787813370171
  min: 0.00434050401654229
  num_samples: 792
  rmse: 278.3878597684022
  std: 266.5190182993167
trans:
  max: 29.134816922116602
  mean: 15.574146213447012
  median: 17.337773829864318
  min: 0.0
  num_samples: 792
  rmse: 17.510101165901535
  std: 8.003100184446046
