rot:
  max: 6.831790187428756
  mean: 6.831790187428756
  median: 6.831790187428756
  min: 6.831790187428756
  num_samples: 1
  rmse: 6.831790187428756
  std: 0.0
scale:
  max: 278.3878597684022
  mean: 278.3878597684022
  median: 278.3878597684022
  min: 278.3878597684022
  num_samples: 1
  rmse: 278.3878597684022
  std: 0.0
trans:
  max: 17.510101165901535
  mean: 17.510101165901535
  median: 17.510101165901535
  min: 17.510101165901535
  num_samples: 1
  rmse: 17.510101165901535
  std: 0.0
