rot:
  max: 9.210618492556456
  mean: 3.973252154853861
  median: 3.8556860189992426
  min: 0.0023198233863703107
  num_samples: 2095
  rmse: 4.160912529742645
  std: 1.2355000583239497
scale:
  max: 21320.45875331336
  mean: 141.03990699431967
  median: 3.653243732011746
  min: 0.11144497197890235
  num_samples: 2095
  rmse: 1349.9944224052347
  std: 1342.6066755235045
trans:
  max: 129.91311218910258
  mean: 72.87421526444363
  median: 72.08934940537061
  min: 0.0
  num_samples: 2095
  rmse: 81.92992922390151
  std: 37.44144831900924
