rot:
  max: 4.160912529742645
  mean: 4.160912529742645
  median: 4.160912529742645
  min: 4.160912529742645
  num_samples: 1
  rmse: 4.160912529742645
  std: 0.0
scale:
  max: 1349.9944224052347
  mean: 1349.9944224052347
  median: 1349.9944224052347
  min: 1349.9944224052347
  num_samples: 1
  rmse: 1349.9944224052347
  std: 0.0
trans:
  max: 81.92992922390151
  mean: 81.92992922390151
  median: 81.92992922390151
  min: 81.92992922390151
  num_samples: 1
  rmse: 81.92992922390151
  std: 0.0
