rot:
  max: 12.1056057389247
  mean: 6.323369926120439
  median: 6.851465203289308
  min: 0.0011563767715691445
  num_samples: 535
  rmse: 7.207523156871745
  std: 3.45881234447289
scale:
  max: 3375844.9481039
  mean: 14613.201190765452
  median: 7.924306532961733
  min: 0.00239249802446162
  num_samples: 535
  rmse: 206148.22509453646
  std: 205629.63079426534
trans:
  max: 33.98267185279909
  mean: 15.820744868777833
  median: 18.06174918536369
  min: 4.0797911805097564e-08
  num_samples: 535
  rmse: 19.82627596468255
  std: 11.949278238654788
