rot:
  max: 7.207523156871745
  mean: 7.207523156871745
  median: 7.207523156871745
  min: 7.207523156871745
  num_samples: 1
  rmse: 7.207523156871745
  std: 0.0
scale:
  max: 206148.22509453646
  mean: 206148.22509453646
  median: 206148.22509453646
  min: 206148.22509453646
  num_samples: 1
  rmse: 206148.22509453646
  std: 0.0
trans:
  max: 19.82627596468255
  mean: 19.82627596468255
  median: 19.82627596468255
  min: 19.82627596468255
  num_samples: 1
  rmse: 19.82627596468255
  std: 0.0
