rot:
  max: 25.314181553429794
  mean: 15.668517494676928
  median: 15.652326568744554
  min: 0.0
  num_samples: 2686
  rmse: 16.82093759921621
  std: 6.1189460886437566
scale:
  max: 155346.4731462277
  mean: 530.3892318435413
  median: 10.102861414263153
  min: 0.09715788948414517
  num_samples: 2686
  rmse: 4408.8881913719115
  std: 4376.869011835184
trans:
  max: 466.1236635145702
  mean: 283.48195777330716
  median: 344.49721775348246
  min: 0.0
  num_samples: 2686
  rmse: 318.4256950384532
  std: 145.02724874221016
