rot:
  max: 16.82093759921621
  mean: 16.82093759921621
  median: 16.82093759921621
  min: 16.82093759921621
  num_samples: 1
  rmse: 16.82093759921621
  std: 0.0
scale:
  max: 4408.8881913719115
  mean: 4408.8881913719115
  median: 4408.8881913719115
  min: 4408.8881913719115
  num_samples: 1
  rmse: 4408.8881913719115
  std: 0.0
trans:
  max: 318.4256950384532
  mean: 318.4256950384532
  median: 318.4256950384532
  min: 318.4256950384532
  num_samples: 1
  rmse: 318.4256950384532
  std: 0.0
