rot:
  max: 20.96451225703571
  mean: 10.440328131090164
  median: 8.463856046835355
  min: 0.0007801794054116189
  num_samples: 1101
  rmse: 12.274801493888486
  std: 6.455253692112676
scale:
  max: 1075.418366396347
  mean: 7.278910734577686
  median: 3.9070367898266234
  min: 0.0023928354863755885
  num_samples: 1101
  rmse: 43.053599797751104
  std: 42.43382983025412
trans:
  max: 239.28901727365246
  mean: 94.33043379978515
  median: 86.36673111840737
  min: 1.2476799491734092e-08
  num_samples: 1101
  rmse: 118.96127322955961
  std: 72.4814030461765
