rot:
  max: 12.274801493888486
  mean: 12.274801493888486
  median: 12.274801493888486
  min: 12.274801493888486
  num_samples: 1
  rmse: 12.274801493888486
  std: 0.0
scale:
  max: 43.053599797751104
  mean: 43.053599797751104
  median: 43.053599797751104
  min: 43.053599797751104
  num_samples: 1
  rmse: 43.053599797751104
  std: 0.0
trans:
  max: 118.96127322955961
  mean: 118.96127322955961
  median: 118.96127322955961
  min: 118.96127322955961
  num_samples: 1
  rmse: 118.96127322955961
  std: 0.0
