rot:
  max: 13.338613024811364
  mean: 3.5003915017362206
  median: 3.339604269594523
  min: 0.0006741862031264913
  num_samples: 1330
  rmse: 4.043236861329395
  std: 2.023616478334177
scale:
  max: 11823396.453366015
  mean: 17076.676256211715
  median: 2.1636334582287753
  min: 0.012044309517533769
  num_samples: 1330
  rmse: 399061.35695665376
  std: 398695.8160604728
trans:
  max: 87.09969791879959
  mean: 40.786469508454104
  median: 43.99123314059893
  min: 0.0
  num_samples: 1330
  rmse: 49.79632304297631
  std: 28.56812373321702
