rot:
  max: 14.690450898115273
  mean: 4.206062538932349
  median: 3.818493741312028
  min: 0.0005860310670338717
  num_samples: 1101
  rmse: 4.69300176014694
  std: 2.0816588191469436
scale:
  max: 331.15703572743234
  mean: 6.1192518056147
  median: 2.542782676650601
  min: 0.11356423551375228
  num_samples: 1101
  rmse: 26.40948506862213
  std: 25.690769917019935
trans:
  max: 119.40875440974926
  mean: 66.13748173247318
  median: 83.46226560634493
  min: 0.0
  num_samples: 1101
  rmse: 78.03144089579364
  std: 41.40941050486608
