rot:
  max: 4.69300176014694
  mean: 4.69300176014694
  median: 4.69300176014694
  min: 4.69300176014694
  num_samples: 1
  rmse: 4.69300176014694
  std: 0.0
scale:
  max: 26.40948506862213
  mean: 26.40948506862213
  median: 26.40948506862213
  min: 26.40948506862213
  num_samples: 1
  rmse: 26.40948506862213
  std: 0.0
trans:
  max: 78.03144089579364
  mean: 78.03144089579364
  median: 78.03144089579364
  min: 78.03144089579364
  num_samples: 1
  rmse: 78.03144089579364
  std: 0.0
