rot:
  max: 13.650360257746991
  mean: 3.6575232657565047
  median: 3.7292845731498057
  min: 0.0020692876248442804
  num_samples: 1345
  rmse: 4.113158997827142
  std: 1.8816483470234957
scale:
  max: 2078.8167206574158
  mean: 18.59790032441877
  median: 2.606195963753377
  min: 0.10452836067007532
  num_samples: 1345
  rmse: 106.68038598938003
  std: 105.04676510186353
trans:
  max: 120.23807905496523
  mean: 51.53926030716351
  median: 59.776880717206794
  min: 0.0
  num_samples: 1345
  rmse: 63.24646332716946
  std: 36.658147394343736
