rot:
  max: 4.113158997827142
  mean: 4.113158997827142
  median: 4.113158997827142
  min: 4.113158997827142
  num_samples: 1
  rmse: 4.113158997827142
  std: 0.0
scale:
  max: 106.68038598938003
  mean: 106.68038598938003
  median: 106.68038598938003
  min: 106.68038598938003
  num_samples: 1
  rmse: 106.68038598938003
  std: 0.0
trans:
  max: 63.24646332716946
  mean: 63.24646332716946
  median: 63.24646332716946
  min: 63.24646332716946
  num_samples: 1
  rmse: 63.24646332716946
  std: 0.0
