rot:
  max: 10.967288442665854
  mean: 5.832674127725274
  median: 5.936963734791408
  min: 0.0036168793486788336
  num_samples: 2111
  rmse: 6.073843252250698
  std: 1.6945454767209858
scale:
  max: 20119106.501214705
  mean: 17966.17052828499
  median: 3.961098875725022
  min: 0.05543400660594777
  num_samples: 2111
  rmse: 542026.275000115
  std: 541728.4370485353
trans:
  max: 282.34844278259266
  mean: 162.09978839277414
  median: 191.74582537284297
  min: 0.0
  num_samples: 2111
  rmse: 186.6663256373976
  std: 92.56336062387116
