rot:
  max: 6.073843252250698
  mean: 6.073843252250698
  median: 6.073843252250698
  min: 6.073843252250698
  num_samples: 1
  rmse: 6.073843252250698
  std: 0.0
scale:
  max: 542026.275000115
  mean: 542026.275000115
  median: 542026.275000115
  min: 542026.275000115
  num_samples: 1
  rmse: 542026.275000115
  std: 0.0
trans:
  max: 186.6663256373976
  mean: 186.6663256373976
  median: 186.6663256373976
  min: 186.6663256373976
  num_samples: 1
  rmse: 186.6663256373976
  std: 0.0
