rot:
  max: 25.769179813929846
  mean: 15.074333769605257
  median: 21.55405882391894
  min: 0.0
  num_samples: 772
  rmse: 17.95176056442847
  std: 9.748341846955705
scale:
  max: 90950.55428725303
  mean: 2254.148415980459
  median: 206.85974136640542
  min: 0.032578984557796176
  num_samples: 772
  rmse: 9283.17249182656
  std: 9005.33766339376
trans:
  max: 182.01978334299292
  mean: 101.9604962659406
  median: 162.01085087171685
  min: 0.0
  num_samples: 772
  rmse: 127.96380045015997
  std: 77.32264498095932
