rot:
  max: 17.95176056442847
  mean: 17.95176056442847
  median: 17.95176056442847
  min: 17.95176056442847
  num_samples: 1
  rmse: 17.95176056442847
  std: 0.0
scale:
  max: 9283.17249182656
  mean: 9283.17249182656
  median: 9283.17249182656
  min: 9283.17249182656
  num_samples: 1
  rmse: 9283.17249182656
  std: 0.0
trans:
  max: 127.96380045015997
  mean: 127.96380045015997
  median: 127.96380045015997
  min: 127.96380045015997
  num_samples: 1
  rmse: 127.96380045015997
  std: 0.0
