rot:
  max: 17.59110906416927
  mean: 9.00839770212581
  median: 7.2182936294404865
  min: 0.0007801794054116189
  num_samples: 1101
  rmse: 10.5607781054893
  std: 5.511697110121038
scale:
  max: 1075.418366396347
  mean: 7.2782265011666905
  median: 3.75716411007343
  min: 0.014344506879426788
  num_samples: 1101
  rmse: 43.043466738306876
  std: 42.423666129289735
trans:
  max: 206.32378962154974
  mean: 83.90440777059513
  median: 79.60200055445611
  min: 1.2476799491734092e-08
  num_samples: 1101
  rmse: 103.4683143588684
  std: 60.54537499207772
