rot:
  max: 10.5607781054893
  mean: 10.5607781054893
  median: 10.5607781054893
  min: 10.5607781054893
  num_samples: 1
  rmse: 10.5607781054893
  std: 0.0
scale:
  max: 43.043466738306876
  mean: 43.043466738306876
  median: 43.043466738306876
  min: 43.043466738306876
  num_samples: 1
  rmse: 43.043466738306876
  std: 0.0
trans:
  max: 103.4683143588684
  mean: 103.4683143588684
  median: 103.4683143588684
  min: 103.4683143588684
  num_samples: 1
  rmse: 103.4683143588684
  std: 0.0
