rot:
  max: 178.69459689464333
  mean: 11.58988321884037
  median: 8.662512182073545
  min: 0.0045074312552784495
  num_samples: 2592
  rmse: 24.652892766809693
  std: 21.758670197083738
scale:
  max: 1227969.5772190748
  mean: 549.7727915730414
  median: 5.835554086280315
  min: 0.14049165701337518
  num_samples: 2592
  rmse: 24121.095881924557
  std: 24114.82980289605
trans:
  max: 216.9794895536393
  mean: 128.89792329525005
  median: 147.6892427705235
  min: 0.0012280695772190749
  num_samples: 2592
  rmse: 143.09344170394291
  std: 62.137415691767785
