rot:
  max: 24.652892766809693
  mean: 24.652892766809693
  median: 24.652892766809693
  min: 24.652892766809693
  num_samples: 1
  rmse: 24.652892766809693
  std: 0.0
scale:
  max: 24121.095881924557
  mean: 24121.095881924557
  median: 24121.095881924557
  min: 24121.095881924557
  num_samples: 1
  rmse: 24121.095881924557
  std: 0.0
trans:
  max: 143.09344170394291
  mean: 143.09344170394291
  median: 143.09344170394291
  min: 143.09344170394291
  num_samples: 1
  rmse: 143.09344170394291
  std: 0.0
