rot:
  max: 6.322230335655728
  mean: 6.322230335655728
  median: 6.322230335655728
  min: 6.322230335655728
  num_samples: 1
  rmse: 6.322230335655728
  std: 0.0
scale:
  max: 217.80263835939974
  mean: 217.80263835939974
  median: 217.80263835939974
  min: 217.80263835939974
  num_samples: 1
  rmse: 217.80263835939974
  std: 0.0
trans:
  max: 16.02418760929964
  mean: 16.02418760929964
  median: 16.02418760929964
  min: 16.02418760929964
  num_samples: 1
  rmse: 16.02418760929964
  std: 0.0
