rot:
  max: 175.9860961453471
  mean: 12.468639816060577
  median: 9.806189595534107
  min: 0.03371887288229111
  num_samples: 2592
  rmse: 20.5739178128616
  std: 16.365179965638404
scale:
  max: 1227981.1363360449
  mean: 571.6613855647162
  median: 8.356899138691176
  min: 0.04424654630270641
  num_samples: 2592
  rmse: 24122.394497551366
  std: 24115.619825245016
trans:
  max: 307.53215887441416
  mean: 212.28738965062587
  median: 254.63619774278618
  min: 0.001228081136336045
  num_samples: 2592
  rmse: 228.80806831540556
  std: 85.36507670910068
