rot:
  max: 20.5739178128616
  mean: 20.5739178128616
  median: 20.5739178128616
  min: 20.5739178128616
  num_samples: 1
  rmse: 20.5739178128616
  std: 0.0
scale:
  max: 24122.394497551366
  mean: 24122.394497551366
  median: 24122.394497551366
  min: 24122.394497551366
  num_samples: 1
  rmse: 24122.394497551366
  std: 0.0
trans:
  max: 228.80806831540556
  mean: 228.80806831540556
  median: 228.80806831540556
  min: 228.80806831540556
  num_samples: 1
  rmse: 228.80806831540556
  std: 0.0
