rot:
  max: 179.77299815107915
  mean: 14.26327435233349
  median: 10.467653353095908
  min: 0.03371887288227116
  num_samples: 2592
  rmse: 25.578315060525217
  std: 21.23226803913225
scale:
  max: 1227981.1363360449
  mean: 586.1697186456391
  median: 8.896247956644153
  min: 0.1958075929818115
  num_samples: 2592
  rmse: 24123.15947487817
  std: 24116.036741374977
trans:
  max: 299.42022156413276
  mean: 207.3326514629059
  median: 243.8586018981906
  min: 0.001228081136336045
  num_samples: 2592
  rmse: 223.41966071856302
  std: 83.24371707798119
