rot:
  max: 25.578315060525217
  mean: 25.578315060525217
  median: 25.578315060525217
  min: 25.578315060525217
  num_samples: 1
  rmse: 25.578315060525217
  std: 0.0
scale:
  max: 24123.15947487817
  mean: 24123.15947487817
  median: 24123.15947487817
  min: 24123.15947487817
  num_samples: 1
  rmse: 24123.15947487817
  std: 0.0
trans:
  max: 223.41966071856302
  mean: 223.41966071856302
  median: 223.41966071856302
  min: 223.41966071856302
  num_samples: 1
  rmse: 223.41966071856302
  std: 0.0
