rot:
  max: 17.97355248175244
  mean: 11.023866299305716
  median: 10.460701579852255
  min: 0.00212969360678017
  num_samples: 1330
  rmse: 12.381563423934473
  std: 5.637152174275911
scale:
  max: 24519810.477114342
  mean: 30674.217423676757
  median: 4.938067284949521
  min: 0.0432237070725483
  num_samples: 1330
  rmse: 762003.4750290285
  std: 761385.8340826681
trans:
  max: 297.28953034295864
  mean: 103.10217762731352
  median: 89.78101193304215
  min: 9.938361130639345e-08
  num_samples: 1330
  rmse: 131.76359744723774
  std: 82.04624659753551
