rot:
  max: 12.381563423934473
  mean: 12.381563423934473
  median: 12.381563423934473
  min: 12.381563423934473
  num_samples: 1
  rmse: 12.381563423934473
  std: 0.0
scale:
  max: 762003.4750290285
  mean: 762003.4750290285
  median: 762003.4750290285
  min: 762003.4750290285
  num_samples: 1
  rmse: 762003.4750290285
  std: 0.0
trans:
  max: 131.76359744723774
  mean: 131.76359744723774
  median: 131.76359744723774
  min: 131.76359744723774
  num_samples: 1
  rmse: 131.76359744723774
  std: 0.0
