rot:
  max: 15.022071554334918
  mean: 7.961921203386328
  median: 10.205829170631171
  min: 0.0011563767715691445
  num_samples: 535
  rmse: 9.362391357581563
  std: 4.925665709686877
scale:
  max: 3375844.5533309174
  mean: 14648.613001104113
  median: 9.386686505631992
  min: 0.02874428362963366
  num_samples: 535
  rmse: 206148.6328085771
  std: 205627.5199140169
trans:
  max: 46.6895555797281
  mean: 20.25608480090055
  median: 21.772348532584182
  min: 4.0797911805097564e-08
  num_samples: 535
  rmse: 25.686033351157388
  std: 15.794408436389613
