rot:
  max: 9.362391357581563
  mean: 9.362391357581563
  median: 9.362391357581563
  min: 9.362391357581563
  num_samples: 1
  rmse: 9.362391357581563
  std: 0.0
scale:
  max: 206148.6328085771
  mean: 206148.6328085771
  median: 206148.6328085771
  min: 206148.6328085771
  num_samples: 1
  rmse: 206148.6328085771
  std: 0.0
trans:
  max: 25.686033351157388
  mean: 25.686033351157388
  median: 25.686033351157388
  min: 25.686033351157388
  num_samples: 1
  rmse: 25.686033351157388
  std: 0.0
