rot:
  max: 15.080951759773283
  mean: 8.613615251284912
  median: 13.24043251686689
  min: 0.0006785081735415092
  num_samples: 535
  rmse: 10.4950858814428
  std: 5.99603702137436
scale:
  max: 3152900.0099882293
  mean: 13736.945617384508
  median: 13.358293803383736
  min: 0.03650265431327515
  num_samples: 535
  rmse: 192947.31675242606
  std: 192457.69240813956
trans:
  max: 58.06080121520212
  mean: 23.840732046108503
  median: 21.12779041766901
  min: 3.8474106316268337e-08
  num_samples: 535
  rmse: 31.448795805032635
  std: 20.50966243243153
