rot:
  max: 10.4950858814428
  mean: 10.4950858814428
  median: 10.4950858814428
  min: 10.4950858814428
  num_samples: 1
  rmse: 10.4950858814428
  std: 0.0
scale:
  max: 192947.31675242606
  mean: 192947.31675242606
  median: 192947.31675242606
  min: 192947.31675242606
  num_samples: 1
  rmse: 192947.31675242606
  std: 0.0
trans:
  max: 31.448795805032635
  mean: 31.448795805032635
  median: 31.448795805032635
  min: 31.448795805032635
  num_samples: 1
  rmse: 31.448795805032635
  std: 0.0
