rot:
  max: 26.8147538824159
  mean: 15.747893640003857
  median: 22.5495460427885
  min: 0.002037169356248867
  num_samples: 772
  rmse: 18.603067160793227
  std: 9.903431409976516
scale:
  max: 106915.3651090834
  mean: 2757.13492765334
  median: 444.61777156048515
  min: 0.0003801935294589498
  num_samples: 772
  rmse: 10893.557060771274
  std: 10538.870547975892
trans:
  max: 204.84141221697612
  mean: 117.57526079788164
  median: 182.30097668508824
  min: 0.0
  num_samples: 772
  rmse: 145.8194189310121
  std: 86.25173033445836
