rot:
  max: 18.603067160793227
  mean: 18.603067160793227
  median: 18.603067160793227
  min: 18.603067160793227
  num_samples: 1
  rmse: 18.603067160793227
  std: 0.0
scale:
  max: 10893.557060771274
  mean: 10893.557060771274
  median: 10893.557060771274
  min: 10893.557060771274
  num_samples: 1
  rmse: 10893.557060771274
  std: 0.0
trans:
  max: 145.8194189310121
  mean: 145.8194189310121
  median: 145.8194189310121
  min: 145.8194189310121
  num_samples: 1
  rmse: 145.8194189310121
  std: 0.0
