rot:
  max: 9.490034303761362
  mean: 4.122244754674551
  median: 3.4621450396629454
  min: 0.00260916829651933
  num_samples: 535
  rmse: 5.059912016197798
  std: 2.934247398264336
scale:
  max: 2560772.933327428
  mean: 8397.134560245491
  median: 44.744940553438454
  min: 0.015209358787227067
  num_samples: 535
  rmse: 126941.5176027972
  std: 126663.47943459633
trans:
  max: 51.204858078824586
  mean: 23.069746797504383
  median: 15.557153335599281
  min: 0.0
  num_samples: 535
  rmse: 31.417294637138166
  std: 21.326818445698525
