rot:
  max: 5.059912016197798
  mean: 5.059912016197798
  median: 5.059912016197798
  min: 5.059912016197798
  num_samples: 1
  rmse: 5.059912016197798
  std: 0.0
scale:
  max: 126941.5176027972
  mean: 126941.5176027972
  median: 126941.5176027972
  min: 126941.5176027972
  num_samples: 1
  rmse: 126941.5176027972
  std: 0.0
trans:
  max: 31.417294637138166
  mean: 31.417294637138166
  median: 31.417294637138166
  min: 31.417294637138166
  num_samples: 1
  rmse: 31.417294637138166
  std: 0.0
