rot:
  max: 13.357156273980133
  mean: 7.451107433843679
  median: 10.081991359324018
  min: 0.0006785081735415092
  num_samples: 535
  rmse: 8.915132440204895
  std: 4.894954998333807
scale:
  max: 3152899.5866021384
  mean: 13646.534767165576
  median: 8.784145640752406
  min: 0.023320702813134364
  num_samples: 535
  rmse: 192945.73419255012
  std: 192462.53773644043
trans:
  max: 43.0780800555179
  mean: 18.12391336133041
  median: 19.67357204287561
  min: 3.8474106316268337e-08
  num_samples: 535
  rmse: 23.077302869955627
  std: 14.285855669950307
