rot:
  max: 8.915132440204895
  mean: 8.915132440204895
  median: 8.915132440204895
  min: 8.915132440204895
  num_samples: 1
  rmse: 8.915132440204895
  std: 0.0
scale:
  max: 192945.73419255012
  mean: 192945.73419255012
  median: 192945.73419255012
  min: 192945.73419255012
  num_samples: 1
  rmse: 192945.73419255012
  std: 0.0
trans:
  max: 23.077302869955627
  mean: 23.077302869955627
  median: 23.077302869955627
  min: 23.077302869955627
  num_samples: 1
  rmse: 23.077302869955627
  std: 0.0
