rot:
  max: 29.222373324273644
  mean: 16.78587953237724
  median: 16.719955260678795
  min: 0.0
  num_samples: 2686
  rmse: 18.311391025859216
  std: 7.3171913755508795
scale:
  max: 167124.82587512946
  mean: 571.4823589300044
  median: 9.61298911941444
  min: 0.09462916135756227
  num_samples: 2686
  rmse: 4742.371527562062
  std: 4707.812190270882
trans:
  max: 451.03366734629304
  mean: 275.65572378724244
  median: 343.19698432156315
  min: 0.0
  num_samples: 2686
  rmse: 307.9766558034038
  std: 137.34461206461566
