rot:
  max: 46.10779245450731
  mean: 27.677659975084012
  median: 43.79295852402538
  min: 0.0
  num_samples: 772
  rmse: 34.96072583668395
  std: 21.35882696524819
scale:
  max: 206665.50444514345
  mean: 3393.4264708833052
  median: 502.63925129446795
  min: 0.013743465329119076
  num_samples: 772
  rmse: 14416.841970249237
  std: 14011.780371596195
trans:
  max: 245.8835150621325
  mean: 129.85812793954585
  median: 205.4960404599363
  min: 0.0
  num_samples: 772
  rmse: 165.36117784548168
  std: 102.37766234136019
