rot:
  max: 34.96072583668395
  mean: 34.96072583668395
  median: 34.96072583668395
  min: 34.96072583668395
  num_samples: 1
  rmse: 34.96072583668395
  std: 0.0
scale:
  max: 14416.841970249237
  mean: 14416.841970249237
  median: 14416.841970249237
  min: 14416.841970249237
  num_samples: 1
  rmse: 14416.841970249237
  std: 0.0
trans:
  max: 165.36117784548168
  mean: 165.36117784548168
  median: 165.36117784548168
  min: 165.36117784548168
  num_samples: 1
  rmse: 165.36117784548168
  std: 0.0
