rot:
  max: 19.828868711401494
  mean: 12.593023912881895
  median: 13.460014644608922
  min: 0.0
  num_samples: 2078
  rmse: 13.397359111197503
  std: 4.572196396041134
scale:
  max: 66623.50133992394
  mean: 478.0979731215125
  median: 9.04568969686601
  min: 0.08928865002801878
  num_samples: 2078
  rmse: 4333.636845779743
  std: 4307.183608716594
trans:
  max: 438.87270278532816
  mean: 241.44148116175737
  median: 263.5327348550354
  min: 0.0
  num_samples: 2078
  rmse: 277.171573771248
  std: 136.12528229997233
