rot:
  max: 13.397359111197503
  mean: 13.397359111197503
  median: 13.397359111197503
  min: 13.397359111197503
  num_samples: 1
  rmse: 13.397359111197503
  std: 0.0
scale:
  max: 4333.636845779743
  mean: 4333.636845779743
  median: 4333.636845779743
  min: 4333.636845779743
  num_samples: 1
  rmse: 4333.636845779743
  std: 0.0
trans:
  max: 277.171573771248
  mean: 277.171573771248
  median: 277.171573771248
  min: 277.171573771248
  num_samples: 1
  rmse: 277.171573771248
  std: 0.0
