rot:
  max: 8.53935661019261
  mean: 2.899923911016006
  median: 2.5937556641911175
  min: 0.0023198233863703107
  num_samples: 2095
  rmse: 3.2580800118677886
  std: 1.4851015702806467
scale:
  max: 18233.318118901956
  mean: 115.5975340823103
  median: 0.6520621238309765
  min: 0.004521657905698362
  num_samples: 2095
  rmse: 1155.6037808319938
  std: 1149.807509275917
trans:
  max: 91.72837768003824
  mean: 51.38893257066826
  median: 60.07367162045012
  min: 0.0
  num_samples: 2095
  rmse: 59.574399627261066
  std: 30.137795211261125
