rot:
  max: 3.2580800118677886
  mean: 3.2580800118677886
  median: 3.2580800118677886
  min: 3.2580800118677886
  num_samples: 1
  rmse: 3.2580800118677886
  std: 0.0
scale:
  max: 1155.6037808319938
  mean: 1155.6037808319938
  median: 1155.6037808319938
  min: 1155.6037808319938
  num_samples: 1
  rmse: 1155.6037808319938
  std: 0.0
trans:
  max: 59.574399627261066
  mean: 59.574399627261066
  median: 59.574399627261066
  min: 59.574399627261066
  num_samples: 1
  rmse: 59.574399627261066
  std: 0.0
