rot:
  max: 9.776430156135307
  mean: 2.6349079708696532
  median: 2.4169756333626893
  min: 0.0
  num_samples: 792
  rmse: 3.0817497720906424
  std: 1.5982620695080931
scale:
  max: 2470.2891440773465
  mean: 58.55152104883779
  median: 4.749564306545306
  min: 0.025872113312330747
  num_samples: 792
  rmse: 215.37707825149778
  std: 207.26554276825487
trans:
  max: 17.224119036592526
  mean: 10.830509082691616
  median: 10.500259509435303
  min: 0.0
  num_samples: 792
  rmse: 12.221132382354417
  std: 5.66181505497717
