rot:
  max: 3.0817497720906424
  mean: 3.0817497720906424
  median: 3.0817497720906424
  min: 3.0817497720906424
  num_samples: 1
  rmse: 3.0817497720906424
  std: 0.0
scale:
  max: 215.37707825149778
  mean: 215.37707825149778
  median: 215.37707825149778
  min: 215.37707825149778
  num_samples: 1
  rmse: 215.37707825149778
  std: 0.0
trans:
  max: 12.221132382354417
  mean: 12.221132382354417
  median: 12.221132382354417
  min: 12.221132382354417
  num_samples: 1
  rmse: 12.221132382354417
  std: 0.0
