rot:
  max: 29.142187735174264
  mean: 18.19583969301995
  median: 18.40690790284497
  min: 0.0
  num_samples: 2686
  rmse: 19.8091281975156
  std: 7.830260392319488
scale:
  max: 173196.5331138556
  mean: 593.3085669924635
  median: 10.675530030547897
  min: 0.08893810282344372
  num_samples: 2686
  rmse: 4915.854423006697
  std: 4879.919021103513
trans:
  max: 502.5964705869063
  mean: 304.0545471442823
  median: 373.7369278112026
  min: 0.0
  num_samples: 2686
  rmse: 341.0481972827723
  std: 154.4820547206509
