rot:
  max: 19.8091281975156
  mean: 19.8091281975156
  median: 19.8091281975156
  min: 19.8091281975156
  num_samples: 1
  rmse: 19.8091281975156
  std: 0.0
scale:
  max: 4915.854423006697
  mean: 4915.854423006697
  median: 4915.854423006697
  min: 4915.854423006697
  num_samples: 1
  rmse: 4915.854423006697
  std: 0.0
trans:
  max: 341.0481972827723
  mean: 341.0481972827723
  median: 341.0481972827723
  min: 341.0481972827723
  num_samples: 1
  rmse: 341.0481972827723
  std: 0.0
