rot:
  max: 12.43857790526603
  mean: 6.522063987860378
  median: 5.594730464622534
  min: 0.0
  num_samples: 792
  rmse: 7.348463599093123
  std: 3.385645965757709
scale:
  max: 3272.2452405608224
  mean: 78.5668103212308
  median: 6.807627119922421
  min: 0.3729867945899912
  num_samples: 792
  rmse: 274.4399902299288
  std: 262.9535406746811
trans:
  max: 30.9588027664476
  mean: 17.621232884992846
  median: 21.10629959039135
  min: 0.0
  num_samples: 792
  rmse: 19.61870664007714
  std: 8.624720392120182
