rot:
  max: 7.348463599093123
  mean: 7.348463599093123
  median: 7.348463599093123
  min: 7.348463599093123
  num_samples: 1
  rmse: 7.348463599093123
  std: 0.0
scale:
  max: 274.4399902299288
  mean: 274.4399902299288
  median: 274.4399902299288
  min: 274.4399902299288
  num_samples: 1
  rmse: 274.4399902299288
  std: 0.0
trans:
  max: 19.61870664007714
  mean: 19.61870664007714
  median: 19.61870664007714
  min: 19.61870664007714
  num_samples: 1
  rmse: 19.61870664007714
  std: 0.0
