rot:
  max: 5.529940921971124
  mean: 2.6324768182549314
  median: 2.6176716836120626
  min: 0.0
  num_samples: 788
  rmse: 3.137602688410924
  std: 1.7072247747950036
scale:
  max: 60892.8083513195
  mean: 837.8940858377413
  median: 59.43277197417607
  min: 0.025747380851259827
  num_samples: 788
  rmse: 3919.3675839236453
  std: 3828.7564245887474
trans:
  max: 58.020049061631426
  mean: 37.30424865352996
  median: 56.358123513509405
  min: 0.0
  num_samples: 788
  rmse: 44.519383952582714
  std: 24.2975015158573
