rot:
  max: 3.137602688410924
  mean: 3.137602688410924
  median: 3.137602688410924
  min: 3.137602688410924
  num_samples: 1
  rmse: 3.137602688410924
  std: 0.0
scale:
  max: 3919.3675839236453
  mean: 3919.3675839236453
  median: 3919.3675839236453
  min: 3919.3675839236453
  num_samples: 1
  rmse: 3919.3675839236453
  std: 0.0
trans:
  max: 44.519383952582714
  mean: 44.519383952582714
  median: 44.519383952582714
  min: 44.519383952582714
  num_samples: 1
  rmse: 44.519383952582714
  std: 0.0
