rot:
  max: 14.52626327462614
  mean: 14.52626327462614
  median: 14.52626327462614
  min: 14.52626327462614
  num_samples: 1
  rmse: 14.52626327462614
  std: 0.0
scale:
  max: 3534.510599558473
  mean: 3534.510599558473
  median: 3534.510599558473
  min: 3534.510599558473
  num_samples: 1
  rmse: 3534.510599558473
  std: 0.0
trans:
  max: 270.75056907526454
  mean: 270.75056907526454
  median: 270.75056907526454
  min: 270.75056907526454
  num_samples: 1
  rmse: 270.75056907526454
  std: 0.0
