rot:
  max: 1.9421272225620578
  mean: 1.9421272225620578
  median: 1.9421272225620578
  min: 1.9421272225620578
  num_samples: 1
  rmse: 1.9421272225620578
  std: 0.0
scale:
  max: 628.8453837706198
  mean: 628.8453837706198
  median: 628.8453837706198
  min: 628.8453837706198
  num_samples: 1
  rmse: 628.8453837706198
  std: 0.0
trans:
  max: 23.767298893717555
  mean: 23.767298893717555
  median: 23.767298893717555
  min: 23.767298893717555
  num_samples: 1
  rmse: 23.767298893717555
  std: 0.0
