rot:
  max: 176.779145177082
  mean: 12.358163025516335
  median: 9.221693281001865
  min: 0.0038252139893606603
  num_samples: 2592
  rmse: 25.065860102663272
  std: 21.807639700826115
scale:
  max: 1227967.965611622
  mean: 557.3324141618076
  median: 7.22419254200557
  min: 0.00016454314097913425
  num_samples: 2592
  rmse: 24121.37158581258
  std: 24114.932049685962
trans:
  max: 249.40123239299103
  mean: 144.74189658693533
  median: 168.02723807582595
  min: 0.001228067965611622
  num_samples: 2592
  rmse: 162.08978614464263
  std: 72.9580848489933
