rot:
  max: 25.065860102663272
  mean: 25.065860102663272
  median: 25.065860102663272
  min: 25.065860102663272
  num_samples: 1
  rmse: 25.065860102663272
  std: 0.0
scale:
  max: 24121.37158581258
  mean: 24121.37158581258
  median: 24121.37158581258
  min: 24121.37158581258
  num_samples: 1
  rmse: 24121.37158581258
  std: 0.0
trans:
  max: 162.08978614464263
  mean: 162.08978614464263
  median: 162.08978614464263
  min: 162.08978614464263
  num_samples: 1
  rmse: 162.08978614464263
  std: 0.0
