rot:
  max: 3.4044520029067393
  mean: 1.3534622083088688
  median: 1.0373460644174777
  min: 0.00012933885940541703
  num_samples: 1311
  rmse: 1.7399776327639713
  std: 1.09346340277057
scale:
  max: 600.5000095353748
  mean: 4.969717128444457
  median: 1.667902220575579
  min: 0.02430459682715158
  num_samples: 1311
  rmse: 29.075399016208245
  std: 28.647525889943257
trans:
  max: 42.87892547140362
  mean: 12.778146292699274
  median: 10.22727126374485
  min: 0.0
  num_samples: 1311
  rmse: 16.010645374784517
  std: 9.646747775260042
