rot:
  max: 1.7399776327639713
  mean: 1.7399776327639713
  median: 1.7399776327639713
  min: 1.7399776327639713
  num_samples: 1
  rmse: 1.7399776327639713
  std: 0.0
scale:
  max: 29.075399016208245
  mean: 29.075399016208245
  median: 29.075399016208245
  min: 29.075399016208245
  num_samples: 1
  rmse: 29.075399016208245
  std: 0.0
trans:
  max: 16.010645374784517
  mean: 16.010645374784517
  median: 16.010645374784517
  min: 16.010645374784517
  num_samples: 1
  rmse: 16.010645374784517
  std: 0.0
