rot:
  max: 2.6180319061368547
  mean: 0.9297025268049954
  median: 0.5547308584117099
  min: 0.0005547067247525869
  num_samples: 1116
  rmse: 1.2488097750554732
  std: 0.8337739897157431
scale:
  max: 168.3396645906649
  mean: 4.77031692261958
  median: 1.202385985010801
  min: 0.038847513083306584
  num_samples: 1116
  rmse: 18.710950656790267
  std: 18.09264355860164
trans:
  max: 30.688115374464843
  mean: 12.413033942705619
  median: 10.859485801123531
  min: 0.0
  num_samples: 1116
  rmse: 15.406756166813043
  std: 9.126046456208185
