rot:
  max: 1.2488097750554732
  mean: 1.2488097750554732
  median: 1.2488097750554732
  min: 1.2488097750554732
  num_samples: 1
  rmse: 1.2488097750554732
  std: 0.0
scale:
  max: 18.710950656790267
  mean: 18.710950656790267
  median: 18.710950656790267
  min: 18.710950656790267
  num_samples: 1
  rmse: 18.710950656790267
  std: 0.0
trans:
  max: 15.406756166813043
  mean: 15.406756166813043
  median: 15.406756166813043
  min: 15.406756166813043
  num_samples: 1
  rmse: 15.406756166813043
  std: 0.0
