rot:
  max: 9.91616485482909
  mean: 1.9078901884240633
  median: 1.8684625451382693
  min: 0.0
  num_samples: 792
  rmse: 2.2748424083183445
  std: 1.2388958840834032
scale:
  max: 2114.7014794254187
  mean: 49.88044169987098
  median: 3.7271284371638957
  min: 0.013412929500300486
  num_samples: 792
  rmse: 188.16756826745194
  std: 181.43587099444244
trans:
  max: 14.684955832223238
  mean: 7.089319340412347
  median: 3.5541397186401236
  min: 0.0
  num_samples: 792
  rmse: 8.787347648419255
  std: 5.192208584392086
