rot:
  max: 39.20412886738778
  mean: 21.97832579081966
  median: 21.455720821152823
  min: 0.0
  num_samples: 2686
  rmse: 24.668981310017177
  std: 11.203206429704322
scale:
  max: 217772.20805378983
  mean: 690.1973241218412
  median: 12.311087290648082
  min: 0.0011332283418319378
  num_samples: 2686
  rmse: 5927.093000308993
  std: 5886.769834814924
trans:
  max: 571.5326097213966
  mean: 326.5137712336662
  median: 402.6162479367837
  min: 0.0
  num_samples: 2686
  rmse: 366.8934420056647
  std: 167.33067555452334
