rot:
  max: 24.668981310017177
  mean: 24.668981310017177
  median: 24.668981310017177
  min: 24.668981310017177
  num_samples: 1
  rmse: 24.668981310017177
  std: 0.0
scale:
  max: 5927.093000308993
  mean: 5927.093000308993
  median: 5927.093000308993
  min: 5927.093000308993
  num_samples: 1
  rmse: 5927.093000308993
  std: 0.0
trans:
  max: 366.8934420056647
  mean: 366.8934420056647
  median: 366.8934420056647
  min: 366.8934420056647
  num_samples: 1
  rmse: 366.8934420056647
  std: 0.0
