rot:
  max: 176.46118459083257
  mean: 10.541224219638623
  median: 8.465780230163062
  min: 0.0035999501521204835
  num_samples: 2592
  rmse: 23.3675997677596
  std: 20.854910952998644
scale:
  max: 1227967.965611622
  mean: 543.6276549707444
  median: 7.383204209018546
  min: 0.2804778658033191
  num_samples: 2592
  rmse: 24120.812107186088
  std: 24114.685270244074
trans:
  max: 211.132792598507
  mean: 120.33414101180661
  median: 139.57518735382945
  min: 0.001228067965611622
  num_samples: 2592
  rmse: 136.88504652183045
  std: 65.24730238281371
