rot:
  max: 23.3675997677596
  mean: 23.3675997677596
  median: 23.3675997677596
  min: 23.3675997677596
  num_samples: 1
  rmse: 23.3675997677596
  std: 0.0
scale:
  max: 24120.812107186088
  mean: 24120.812107186088
  median: 24120.812107186088
  min: 24120.812107186088
  num_samples: 1
  rmse: 24120.812107186088
  std: 0.0
trans:
  max: 136.88504652183045
  mean: 136.88504652183045
  median: 136.88504652183045
  min: 136.88504652183045
  num_samples: 1
  rmse: 136.88504652183045
  std: 0.0
