rot:
  max: 21.776956374150167
  mean: 13.285502115085839
  median: 13.485784096728343
  min: 1.1459155902616465e-14
  num_samples: 2095
  rmse: 14.455413686528145
  std: 5.696877951888647
scale:
  max: 63977.8454463337
  mean: 431.01116390228117
  median: 10.504549116004203
  min: 0.013785796801069061
  num_samples: 2095
  rmse: 4007.426462864921
  std: 3984.180747890544
trans:
  max: 449.8615224138135
  mean: 232.11484149000677
  median: 228.67159627120486
  min: 0.0
  num_samples: 2095
  rmse: 269.4595764715775
  std: 136.86184169559806
