rot:
  max: 14.455413686528145
  mean: 14.455413686528145
  median: 14.455413686528145
  min: 14.455413686528145
  num_samples: 1
  rmse: 14.455413686528145
  std: 0.0
scale:
  max: 4007.426462864921
  mean: 4007.426462864921
  median: 4007.426462864921
  min: 4007.426462864921
  num_samples: 1
  rmse: 4007.426462864921
  std: 0.0
trans:
  max: 269.4595764715775
  mean: 269.4595764715775
  median: 269.4595764715775
  min: 269.4595764715775
  num_samples: 1
  rmse: 269.4595764715775
  std: 0.0
