rot:
  max: 30.444663039310868
  mean: 17.243796721135208
  median: 16.700551926030904
  min: 0.0
  num_samples: 2686
  rmse: 19.301294214608724
  std: 8.671299383544248
scale:
  max: 178911.39453957754
  mean: 566.670004846771
  median: 9.047372740999371
  min: 0.47032605183707776
  num_samples: 2686
  rmse: 4867.91201150091
  std: 4834.8166932492695
trans:
  max: 418.64638417006125
  mean: 252.96458687101025
  median: 306.3671833795638
  min: 0.0
  num_samples: 2686
  rmse: 282.06734629997754
  std: 124.78343494987853
