rot:
  max: 19.301294214608724
  mean: 19.301294214608724
  median: 19.301294214608724
  min: 19.301294214608724
  num_samples: 1
  rmse: 19.301294214608724
  std: 0.0
scale:
  max: 4867.91201150091
  mean: 4867.91201150091
  median: 4867.91201150091
  min: 4867.91201150091
  num_samples: 1
  rmse: 4867.91201150091
  std: 0.0
trans:
  max: 282.06734629997754
  mean: 282.06734629997754
  median: 282.06734629997754
  min: 282.06734629997754
  num_samples: 1
  rmse: 282.06734629997754
  std: 0.0
