rot:
  max: 10.031326504033188
  mean: 4.553022680149662
  median: 4.427318802049564
  min: 0.0023198233863703107
  num_samples: 2095
  rmse: 4.758895801250925
  std: 1.3845843135058564
scale:
  max: 5914.382040521853
  mean: 37.307743843261754
  median: 1.4999126087946513
  min: 0.0034374834222639095
  num_samples: 2095
  rmse: 371.606612305842
  std: 369.72909888017995
trans:
  max: 114.43006991482571
  mean: 62.00959702911624
  median: 55.98027248097501
  min: 0.0
  num_samples: 2095
  rmse: 70.67658705469144
  std: 33.91150002559598
