rot:
  max: 4.758895801250925
  mean: 4.758895801250925
  median: 4.758895801250925
  min: 4.758895801250925
  num_samples: 1
  rmse: 4.758895801250925
  std: 0.0
scale:
  max: 371.606612305842
  mean: 371.606612305842
  median: 371.606612305842
  min: 371.606612305842
  num_samples: 1
  rmse: 371.606612305842
  std: 0.0
trans:
  max: 70.67658705469144
  mean: 70.67658705469144
  median: 70.67658705469144
  min: 70.67658705469144
  num_samples: 1
  rmse: 70.67658705469144
  std: 0.0
