rot:
  max: 19.64403647879635
  mean: 10.752725421002422
  median: 8.785653558216008
  min: 0.0016653275185080497
  num_samples: 1101
  rmse: 12.018891928978357
  std: 5.369605127101003
scale:
  max: 288.19372804930293
  mean: 7.451434296159339
  median: 3.7672820249948558
  min: 0.018271956907578435
  num_samples: 1101
  rmse: 24.56306181337911
  std: 23.405557728409367
trans:
  max: 226.80232885053533
  mean: 104.0274645405374
  median: 111.5109516263985
  min: 9.29184417226616e-08
  num_samples: 1101
  rmse: 124.93676763702277
  std: 69.19163626374693
