rot:
  max: 12.018891928978357
  mean: 12.018891928978357
  median: 12.018891928978357
  min: 12.018891928978357
  num_samples: 1
  rmse: 12.018891928978357
  std: 0.0
scale:
  max: 24.56306181337911
  mean: 24.56306181337911
  median: 24.56306181337911
  min: 24.56306181337911
  num_samples: 1
  rmse: 24.56306181337911
  std: 0.0
trans:
  max: 124.93676763702277
  mean: 124.93676763702277
  median: 124.93676763702277
  min: 124.93676763702277
  num_samples: 1
  rmse: 124.93676763702277
  std: 0.0
