rot:
  max: 13.273532103312661
  mean: 3.224686500595173
  median: 2.9665994756657668
  min: 0.0005860310670338717
  num_samples: 1101
  rmse: 3.6861883444097074
  std: 1.7858839501326047
scale:
  max: 331.15703572743234
  mean: 5.2985019212622335
  median: 1.739946980234519
  min: 0.04975704636743794
  num_samples: 1101
  rmse: 26.330360420605654
  std: 25.791738159134937
trans:
  max: 88.02036004277805
  mean: 51.30361035751492
  median: 57.797472307255795
  min: 0.0
  num_samples: 1101
  rmse: 60.760634914931806
  std: 32.55448232655403
