rot:
  max: 3.6861883444097074
  mean: 3.6861883444097074
  median: 3.6861883444097074
  min: 3.6861883444097074
  num_samples: 1
  rmse: 3.6861883444097074
  std: 0.0
scale:
  max: 26.330360420605654
  mean: 26.330360420605654
  median: 26.330360420605654
  min: 26.330360420605654
  num_samples: 1
  rmse: 26.330360420605654
  std: 0.0
trans:
  max: 60.760634914931806
  mean: 60.760634914931806
  median: 60.760634914931806
  min: 60.760634914931806
  num_samples: 1
  rmse: 60.760634914931806
  std: 0.0
