rot:
  max: 12.76268004626204
  mean: 6.92696903609442
  median: 5.095944693992398
  min: 0.0
  num_samples: 792
  rmse: 8.15490886277506
  std: 4.303444961092957
scale:
  max: 80473.5457920929
  mean: 250.8158167170167
  median: 6.4747089497443895
  min: 0.17504929065939034
  num_samples: 792
  rmse: 3219.0194902946746
  std: 3209.233226953373
trans:
  max: 34.11602381254047
  mean: 17.605586507888084
  median: 20.751208650455798
  min: 0.0
  num_samples: 792
  rmse: 19.768152445606006
  std: 8.990171012054644
