rot:
  max: 8.15490886277506
  mean: 8.15490886277506
  median: 8.15490886277506
  min: 8.15490886277506
  num_samples: 1
  rmse: 8.15490886277506
  std: 0.0
scale:
  max: 3219.0194902946746
  mean: 3219.0194902946746
  median: 3219.0194902946746
  min: 3219.0194902946746
  num_samples: 1
  rmse: 3219.0194902946746
  std: 0.0
trans:
  max: 19.768152445606006
  mean: 19.768152445606006
  median: 19.768152445606006
  min: 19.768152445606006
  num_samples: 1
  rmse: 19.768152445606006
  std: 0.0
