rot:
  max: 2.1744353372792573
  mean: 0.9125465695351312
  median: 0.701350275124432
  min: 5.109599479759417e-05
  num_samples: 1330
  rmse: 1.1121889689581181
  std: 0.6357853891855219
scale:
  max: 2176276.0445006993
  mean: 2827.375069128402
  median: 1.1122471411822321
  min: 8.355611075261393e-05
  num_samples: 1330
  rmse: 68765.49015559963
  std: 68707.34012140438
trans:
  max: 36.41892397064909
  mean: 12.219934601288262
  median: 6.44589764610529
  min: 0.0
  num_samples: 1330
  rmse: 16.221880793970683
  std: 10.668768196658544
