rot:
  max: 1.1121889689581181
  mean: 1.1121889689581181
  median: 1.1121889689581181
  min: 1.1121889689581181
  num_samples: 1
  rmse: 1.1121889689581181
  std: 0.0
scale:
  max: 68765.49015559963
  mean: 68765.49015559963
  median: 68765.49015559963
  min: 68765.49015559963
  num_samples: 1
  rmse: 68765.49015559963
  std: 0.0
trans:
  max: 16.221880793970683
  mean: 16.221880793970683
  median: 16.221880793970683
  min: 16.221880793970683
  num_samples: 1
  rmse: 16.221880793970683
  std: 0.0
