rot:
  max: 14.922976278975739
  mean: 8.013344265180846
  median: 10.51216712405142
  min: 0.00014039785329892146
  num_samples: 772
  rmse: 9.189275152685896
  std: 4.497676235509137
scale:
  max: 101793.1506868863
  mean: 1963.9913721198532
  median: 253.6280680626581
  min: 0.01025709267356012
  num_samples: 772
  rmse: 8708.699188252736
  std: 8484.349087685669
trans:
  max: 114.58663689823364
  mean: 67.51440420297352
  median: 105.08621973813473
  min: 0.0
  num_samples: 772
  rmse: 83.10100536853426
  std: 48.45185567528522
