rot:
  max: 9.189275152685896
  mean: 9.189275152685896
  median: 9.189275152685896
  min: 9.189275152685896
  num_samples: 1
  rmse: 9.189275152685896
  std: 0.0
scale:
  max: 8708.699188252736
  mean: 8708.699188252736
  median: 8708.699188252736
  min: 8708.699188252736
  num_samples: 1
  rmse: 8708.699188252736
  std: 0.0
trans:
  max: 83.10100536853426
  mean: 83.10100536853426
  median: 83.10100536853426
  min: 83.10100536853426
  num_samples: 1
  rmse: 83.10100536853426
  std: 0.0
