rot:
  max: 26.825460562602697
  mean: 16.03571107186731
  median: 16.36931386804641
  min: 0.0
  num_samples: 2686
  rmse: 17.738254009198855
  std: 7.5829826397303215
scale:
  max: 159312.79558995093
  mean: 503.2916338969846
  median: 9.767032414458365
  min: 0.10958940137502093
  num_samples: 2686
  rmse: 4331.038896887533
  std: 4301.696811445698
trans:
  max: 420.3270036006926
  mean: 247.1375825352487
  median: 301.411322220971
  min: 0.0
  num_samples: 2686
  rmse: 276.44197290421255
  std: 123.86758931135512
