rot:
  max: 17.738254009198855
  mean: 17.738254009198855
  median: 17.738254009198855
  min: 17.738254009198855
  num_samples: 1
  rmse: 17.738254009198855
  std: 0.0
scale:
  max: 4331.038896887533
  mean: 4331.038896887533
  median: 4331.038896887533
  min: 4331.038896887533
  num_samples: 1
  rmse: 4331.038896887533
  std: 0.0
trans:
  max: 276.44197290421255
  mean: 276.44197290421255
  median: 276.44197290421255
  min: 276.44197290421255
  num_samples: 1
  rmse: 276.44197290421255
  std: 0.0
