rot:
  max: 16.71854459723512
  mean: 8.738764082028025
  median: 12.024704243918672
  min: 0.0011563767715691445
  num_samples: 535
  rmse: 10.455485070573458
  std: 5.74031100025437
scale:
  max: 3375844.9481039
  mean: 14736.220018838214
  median: 9.04191325074477
  min: 0.0004534644597153914
  num_samples: 535
  rmse: 206150.2474391495
  std: 205622.87892834045
trans:
  max: 59.20637049445769
  mean: 24.433393427921697
  median: 19.364609994975815
  min: 4.0797911805097564e-08
  num_samples: 535
  rmse: 32.74833039933467
  std: 21.80510099816967
