rot:
  max: 10.455485070573458
  mean: 10.455485070573458
  median: 10.455485070573458
  min: 10.455485070573458
  num_samples: 1
  rmse: 10.455485070573458
  std: 0.0
scale:
  max: 206150.2474391495
  mean: 206150.2474391495
  median: 206150.2474391495
  min: 206150.2474391495
  num_samples: 1
  rmse: 206150.2474391495
  std: 0.0
trans:
  max: 32.74833039933467
  mean: 32.74833039933467
  median: 32.74833039933467
  min: 32.74833039933467
  num_samples: 1
  rmse: 32.74833039933467
  std: 0.0
