rot:
  max: 11.99051887537474
  mean: 2.5401481660663197
  median: 2.0855796355375134
  min: 0.0005860310670338717
  num_samples: 1101
  rmse: 3.1339808214378824
  std: 1.835615178508387
scale:
  max: 331.15703572743234
  mean: 4.934334083352967
  median: 1.2175329461860507
  min: 0.004305265908399747
  num_samples: 1101
  rmse: 26.306797573527287
  std: 25.839890590488235
trans:
  max: 63.87859785724273
  mean: 33.00586569783155
  median: 35.13059646432864
  min: 0.0
  num_samples: 1101
  rmse: 39.219637281058866
  std: 21.184729830576764
