rot:
  max: 25.036304736831053
  mean: 14.59855207199358
  median: 13.982095631311626
  min: 0.0
  num_samples: 2686
  rmse: 16.254387076034376
  std: 7.147543397478976
scale:
  max: 165256.8321656195
  mean: 521.9989349978248
  median: 7.936067339416186
  min: 0.5047472320816926
  num_samples: 2686
  rmse: 4494.710375543219
  std: 4464.29596598131
trans:
  max: 350.03522206805917
  mean: 209.42979015110228
  median: 240.19770811339993
  min: 0.0
  num_samples: 2686
  rmse: 236.02786890785714
  std: 108.849978862882
