rot:
  max: 16.254387076034376
  mean: 16.254387076034376
  median: 16.254387076034376
  min: 16.254387076034376
  num_samples: 1
  rmse: 16.254387076034376
  std: 0.0
scale:
  max: 4494.710375543219
  mean: 4494.710375543219
  median: 4494.710375543219
  min: 4494.710375543219
  num_samples: 1
  rmse: 4494.710375543219
  std: 0.0
trans:
  max: 236.02786890785714
  mean: 236.02786890785714
  median: 236.02786890785714
  min: 236.02786890785714
  num_samples: 1
  rmse: 236.02786890785714
  std: 0.0
