rot:
  max: 9.950047127837754
  mean: 3.0219667491651823
  median: 2.9360322415491265
  min: 0.0
  num_samples: 792
  rmse: 3.2287603480809772
  std: 1.1369302319315857
scale:
  max: 2024.1868794199554
  mean: 51.78460906965834
  median: 3.6068176943317876
  min: 0.0005148864637094519
  num_samples: 792
  rmse: 184.75081577193694
  std: 177.34491307026215
trans:
  max: 17.526925550265133
  mean: 11.397884556697276
  median: 14.006571354035003
  min: 0.0
  num_samples: 792
  rmse: 12.5862545692806
  std: 5.338729410162921
