rot:
  max: 3.2287603480809772
  mean: 3.2287603480809772
  median: 3.2287603480809772
  min: 3.2287603480809772
  num_samples: 1
  rmse: 3.2287603480809772
  std: 0.0
scale:
  max: 184.75081577193694
  mean: 184.75081577193694
  median: 184.75081577193694
  min: 184.75081577193694
  num_samples: 1
  rmse: 184.75081577193694
  std: 0.0
trans:
  max: 12.5862545692806
  mean: 12.5862545692806
  median: 12.5862545692806
  min: 12.5862545692806
  num_samples: 1
  rmse: 12.5862545692806
  std: 0.0
