rot:
  max: 37.46150561368977
  mean: 19.848974770144686
  median: 24.141423362313418
  min: 0.0
  num_samples: 772
  rmse: 24.151609445935183
  std: 13.759303739766247
scale:
  max: 49355.06171976469
  mean: 1238.924634794226
  median: 162.49194219117513
  min: 0.015148754904892314
  num_samples: 772
  rmse: 5010.202771101138
  std: 4854.605808595536
trans:
  max: 103.02033938954486
  mean: 50.71606659290244
  median: 69.53154214557455
  min: 0.0
  num_samples: 772
  rmse: 61.82922979758226
  std: 35.36572135142331
