rot:
  max: 24.151609445935183
  mean: 24.151609445935183
  median: 24.151609445935183
  min: 24.151609445935183
  num_samples: 1
  rmse: 24.151609445935183
  std: 0.0
scale:
  max: 5010.202771101138
  mean: 5010.202771101138
  median: 5010.202771101138
  min: 5010.202771101138
  num_samples: 1
  rmse: 5010.202771101138
  std: 0.0
trans:
  max: 61.82922979758226
  mean: 61.82922979758226
  median: 61.82922979758226
  min: 61.82922979758226
  num_samples: 1
  rmse: 61.82922979758226
  std: 0.0
