rot:
  max: 19.059553094543645
  mean: 10.840167909598549
  median: 10.202832251163205
  min: 0.00212969360678017
  num_samples: 1330
  rmse: 12.413218977700785
  std: 6.048038118271147
scale:
  max: 24519810.477114342
  mean: 30683.797228461088
  median: 5.380369913989169
  min: 0.02904222343327323
  num_samples: 1330
  rmse: 762003.4925296676
  std: 761385.4655922018
trans:
  max: 259.18920196530325
  mean: 101.82141063810474
  median: 105.72465650012526
  min: 9.938361130639345e-08
  num_samples: 1330
  rmse: 130.5972955281391
  std: 81.78052295583927
