rot:
  max: 12.413218977700785
  mean: 12.413218977700785
  median: 12.413218977700785
  min: 12.413218977700785
  num_samples: 1
  rmse: 12.413218977700785
  std: 0.0
scale:
  max: 762003.4925296676
  mean: 762003.4925296676
  median: 762003.4925296676
  min: 762003.4925296676
  num_samples: 1
  rmse: 762003.4925296676
  std: 0.0
trans:
  max: 130.5972955281391
  mean: 130.5972955281391
  median: 130.5972955281391
  min: 130.5972955281391
  num_samples: 1
  rmse: 130.5972955281391
  std: 0.0
