rot:
  max: 13.351656229442696
  mean: 3.357511671405849
  median: 2.9463953636332296
  min: 0.0005860310670338717
  num_samples: 1101
  rmse: 3.8568648788954243
  std: 1.8980311036520228
scale:
  max: 331.15703572743234
  mean: 6.098413410070234
  median: 2.2707498588384833
  min: 0.2008572844916845
  num_samples: 1101
  rmse: 26.406023029905533
  std: 25.69216624062239
trans:
  max: 80.01032895578538
  mean: 47.772925078959666
  median: 55.84910889319632
  min: 0.0
  num_samples: 1101
  rmse: 55.566878542986295
  std: 28.380021501244453
