rot:
  max: 3.8568648788954243
  mean: 3.8568648788954243
  median: 3.8568648788954243
  min: 3.8568648788954243
  num_samples: 1
  rmse: 3.8568648788954243
  std: 0.0
scale:
  max: 26.406023029905533
  mean: 26.406023029905533
  median: 26.406023029905533
  min: 26.406023029905533
  num_samples: 1
  rmse: 26.406023029905533
  std: 0.0
trans:
  max: 55.566878542986295
  mean: 55.566878542986295
  median: 55.566878542986295
  min: 55.566878542986295
  num_samples: 1
  rmse: 55.566878542986295
  std: 0.0
