rot:
  max: 19.03337712726635
  mean: 10.247803011001984
  median: 15.476743520483424
  min: 0.0011563767715691445
  num_samples: 535
  rmse: 12.404172525087462
  std: 6.988993452553331
scale:
  max: 3375844.9481039
  mean: 14783.310850111788
  median: 12.843344801360935
  min: 0.0078912994423197
  num_samples: 535
  rmse: 206151.3021227353
  std: 205620.55609108793
trans:
  max: 69.02159197718433
  mean: 28.03034577881309
  median: 21.109964427614038
  min: 4.0797911805097564e-08
  num_samples: 535
  rmse: 37.91988629030872
  std: 25.538549132441307
