rot:
  max: 12.404172525087462
  mean: 12.404172525087462
  median: 12.404172525087462
  min: 12.404172525087462
  num_samples: 1
  rmse: 12.404172525087462
  std: 0.0
scale:
  max: 206151.3021227353
  mean: 206151.3021227353
  median: 206151.3021227353
  min: 206151.3021227353
  num_samples: 1
  rmse: 206151.3021227353
  std: 0.0
trans:
  max: 37.91988629030872
  mean: 37.91988629030872
  median: 37.91988629030872
  min: 37.91988629030872
  num_samples: 1
  rmse: 37.91988629030872
  std: 0.0
