rot:
  max: 27.832281264740637
  mean: 16.786581280211525
  median: 16.722552324928706
  min: 0.0
  num_samples: 2686
  rmse: 18.55791714950454
  std: 7.91245713105144
scale:
  max: 159976.82666744618
  mean: 508.61324955303013
  median: 11.588894711849239
  min: 0.00377406488272225
  num_samples: 2686
  rmse: 4350.499130487377
  std: 4320.666065174505
trans:
  max: 450.70639006654324
  mean: 265.4678533355598
  median: 314.58871635899584
  min: 0.0
  num_samples: 2686
  rmse: 295.6354350025807
  std: 130.10430152218188
