rot:
  max: 18.55791714950454
  mean: 18.55791714950454
  median: 18.55791714950454
  min: 18.55791714950454
  num_samples: 1
  rmse: 18.55791714950454
  std: 0.0
scale:
  max: 4350.499130487377
  mean: 4350.499130487377
  median: 4350.499130487377
  min: 4350.499130487377
  num_samples: 1
  rmse: 4350.499130487377
  std: 0.0
trans:
  max: 295.6354350025807
  mean: 295.6354350025807
  median: 295.6354350025807
  min: 295.6354350025807
  num_samples: 1
  rmse: 295.6354350025807
  std: 0.0
