rot:
  max: 16.24071758611937
  mean: 8.603683218079667
  median: 12.250397747015462
  min: 0.0011563767715691445
  num_samples: 535
  rmse: 10.298656611119068
  std: 5.660297083782865
scale:
  max: 3375844.9481039
  mean: 14749.54644681814
  median: 10.773723195088248
  min: 0.00239249802446162
  num_samples: 535
  rmse: 206150.5332964368
  std: 205622.2100309654
trans:
  max: 60.937741883487355
  mean: 25.381013703778933
  median: 19.780012155782366
  min: 4.0797911805097564e-08
  num_samples: 535
  rmse: 33.97602345066575
  std: 22.587038603782815
