rot:
  max: 10.298656611119068
  mean: 10.298656611119068
  median: 10.298656611119068
  min: 10.298656611119068
  num_samples: 1
  rmse: 10.298656611119068
  std: 0.0
scale:
  max: 206150.5332964368
  mean: 206150.5332964368
  median: 206150.5332964368
  min: 206150.5332964368
  num_samples: 1
  rmse: 206150.5332964368
  std: 0.0
trans:
  max: 33.97602345066575
  mean: 33.97602345066575
  median: 33.97602345066575
  min: 33.97602345066575
  num_samples: 1
  rmse: 33.97602345066575
  std: 0.0
