rot:
  max: 24.669158271942667
  mean: 14.382320664977087
  median: 13.707064120900531
  min: 0.0
  num_samples: 2667
  rmse: 15.838535565107984
  std: 6.633857183943865
scale:
  max: 7269440.2587495195
  mean: 3898.3093637562633
  median: 7.387881726567858
  min: 0.06081850954235968
  num_samples: 2667
  rmse: 146393.8256163487
  std: 146341.912529167
trans:
  max: 356.7856648326553
  mean: 210.63683199144063
  median: 248.55042453197473
  min: 0.0
  num_samples: 2667
  rmse: 233.75470486466054
  std: 101.35771828022851
