rot:
  max: 15.838535565107984
  mean: 15.838535565107984
  median: 15.838535565107984
  min: 15.838535565107984
  num_samples: 1
  rmse: 15.838535565107984
  std: 0.0
scale:
  max: 146393.8256163487
  mean: 146393.8256163487
  median: 146393.8256163487
  min: 146393.8256163487
  num_samples: 1
  rmse: 146393.8256163487
  std: 0.0
trans:
  max: 233.75470486466054
  mean: 233.75470486466054
  median: 233.75470486466054
  min: 233.75470486466054
  num_samples: 1
  rmse: 233.75470486466054
  std: 0.0
