rot:
  max: 21.816946664545966
  mean: 13.377524953994108
  median: 13.649426546790798
  min: 1.1459155902616465e-14
  num_samples: 2095
  rmse: 14.52626327462614
  std: 5.661638528643197
scale:
  max: 56369.13784781991
  mean: 382.7847531124569
  median: 10.433124578500784
  min: 0.0028297739620875006
  num_samples: 2095
  rmse: 3534.510599558473
  std: 3513.721817556967
trans:
  max: 453.06753348433176
  mean: 232.40867667296814
  median: 232.8047440825247
  min: 0.0
  num_samples: 2095
  rmse: 270.75056907526454
  std: 138.8959238483958
