rot:
  max: 1.2211381013569795
  mean: 1.2211381013569795
  median: 1.2211381013569795
  min: 1.2211381013569795
  num_samples: 1
  rmse: 1.2211381013569795
  std: 0.0
scale:
  max: 379.8543651589601
  mean: 379.8543651589601
  median: 379.8543651589601
  min: 379.8543651589601
  num_samples: 1
  rmse: 379.8543651589601
  std: 0.0
trans:
  max: 18.241774922788743
  mean: 18.241774922788743
  median: 18.241774922788743
  min: 18.241774922788743
  num_samples: 1
  rmse: 18.241774922788743
  std: 0.0
