rot:
  max: 16.352996555558956
  mean: 6.922208066405047
  median: 6.887732269997102
  min: 0.0016653275185080497
  num_samples: 1101
  rmse: 7.29256481770875
  std: 2.2944579111154653
scale:
  max: 288.1865500329191
  mean: 5.678369160760208
  median: 2.9336612480634905
  min: 0.012741123626180961
  num_samples: 1101
  rmse: 24.086486382692993
  std: 23.407583171651495
trans:
  max: 198.54308758512835
  mean: 85.8841883403374
  median: 69.02180315740934
  min: 9.29184417226616e-08
  num_samples: 1101
  rmse: 105.9374085270127
  std: 62.02129246106243
