rot:
  max: 7.29256481770875
  mean: 7.29256481770875
  median: 7.29256481770875
  min: 7.29256481770875
  num_samples: 1
  rmse: 7.29256481770875
  std: 0.0
scale:
  max: 24.086486382692993
  mean: 24.086486382692993
  median: 24.086486382692993
  min: 24.086486382692993
  num_samples: 1
  rmse: 24.086486382692993
  std: 0.0
trans:
  max: 105.9374085270127
  mean: 105.9374085270127
  median: 105.9374085270127
  min: 105.9374085270127
  num_samples: 1
  rmse: 105.9374085270127
  std: 0.0
