rot:
  max: 9.994240054289136
  mean: 4.6694356278713265
  median: 4.171522919657942
  min: 0.0
  num_samples: 792
  rmse: 5.183301667010428
  std: 2.250108239262947
scale:
  max: 2333.685408201725
  mean: 60.09230597071018
  median: 5.313141203080357
  min: 0.004848521338285394
  num_samples: 792
  rmse: 200.81495340078874
  std: 191.61304828347025
trans:
  max: 20.140242581387028
  mean: 11.07576349342793
  median: 13.114537834051589
  min: 0.0
  num_samples: 792
  rmse: 12.348199458070834
  std: 5.459440712559296
