rot:
  max: 5.183301667010428
  mean: 5.183301667010428
  median: 5.183301667010428
  min: 5.183301667010428
  num_samples: 1
  rmse: 5.183301667010428
  std: 0.0
scale:
  max: 200.81495340078874
  mean: 200.81495340078874
  median: 200.81495340078874
  min: 200.81495340078874
  num_samples: 1
  rmse: 200.81495340078874
  std: 0.0
trans:
  max: 12.348199458070834
  mean: 12.348199458070834
  median: 12.348199458070834
  min: 12.348199458070834
  num_samples: 1
  rmse: 12.348199458070834
  std: 0.0
