rot:
  max: 13.152626152004293
  mean: 7.1685691795021835
  median: 7.834496005084992
  min: 0.0006785081735415092
  num_samples: 535
  rmse: 8.560338523820558
  std: 4.678783128239407
scale:
  max: 3152900.0099882293
  mean: 13659.297406838949
  median: 13.384168953384346
  min: 0.03540239018186009
  num_samples: 535
  rmse: 192945.9267536726
  std: 192461.82542308254
trans:
  max: 42.02372602579041
  mean: 19.023608308131628
  median: 20.83146843079882
  min: 3.8474106316268337e-08
  num_samples: 535
  rmse: 23.767966817521415
  std: 14.248458638659285
