rot:
  max: 8.560338523820558
  mean: 8.560338523820558
  median: 8.560338523820558
  min: 8.560338523820558
  num_samples: 1
  rmse: 8.560338523820558
  std: 0.0
scale:
  max: 192945.9267536726
  mean: 192945.9267536726
  median: 192945.9267536726
  min: 192945.9267536726
  num_samples: 1
  rmse: 192945.9267536726
  std: 0.0
trans:
  max: 23.767966817521415
  mean: 23.767966817521415
  median: 23.767966817521415
  min: 23.767966817521415
  num_samples: 1
  rmse: 23.767966817521415
  std: 0.0
