rot:
  max: 178.44156491377345
  mean: 14.529378399143006
  median: 11.181391828310996
  min: 0.03371887288229111
  num_samples: 2592
  rmse: 23.147931185243404
  std: 18.02009660049803
scale:
  max: 1227981.1363360449
  mean: 716.6174817339429
  median: 10.757071639843163
  min: 0.03030183683455645
  num_samples: 2592
  rmse: 24137.028635589122
  std: 24126.388265551108
trans:
  max: 551.3017591347397
  mean: 357.5292733029851
  median: 403.5004787888054
  min: 0.001228081136336045
  num_samples: 2592
  rmse: 399.6226963913362
  std: 178.5248391751732
