rot:
  max: 23.147931185243404
  mean: 23.147931185243404
  median: 23.147931185243404
  min: 23.147931185243404
  num_samples: 1
  rmse: 23.147931185243404
  std: 0.0
scale:
  max: 24137.028635589122
  mean: 24137.028635589122
  median: 24137.028635589122
  min: 24137.028635589122
  num_samples: 1
  rmse: 24137.028635589122
  std: 0.0
trans:
  max: 399.6226963913362
  mean: 399.6226963913362
  median: 399.6226963913362
  min: 399.6226963913362
  num_samples: 1
  rmse: 399.6226963913362
  std: 0.0
