rot:
  max: 28.205658667775197
  mean: 16.954784004607856
  median: 16.711659050653445
  min: 0.0
  num_samples: 2686
  rmse: 18.524186689400203
  std: 7.4619563025285265
scale:
  max: 159185.28170749565
  mean: 544.6555705502129
  median: 9.344307194983713
  min: 0.09715788948414517
  num_samples: 2686
  rmse: 4517.054660427864
  std: 4484.09780388003
trans:
  max: 453.5131689417179
  mean: 274.26239034251097
  median: 337.6498299242836
  min: 0.0
  num_samples: 2686
  rmse: 306.7092346530269
  std: 137.29783634514308
