rot:
  max: 2.985346819129106
  mean: 1.052939971449294
  median: 0.9275248451779585
  min: 0.00016100116964099084
  num_samples: 2095
  rmse: 1.2904458371965386
  std: 0.7460347681323134
scale:
  max: 10959.11658419533
  mean: 53.06701338123647
  median: 1.1127087208821163
  min: 0.0016235112301421495
  num_samples: 2095
  rmse: 526.7108821145479
  std: 524.030767635528
trans:
  max: 39.12109408162366
  mean: 22.478323565208356
  median: 23.265779063606306
  min: 0.0
  num_samples: 2095
  rmse: 24.968302183904527
  std: 10.869272452403155
