rot:
  max: 1.2904458371965386
  mean: 1.2904458371965386
  median: 1.2904458371965386
  min: 1.2904458371965386
  num_samples: 1
  rmse: 1.2904458371965386
  std: 0.0
scale:
  max: 526.7108821145479
  mean: 526.7108821145479
  median: 526.7108821145479
  min: 526.7108821145479
  num_samples: 1
  rmse: 526.7108821145479
  std: 0.0
trans:
  max: 24.968302183904527
  mean: 24.968302183904527
  median: 24.968302183904527
  min: 24.968302183904527
  num_samples: 1
  rmse: 24.968302183904527
  std: 0.0
