rot:
  max: 6.373189007097177
  mean: 3.890184727135137
  median: 4.36707365331832
  min: 0.00028484216398121505
  num_samples: 535
  rmse: 4.381610544064997
  std: 2.0161780051935074
scale:
  max: 2557282.951710896
  mean: 8237.418197379078
  median: 12.53417758824158
  min: 0.09162771057905639
  num_samples: 535
  rmse: 126341.74082008984
  std: 126072.91705553673
trans:
  max: 49.00088794711423
  mean: 22.99494495342442
  median: 20.54846175732476
  min: 0.0
  num_samples: 535
  rmse: 30.20957967122574
  std: 19.592121133279985
