rot:
  max: 4.381610544064997
  mean: 4.381610544064997
  median: 4.381610544064997
  min: 4.381610544064997
  num_samples: 1
  rmse: 4.381610544064997
  std: 0.0
scale:
  max: 126341.74082008984
  mean: 126341.74082008984
  median: 126341.74082008984
  min: 126341.74082008984
  num_samples: 1
  rmse: 126341.74082008984
  std: 0.0
trans:
  max: 30.20957967122574
  mean: 30.20957967122574
  median: 30.20957967122574
  min: 30.20957967122574
  num_samples: 1
  rmse: 30.20957967122574
  std: 0.0
