rot:
  max: 19.89710852726974
  mean: 11.250382210572994
  median: 10.801054962527665
  min: 0.00016122290739021877
  num_samples: 2095
  rmse: 11.935344229126128
  std: 3.985140146062251
scale:
  max: 39164.74265910251
  mean: 260.0697661995573
  median: 2.9402140259812137
  min: 0.004397137693223918
  num_samples: 2095
  rmse: 2465.790657187824
  std: 2452.0373736514844
trans:
  max: 296.72193626075034
  mean: 159.04377810380774
  median: 126.30676301990539
  min: 0.0
  num_samples: 2095
  rmse: 181.29899447722548
  std: 87.03104069767181
