rot:
  max: 11.935344229126128
  mean: 11.935344229126128
  median: 11.935344229126128
  min: 11.935344229126128
  num_samples: 1
  rmse: 11.935344229126128
  std: 0.0
scale:
  max: 2465.790657187824
  mean: 2465.790657187824
  median: 2465.790657187824
  min: 2465.790657187824
  num_samples: 1
  rmse: 2465.790657187824
  std: 0.0
trans:
  max: 181.29899447722548
  mean: 181.29899447722548
  median: 181.29899447722548
  min: 181.29899447722548
  num_samples: 1
  rmse: 181.29899447722548
  std: 0.0
