rot:
  max: 29.43055037533224
  mean: 17.08922398618728
  median: 24.747255027106903
  min: 0.002037169356248867
  num_samples: 772
  rmse: 20.390521822235492
  std: 11.12347983919524
scale:
  max: 104210.56625268603
  mean: 2696.2027761710374
  median: 447.02073520569456
  min: 0.025010720005036458
  num_samples: 772
  rmse: 10618.055195324256
  std: 10270.033433281511
trans:
  max: 205.9975016239793
  mean: 116.4174937616634
  median: 183.19334371342737
  min: 0.0
  num_samples: 772
  rmse: 145.4499302470479
  std: 87.19317264054659
