rot:
  max: 20.390521822235492
  mean: 20.390521822235492
  median: 20.390521822235492
  min: 20.390521822235492
  num_samples: 1
  rmse: 20.390521822235492
  std: 0.0
scale:
  max: 10618.055195324256
  mean: 10618.055195324256
  median: 10618.055195324256
  min: 10618.055195324256
  num_samples: 1
  rmse: 10618.055195324256
  std: 0.0
trans:
  max: 145.4499302470479
  mean: 145.4499302470479
  median: 145.4499302470479
  min: 145.4499302470479
  num_samples: 1
  rmse: 145.4499302470479
  std: 0.0
