rot:
  max: 23.64375636716969
  mean: 15.146403907644334
  median: 16.350839134024575
  min: 1.1459155902616465e-14
  num_samples: 2095
  rmse: 16.207760948014368
  std: 5.768705540628329
scale:
  max: 101548.31689578161
  mean: 679.840679104599
  median: 10.917052985371512
  min: 0.008723123321385806
  num_samples: 2095
  rmse: 6442.902726786734
  std: 6406.934695926793
trans:
  max: 536.4065751154566
  mean: 292.62940745128503
  median: 339.0390542788715
  min: 0.0
  num_samples: 2095
  rmse: 338.8121554594679
  std: 170.76799050700473
