rot:
  max: 16.207760948014368
  mean: 16.207760948014368
  median: 16.207760948014368
  min: 16.207760948014368
  num_samples: 1
  rmse: 16.207760948014368
  std: 0.0
scale:
  max: 6442.902726786734
  mean: 6442.902726786734
  median: 6442.902726786734
  min: 6442.902726786734
  num_samples: 1
  rmse: 6442.902726786734
  std: 0.0
trans:
  max: 338.8121554594679
  mean: 338.8121554594679
  median: 338.8121554594679
  min: 338.8121554594679
  num_samples: 1
  rmse: 338.8121554594679
  std: 0.0
