rot:
  max: 8.789544627643322
  mean: 3.231714110136548
  median: 1.9965274918847604
  min: 0.00028484216398121505
  num_samples: 535
  rmse: 4.3406705400438845
  std: 2.897834475526373
scale:
  max: 2557282.951710896
  mean: 8229.686174156452
  median: 27.935754762234843
  min: 0.06901199755943166
  num_samples: 535
  rmse: 126341.40206393681
  std: 126073.0825392805
trans:
  max: 47.27012313959523
  mean: 21.136424379481348
  median: 12.560459517113504
  min: 0.0
  num_samples: 535
  rmse: 28.8138823364022
  std: 19.58293593275782
