rot:
  max: 4.3406705400438845
  mean: 4.3406705400438845
  median: 4.3406705400438845
  min: 4.3406705400438845
  num_samples: 1
  rmse: 4.3406705400438845
  std: 0.0
scale:
  max: 126341.40206393681
  mean: 126341.40206393681
  median: 126341.40206393681
  min: 126341.40206393681
  num_samples: 1
  rmse: 126341.40206393681
  std: 0.0
trans:
  max: 28.8138823364022
  mean: 28.8138823364022
  median: 28.8138823364022
  min: 28.8138823364022
  num_samples: 1
  rmse: 28.8138823364022
  std: 0.0
