rot:
  max: 9.95239095039297
  mean: 4.80202590208693
  median: 4.620452422153201
  min: 0.0023198233863703107
  num_samples: 2095
  rmse: 5.007586321475042
  std: 1.4200239444143676
scale:
  max: 11706.14408308584
  mean: 75.73918754400745
  median: 2.277393689967533
  min: 0.0004232196512132802
  num_samples: 2095
  rmse: 739.586554087396
  std: 735.698203380328
trans:
  max: 131.2830824372282
  mean: 76.74644216416606
  median: 70.29760092275147
  min: 0.0
  num_samples: 2095
  rmse: 85.61827684774568
  std: 37.95356301481507
