rot:
  max: 5.007586321475042
  mean: 5.007586321475042
  median: 5.007586321475042
  min: 5.007586321475042
  num_samples: 1
  rmse: 5.007586321475042
  std: 0.0
scale:
  max: 739.586554087396
  mean: 739.586554087396
  median: 739.586554087396
  min: 739.586554087396
  num_samples: 1
  rmse: 739.586554087396
  std: 0.0
trans:
  max: 85.61827684774568
  mean: 85.61827684774568
  median: 85.61827684774568
  min: 85.61827684774568
  num_samples: 1
  rmse: 85.61827684774568
  std: 0.0
