rot:
  max: 18.17593801535465
  mean: 9.091608423361457
  median: 7.852312653809695
  min: 0.0007801794054116189
  num_samples: 1101
  rmse: 10.824250458210638
  std: 5.874270529890177
scale:
  max: 1075.418366396347
  mean: 6.620288328381675
  median: 3.151752347976222
  min: 0.0055076067443260435
  num_samples: 1101
  rmse: 42.95908348307578
  std: 42.445902466020996
trans:
  max: 206.46053754675714
  mean: 79.02156476358502
  median: 73.76034692256087
  min: 1.2476799491734092e-08
  num_samples: 1101
  rmse: 100.67142003119099
  std: 62.372486830420854
