rot:
  max: 10.824250458210638
  mean: 10.824250458210638
  median: 10.824250458210638
  min: 10.824250458210638
  num_samples: 1
  rmse: 10.824250458210638
  std: 0.0
scale:
  max: 42.95908348307578
  mean: 42.95908348307578
  median: 42.95908348307578
  min: 42.95908348307578
  num_samples: 1
  rmse: 42.95908348307578
  std: 0.0
trans:
  max: 100.67142003119099
  mean: 100.67142003119099
  median: 100.67142003119099
  min: 100.67142003119099
  num_samples: 1
  rmse: 100.67142003119099
  std: 0.0
