rot:
  max: 179.45160199486935
  mean: 11.790099661587579
  median: 9.121060622407576
  min: 0.03371887288229111
  num_samples: 2592
  rmse: 24.51980128513111
  std: 21.49916754277127
scale:
  max: 1227981.1363360449
  mean: 547.044959970721
  median: 7.437012995656323
  min: 0.3316168634498462
  num_samples: 2592
  rmse: 24121.20446731767
  std: 24115.000451294138
trans:
  max: 198.0200071716201
  mean: 138.95749952345128
  median: 159.18747864412234
  min: 0.001228081136336045
  num_samples: 2592
  rmse: 148.95705187953675
  std: 53.65646867650755
