rot:
  max: 24.51980128513111
  mean: 24.51980128513111
  median: 24.51980128513111
  min: 24.51980128513111
  num_samples: 1
  rmse: 24.51980128513111
  std: 0.0
scale:
  max: 24121.20446731767
  mean: 24121.20446731767
  median: 24121.20446731767
  min: 24121.20446731767
  num_samples: 1
  rmse: 24121.20446731767
  std: 0.0
trans:
  max: 148.95705187953675
  mean: 148.95705187953675
  median: 148.95705187953675
  min: 148.95705187953675
  num_samples: 1
  rmse: 148.95705187953675
  std: 0.0
