rot:
  max: 20.12769971153024
  mean: 10.30197654595826
  median: 14.606416872339146
  min: 0.0
  num_samples: 772
  rmse: 12.775583870829283
  std: 7.555449853391869
scale:
  max: 62063.68354663247
  mean: 1509.3423302981694
  median: 73.18091332953881
  min: 0.041537512923484066
  num_samples: 772
  rmse: 6333.855017924496
  std: 6151.390502809703
trans:
  max: 123.47845327871252
  mean: 68.00556647552033
  median: 108.72203142401952
  min: 0.0
  num_samples: 772
  rmse: 86.14156073879141
  std: 52.87354172796139
