rot:
  max: 12.775583870829283
  mean: 12.775583870829283
  median: 12.775583870829283
  min: 12.775583870829283
  num_samples: 1
  rmse: 12.775583870829283
  std: 0.0
scale:
  max: 6333.855017924496
  mean: 6333.855017924496
  median: 6333.855017924496
  min: 6333.855017924496
  num_samples: 1
  rmse: 6333.855017924496
  std: 0.0
trans:
  max: 86.14156073879141
  mean: 86.14156073879141
  median: 86.14156073879141
  min: 86.14156073879141
  num_samples: 1
  rmse: 86.14156073879141
  std: 0.0
