rot:
  max: 17.60108049096296
  mean: 8.874012019050763
  median: 7.110518750466214
  min: 0.0007801794054116189
  num_samples: 1101
  rmse: 10.513188304651527
  std: 5.637290041749161
scale:
  max: 1075.418366396347
  mean: 6.720202153933025
  median: 3.291100752960774
  min: 0.0033678469058440186
  num_samples: 1101
  rmse: 42.9693814457231
  std: 42.44062469896415
trans:
  max: 200.05401078984306
  mean: 79.95103565016348
  median: 74.56812425237649
  min: 1.2476799491734092e-08
  num_samples: 1101
  rmse: 99.76815801500096
  std: 59.678448808363704
