rot:
  max: 10.513188304651527
  mean: 10.513188304651527
  median: 10.513188304651527
  min: 10.513188304651527
  num_samples: 1
  rmse: 10.513188304651527
  std: 0.0
scale:
  max: 42.9693814457231
  mean: 42.9693814457231
  median: 42.9693814457231
  min: 42.9693814457231
  num_samples: 1
  rmse: 42.9693814457231
  std: 0.0
trans:
  max: 99.76815801500096
  mean: 99.76815801500096
  median: 99.76815801500096
  min: 99.76815801500096
  num_samples: 1
  rmse: 99.76815801500096
  std: 0.0
