rot:
  max: 2.0351819785747307
  mean: 0.8378310965323926
  median: 0.7002283004859945
  min: 5.109599479759417e-05
  num_samples: 1330
  rmse: 1.0090077416313212
  std: 0.5622594386537838
scale:
  max: 2057788.0673522335
  mean: 2711.6466257254992
  median: 1.0755272465634569
  min: 0.010718115675367734
  num_samples: 1330
  rmse: 65524.28029742938
  std: 65468.14707224638
trans:
  max: 34.50988660459371
  mean: 11.585170051690021
  median: 6.540879396433327
  min: 0.0
  num_samples: 1330
  rmse: 15.07743757552183
  std: 9.649505620350828
