rot:
  max: 1.0090077416313212
  mean: 1.0090077416313212
  median: 1.0090077416313212
  min: 1.0090077416313212
  num_samples: 1
  rmse: 1.0090077416313212
  std: 0.0
scale:
  max: 65524.28029742938
  mean: 65524.28029742938
  median: 65524.28029742938
  min: 65524.28029742938
  num_samples: 1
  rmse: 65524.28029742938
  std: 0.0
trans:
  max: 15.07743757552183
  mean: 15.07743757552183
  median: 15.07743757552183
  min: 15.07743757552183
  num_samples: 1
  rmse: 15.07743757552183
  std: 0.0
