rot:
  max: 18.596401099925384
  mean: 9.880345096353047
  median: 13.265988472608525
  min: 0.0011563767715691445
  num_samples: 535
  rmse: 11.986828492891176
  std: 6.786960887979246
scale:
  max: 3375844.9481039
  mean: 14768.796354628326
  median: 17.517053030195473
  min: 0.06121621651082876
  num_samples: 535
  rmse: 206150.8950121402
  std: 205621.19095205623
trans:
  max: 70.8407211993027
  mean: 29.578730342364562
  median: 26.138437147889633
  min: 4.0797911805097564e-08
  num_samples: 535
  rmse: 38.72726542498223
  std: 24.99799589228516
