rot:
  max: 11.986828492891176
  mean: 11.986828492891176
  median: 11.986828492891176
  min: 11.986828492891176
  num_samples: 1
  rmse: 11.986828492891176
  std: 0.0
scale:
  max: 206150.8950121402
  mean: 206150.8950121402
  median: 206150.8950121402
  min: 206150.8950121402
  num_samples: 1
  rmse: 206150.8950121402
  std: 0.0
trans:
  max: 38.72726542498223
  mean: 38.72726542498223
  median: 38.72726542498223
  min: 38.72726542498223
  num_samples: 1
  rmse: 38.72726542498223
  std: 0.0
