rot:
  max: 45.10525092843208
  mean: 19.533998173022415
  median: 13.80207337899334
  min: 0.00212969360678017
  num_samples: 1330
  rmse: 24.690455383610335
  std: 15.101043090674551
scale:
  max: 24519809.584729448
  mean: 30726.721227524435
  median: 7.940429515071257
  min: 0.050409082751756706
  num_samples: 1330
  rmse: 762003.5794547449
  std: 761383.8215410475
trans:
  max: 593.8887692652092
  mean: 164.04486148089802
  median: 110.16376555102045
  min: 9.938361130639345e-08
  num_samples: 1330
  rmse: 231.60864539972337
  std: 163.4987707770544
