rot:
  max: 24.690455383610335
  mean: 24.690455383610335
  median: 24.690455383610335
  min: 24.690455383610335
  num_samples: 1
  rmse: 24.690455383610335
  std: 0.0
scale:
  max: 762003.5794547449
  mean: 762003.5794547449
  median: 762003.5794547449
  min: 762003.5794547449
  num_samples: 1
  rmse: 762003.5794547449
  std: 0.0
trans:
  max: 231.60864539972337
  mean: 231.60864539972337
  median: 231.60864539972337
  min: 231.60864539972337
  num_samples: 1
  rmse: 231.60864539972337
  std: 0.0
