rot:
  max: 18.500949562105436
  mean: 9.860314561380145
  median: 8.786576549380325
  min: 0.00042243057245074247
  num_samples: 1330
  rmse: 11.722480252807017
  std: 6.3396167098717555
scale:
  max: 23085730.07557089
  mean: 28518.155406558722
  median: 4.658381217033258
  min: 0.03170467990474268
  num_samples: 1330
  rmse: 711844.8679909436
  std: 711273.3868894937
trans:
  max: 271.9569736950327
  mean: 82.6790646665855
  median: 56.3445910347506
  min: 9.678172040897828e-08
  num_samples: 1330
  rmse: 113.46841600650995
  std: 77.7126353747251
