rot:
  max: 11.722480252807017
  mean: 11.722480252807017
  median: 11.722480252807017
  min: 11.722480252807017
  num_samples: 1
  rmse: 11.722480252807017
  std: 0.0
scale:
  max: 711844.8679909436
  mean: 711844.8679909436
  median: 711844.8679909436
  min: 711844.8679909436
  num_samples: 1
  rmse: 711844.8679909436
  std: 0.0
trans:
  max: 113.46841600650995
  mean: 113.46841600650995
  median: 113.46841600650995
  min: 113.46841600650995
  num_samples: 1
  rmse: 113.46841600650995
  std: 0.0
