rot:
  max: 3.7374365967248937
  mean: 3.7374365967248937
  median: 3.7374365967248937
  min: 3.7374365967248937
  num_samples: 1
  rmse: 3.7374365967248937
  std: 0.0
scale:
  max: 399061.35231083276
  mean: 399061.35231083276
  median: 399061.35231083276
  min: 399061.35231083276
  num_samples: 1
  rmse: 399061.35231083276
  std: 0.0
trans:
  max: 32.16622686324088
  mean: 32.16622686324088
  median: 32.16622686324088
  min: 32.16622686324088
  num_samples: 1
  rmse: 32.16622686324088
  std: 0.0
