rot:
  max: 4.22316941415202
  mean: 1.5038948757696766
  median: 0.5861251635757108
  min: 5.109599479759417e-05
  num_samples: 1330
  rmse: 2.1220346706813515
  std: 1.49710766019262
scale:
  max: 2176276.0445006993
  mean: 2831.070163884939
  median: 3.544258029331271
  min: 0.03185522455935175
  num_samples: 1330
  rmse: 68765.50062819645
  std: 68707.19844655032
trans:
  max: 60.46406649998848
  mean: 20.710003473970424
  median: 16.644456334065392
  min: 0.0
  num_samples: 1330
  rmse: 24.92589302989077
  std: 13.870684894614623
