rot:
  max: 2.1220346706813515
  mean: 2.1220346706813515
  median: 2.1220346706813515
  min: 2.1220346706813515
  num_samples: 1
  rmse: 2.1220346706813515
  std: 0.0
scale:
  max: 68765.50062819645
  mean: 68765.50062819645
  median: 68765.50062819645
  min: 68765.50062819645
  num_samples: 1
  rmse: 68765.50062819645
  std: 0.0
trans:
  max: 24.92589302989077
  mean: 24.92589302989077
  median: 24.92589302989077
  min: 24.92589302989077
  num_samples: 1
  rmse: 24.92589302989077
  std: 0.0
