rot:
  max: 5.683982354900075
  mean: 3.6670565595552915
  median: 3.29852695048357
  min: 0.0
  num_samples: 792
  rmse: 3.9796294144619746
  std: 1.5460098529677833
scale:
  max: 80473.26291938446
  mean: 202.47083951894933
  median: 4.129089315634538
  min: 0.009123557858847775
  num_samples: 792
  rmse: 3208.5209472913134
  std: 3202.126204313571
trans:
  max: 16.27630706319303
  mean: 8.30321480502905
  median: 7.324546064941481
  min: 0.0
  num_samples: 792
  rmse: 9.663404730863403
  std: 4.943482061666614
