rot:
  max: 3.9796294144619746
  mean: 3.9796294144619746
  median: 3.9796294144619746
  min: 3.9796294144619746
  num_samples: 1
  rmse: 3.9796294144619746
  std: 0.0
scale:
  max: 3208.5209472913134
  mean: 3208.5209472913134
  median: 3208.5209472913134
  min: 3208.5209472913134
  num_samples: 1
  rmse: 3208.5209472913134
  std: 0.0
trans:
  max: 9.663404730863403
  mean: 9.663404730863403
  median: 9.663404730863403
  min: 9.663404730863403
  num_samples: 1
  rmse: 9.663404730863403
  std: 0.0
