rot:
  max: 14.55845135697968
  mean: 8.296013848138534
  median: 9.937900020070348
  min: 0.0
  num_samples: 772
  rmse: 9.501976232390211
  std: 4.632893971633946
scale:
  max: 20038.108982563394
  mean: 489.89840764680713
  median: 36.90318817804973
  min: 0.05694208577066151
  num_samples: 772
  rmse: 2021.0338227096004
  std: 1960.7593586978753
trans:
  max: 38.00439141075892
  mean: 21.669686904117402
  median: 28.538042520767043
  min: 0.0
  num_samples: 772
  rmse: 25.31608868422876
  std: 13.089271016571482
