rot:
  max: 9.501976232390211
  mean: 9.501976232390211
  median: 9.501976232390211
  min: 9.501976232390211
  num_samples: 1
  rmse: 9.501976232390211
  std: 0.0
scale:
  max: 2021.0338227096004
  mean: 2021.0338227096004
  median: 2021.0338227096004
  min: 2021.0338227096004
  num_samples: 1
  rmse: 2021.0338227096004
  std: 0.0
trans:
  max: 25.31608868422876
  mean: 25.31608868422876
  median: 25.31608868422876
  min: 25.31608868422876
  num_samples: 1
  rmse: 25.31608868422876
  std: 0.0
