rot:
  max: 14.852977908615568
  mean: 7.736541067591593
  median: 5.728660152224277
  min: 0.0
  num_samples: 792
  rmse: 8.94585531491989
  std: 4.491576518879444
scale:
  max: 4793.2669112680205
  mean: 108.69336104849971
  median: 5.906172841180634
  min: 0.009869600401346545
  num_samples: 792
  rmse: 386.4656537278717
  std: 370.86581774988605
trans:
  max: 42.54716598501718
  mean: 20.323914065428138
  median: 18.453552318523368
  min: 0.0
  num_samples: 792
  rmse: 23.539762049044953
  std: 11.876822571157211
