rot:
  max: 8.94585531491989
  mean: 8.94585531491989
  median: 8.94585531491989
  min: 8.94585531491989
  num_samples: 1
  rmse: 8.94585531491989
  std: 0.0
scale:
  max: 386.4656537278717
  mean: 386.4656537278717
  median: 386.4656537278717
  min: 386.4656537278717
  num_samples: 1
  rmse: 386.4656537278717
  std: 0.0
trans:
  max: 23.539762049044953
  mean: 23.539762049044953
  median: 23.539762049044953
  min: 23.539762049044953
  num_samples: 1
  rmse: 23.539762049044953
  std: 0.0
