rot:
  max: 9.777227588626737
  mean: 2.60533977204057
  median: 2.432738412620539
  min: 0.0
  num_samples: 792
  rmse: 2.9854537783051374
  std: 1.457785627113949
scale:
  max: 2314.9680227680433
  mean: 53.57433067032515
  median: 2.530327560699086
  min: 0.015922216618724505
  num_samples: 792
  rmse: 202.8080040996011
  std: 195.60387935848942
trans:
  max: 16.324044575502345
  mean: 10.18132403749042
  median: 10.415605382311107
  min: 0.0
  num_samples: 792
  rmse: 11.389736253813377
  std: 5.105559007106917
