rot:
  max: 31.140968251665882
  mean: 17.60659437638418
  median: 17.064676530156937
  min: 0.0
  num_samples: 2686
  rmse: 19.434209826110493
  std: 8.227778924519455
scale:
  max: 198379.76588871027
  mean: 676.9890587921187
  median: 8.671326212007902
  min: 0.13066328822928241
  num_samples: 2686
  rmse: 5632.655866888121
  std: 5591.824204055858
trans:
  max: 460.03041030365677
  mean: 281.4629498680069
  median: 325.5519034224796
  min: 0.0
  num_samples: 2686
  rmse: 317.18250450450216
  std: 146.23046541452436
