rot:
  max: 19.434209826110493
  mean: 19.434209826110493
  median: 19.434209826110493
  min: 19.434209826110493
  num_samples: 1
  rmse: 19.434209826110493
  std: 0.0
scale:
  max: 5632.655866888121
  mean: 5632.655866888121
  median: 5632.655866888121
  min: 5632.655866888121
  num_samples: 1
  rmse: 5632.655866888121
  std: 0.0
trans:
  max: 317.18250450450216
  mean: 317.18250450450216
  median: 317.18250450450216
  min: 317.18250450450216
  num_samples: 1
  rmse: 317.18250450450216
  std: 0.0
