rot:
  max: 6.130488381179011
  mean: 2.980331173141132
  median: 3.4746710216022985
  min: 0.00012473808952049355
  num_samples: 516
  rmse: 3.6430803505439564
  std: 2.095151674443327
scale:
  max: 1410.9484342078065
  mean: 20.807636678939488
  median: 4.402693981634165
  min: 0.0007159170662962566
  num_samples: 516
  rmse: 89.23619778755744
  std: 86.77638648513387
trans:
  max: 23.654260968563083
  mean: 5.492312734650507
  median: 3.377851883209022
  min: 0.0
  num_samples: 516
  rmse: 8.320757654979463
  std: 6.250560677066915
