rot:
  max: 3.6430803505439564
  mean: 3.6430803505439564
  median: 3.6430803505439564
  min: 3.6430803505439564
  num_samples: 1
  rmse: 3.6430803505439564
  std: 0.0
scale:
  max: 89.23619778755744
  mean: 89.23619778755744
  median: 89.23619778755744
  min: 89.23619778755744
  num_samples: 1
  rmse: 89.23619778755744
  std: 0.0
trans:
  max: 8.320757654979463
  mean: 8.320757654979463
  median: 8.320757654979463
  min: 8.320757654979463
  num_samples: 1
  rmse: 8.320757654979463
  std: 0.0
