rot:
  max: 14.383545557468372
  mean: 3.958805326478767
  median: 3.9770868692389874
  min: 0.0006741862031264913
  num_samples: 1330
  rmse: 4.4816684496159915
  std: 2.1007647367867612
scale:
  max: 11823396.453366015
  mean: 17082.15801222278
  median: 2.048579353974389
  min: 0.04067681416055624
  num_samples: 1330
  rmse: 399061.36489705025
  std: 398695.58917944157
trans:
  max: 100.31621321236518
  mean: 40.38130512409762
  median: 36.268156218493544
  min: 0.0
  num_samples: 1330
  rmse: 50.4320387408603
  std: 30.21159923000041
