rot:
  max: 4.4816684496159915
  mean: 4.4816684496159915
  median: 4.4816684496159915
  min: 4.4816684496159915
  num_samples: 1
  rmse: 4.4816684496159915
  std: 0.0
scale:
  max: 399061.36489705025
  mean: 399061.36489705025
  median: 399061.36489705025
  min: 399061.36489705025
  num_samples: 1
  rmse: 399061.36489705025
  std: 0.0
trans:
  max: 50.4320387408603
  mean: 50.4320387408603
  median: 50.4320387408603
  min: 50.4320387408603
  num_samples: 1
  rmse: 50.4320387408603
  std: 0.0
