rot:
  max: 4.383461450107883
  mean: 2.1430173107993062
  median: 2.2526339755389766
  min: 0.0
  num_samples: 2078
  rmse: 2.3925906872176226
  std: 1.063939378994407
scale:
  max: 7936.758453846819
  mean: 55.39852634696839
  median: 2.6942630855382066
  min: 0.09583303226825546
  num_samples: 2078
  rmse: 509.3242551193834
  std: 506.30247889132346
trans:
  max: 68.94308556330355
  mean: 45.0050949889463
  median: 47.05895854765145
  min: 0.0
  num_samples: 2078
  rmse: 48.60508252723603
  std: 18.35743643636948
