rot:
  max: 2.3925906872176226
  mean: 2.3925906872176226
  median: 2.3925906872176226
  min: 2.3925906872176226
  num_samples: 1
  rmse: 2.3925906872176226
  std: 0.0
scale:
  max: 509.3242551193834
  mean: 509.3242551193834
  median: 509.3242551193834
  min: 509.3242551193834
  num_samples: 1
  rmse: 509.3242551193834
  std: 0.0
trans:
  max: 48.60508252723603
  mean: 48.60508252723603
  median: 48.60508252723603
  min: 48.60508252723603
  num_samples: 1
  rmse: 48.60508252723603
  std: 0.0
