rot:
  max: 9.612192066182867
  mean: 2.2407125971230317
  median: 2.040129868459762
  min: 0.0
  num_samples: 792
  rmse: 2.5942971225202074
  std: 1.3075108477602728
scale:
  max: 2723.0392531103016
  mean: 65.06797259266172
  median: 7.7042091603711285
  min: 0.001594420486417114
  num_samples: 792
  rmse: 232.73608742642352
  std: 223.45524234897798
trans:
  max: 19.76531222959571
  mean: 11.469883873707547
  median: 9.655139567377589
  min: 0.0
  num_samples: 792
  rmse: 13.310373823134109
  std: 6.75335584988954
