rot:
  max: 2.5942971225202074
  mean: 2.5942971225202074
  median: 2.5942971225202074
  min: 2.5942971225202074
  num_samples: 1
  rmse: 2.5942971225202074
  std: 0.0
scale:
  max: 232.73608742642352
  mean: 232.73608742642352
  median: 232.73608742642352
  min: 232.73608742642352
  num_samples: 1
  rmse: 232.73608742642352
  std: 0.0
trans:
  max: 13.310373823134109
  mean: 13.310373823134109
  median: 13.310373823134109
  min: 13.310373823134109
  num_samples: 1
  rmse: 13.310373823134109
  std: 0.0
