rot:
  max: 9.779295528808367
  mean: 2.382665804440474
  median: 1.8569052115082494
  min: 0.0
  num_samples: 792
  rmse: 2.978230593643832
  std: 1.7868299116776953
scale:
  max: 1792.7781247275752
  mean: 45.875427215261
  median: 4.574806157797589
  min: 0.07229349827779785
  num_samples: 792
  rmse: 164.33472859683428
  std: 157.80161026051815
trans:
  max: 12.81445849592226
  mean: 7.577221245726492
  median: 8.234137844237456
  min: 0.0
  num_samples: 792
  rmse: 8.361980826023716
  std: 3.5367275168012777
