rot:
  max: 2.978230593643832
  mean: 2.978230593643832
  median: 2.978230593643832
  min: 2.978230593643832
  num_samples: 1
  rmse: 2.978230593643832
  std: 0.0
scale:
  max: 164.33472859683428
  mean: 164.33472859683428
  median: 164.33472859683428
  min: 164.33472859683428
  num_samples: 1
  rmse: 164.33472859683428
  std: 0.0
trans:
  max: 8.361980826023716
  mean: 8.361980826023716
  median: 8.361980826023716
  min: 8.361980826023716
  num_samples: 1
  rmse: 8.361980826023716
  std: 0.0
