rot:
  max: 10.91883071640256
  mean: 4.2858848301480785
  median: 4.7386049052072075
  min: 0.00260916829651933
  num_samples: 535
  rmse: 4.718116216711648
  std: 1.9727675628679655
scale:
  max: 2560728.270745317
  mean: 8384.825478924175
  median: 13.945946939450437
  min: 0.005767270912548916
  num_samples: 535
  rmse: 126939.71175551545
  std: 126662.48506271037
trans:
  max: 49.2324368644253
  mean: 25.081798691176356
  median: 32.38203583456709
  min: 0.0
  num_samples: 535
  rmse: 32.107533045639094
  std: 20.04487597098347
