rot:
  max: 4.718116216711648
  mean: 4.718116216711648
  median: 4.718116216711648
  min: 4.718116216711648
  num_samples: 1
  rmse: 4.718116216711648
  std: 0.0
scale:
  max: 126939.71175551545
  mean: 126939.71175551545
  median: 126939.71175551545
  min: 126939.71175551545
  num_samples: 1
  rmse: 126939.71175551545
  std: 0.0
trans:
  max: 32.107533045639094
  mean: 32.107533045639094
  median: 32.107533045639094
  min: 32.107533045639094
  num_samples: 1
  rmse: 32.107533045639094
  std: 0.0
