rot:
  max: 10.242166133449865
  mean: 10.242166133449865
  median: 10.242166133449865
  min: 10.242166133449865
  num_samples: 1
  rmse: 10.242166133449865
  std: 0.0
scale:
  max: 206150.36831982943
  mean: 206150.36831982943
  median: 206150.36831982943
  min: 206150.36831982943
  num_samples: 1
  rmse: 206150.36831982943
  std: 0.0
trans:
  max: 33.07806453213998
  mean: 33.07806453213998
  median: 33.07806453213998
  min: 33.07806453213998
  num_samples: 1
  rmse: 33.07806453213998
  std: 0.0
