rot:
  max: 13.0656498362838
  mean: 3.1117354829196096
  median: 2.96348662727638
  min: 0.0022778259535207917
  num_samples: 1311
  rmse: 3.5949515429663808
  std: 1.8002163427253484
scale:
  max: 1659.9353564754992
  mean: 12.183029179099197
  median: 1.334568083307297
  min: 0.004168472228305298
  num_samples: 1311
  rmse: 84.23886261956697
  std: 83.35322294584353
trans:
  max: 69.77220445385117
  mean: 36.98395208245883
  median: 37.10809024885726
  min: 0.0
  num_samples: 1311
  rmse: 44.346389929826586
  std: 24.47017752634039
