rot:
  max: 3.5949515429663808
  mean: 3.5949515429663808
  median: 3.5949515429663808
  min: 3.5949515429663808
  num_samples: 1
  rmse: 3.5949515429663808
  std: 0.0
scale:
  max: 84.23886261956697
  mean: 84.23886261956697
  median: 84.23886261956697
  min: 84.23886261956697
  num_samples: 1
  rmse: 84.23886261956697
  std: 0.0
trans:
  max: 44.346389929826586
  mean: 44.346389929826586
  median: 44.346389929826586
  min: 44.346389929826586
  num_samples: 1
  rmse: 44.346389929826586
  std: 0.0
