rot:
  max: 10.391641369231207
  mean: 5.577266315542532
  median: 5.392907115953063
  min: 0.0
  num_samples: 792
  rmse: 6.085863509377168
  std: 2.4355358959135027
scale:
  max: 2604.315386417271
  mean: 63.171358616561214
  median: 6.104687788809704
  min: 0.08024971933525693
  num_samples: 792
  rmse: 221.00633402937098
  std: 211.78569151772203
trans:
  max: 25.4098874896192
  mean: 15.016861552517888
  median: 16.582429134814298
  min: 0.0
  num_samples: 792
  rmse: 16.74425226902305
  std: 7.407013781625735
