rot:
  max: 6.085863509377168
  mean: 6.085863509377168
  median: 6.085863509377168
  min: 6.085863509377168
  num_samples: 1
  rmse: 6.085863509377168
  std: 0.0
scale:
  max: 221.00633402937098
  mean: 221.00633402937098
  median: 221.00633402937098
  min: 221.00633402937098
  num_samples: 1
  rmse: 221.00633402937098
  std: 0.0
trans:
  max: 16.74425226902305
  mean: 16.74425226902305
  median: 16.74425226902305
  min: 16.74425226902305
  num_samples: 1
  rmse: 16.74425226902305
  std: 0.0
