rot:
  max: 13.61636934585736
  mean: 3.156752415393333
  median: 3.1015373100138657
  min: 0.0005860310670338717
  num_samples: 1101
  rmse: 3.637688894670086
  std: 1.8076765978223064
scale:
  max: 333.5583779348822
  mean: 5.489857297292309
  median: 1.9435351684847335
  min: 0.06785985517591131
  num_samples: 1101
  rmse: 26.750178788003566
  std: 26.180785550581223
trans:
  max: 93.3142152037624
  mean: 50.867868627839
  median: 63.05804166236452
  min: 0.0
  num_samples: 1101
  rmse: 59.50254282703358
  std: 30.870901252536783
