rot:
  max: 3.637688894670086
  mean: 3.637688894670086
  median: 3.637688894670086
  min: 3.637688894670086
  num_samples: 1
  rmse: 3.637688894670086
  std: 0.0
scale:
  max: 26.750178788003566
  mean: 26.750178788003566
  median: 26.750178788003566
  min: 26.750178788003566
  num_samples: 1
  rmse: 26.750178788003566
  std: 0.0
trans:
  max: 59.50254282703358
  mean: 59.50254282703358
  median: 59.50254282703358
  min: 59.50254282703358
  num_samples: 1
  rmse: 59.50254282703358
  std: 0.0
