rot:
  max: 6.40200116215429
  mean: 2.8191004600815828
  median: 2.2693591088313303
  min: 0.00028484216398121505
  num_samples: 535
  rmse: 3.6179953102077516
  std: 2.2677219099027757
scale:
  max: 2557282.951710896
  mean: 8087.34578788685
  median: 6.647240116178188
  min: 0.009507704457578647
  num_samples: 535
  rmse: 126338.23951450105
  std: 126079.1243693046
trans:
  max: 28.543657761149582
  mean: 14.016329614329853
  median: 19.112439617395754
  min: 0.0
  num_samples: 535
  rmse: 17.046220216021588
  std: 9.701346700101123
