rot:
  max: 3.6179953102077516
  mean: 3.6179953102077516
  median: 3.6179953102077516
  min: 3.6179953102077516
  num_samples: 1
  rmse: 3.6179953102077516
  std: 0.0
scale:
  max: 126338.23951450105
  mean: 126338.23951450105
  median: 126338.23951450105
  min: 126338.23951450105
  num_samples: 1
  rmse: 126338.23951450105
  std: 0.0
trans:
  max: 17.046220216021588
  mean: 17.046220216021588
  median: 17.046220216021588
  min: 17.046220216021588
  num_samples: 1
  rmse: 17.046220216021588
  std: 0.0
