rot:
  max: 30.07973649068406
  mean: 17.182566715724555
  median: 25.294668232120856
  min: 0.00014039785329892146
  num_samples: 772
  rmse: 20.93100719466088
  std: 11.952675986682655
scale:
  max: 179013.4995127079
  mean: 3036.5993592556615
  median: 444.92372704259736
  min: 0.0003166749517724554
  num_samples: 772
  rmse: 12709.856450413537
  std: 12341.779260766525
trans:
  max: 206.17103793329588
  mean: 115.34786075959484
  median: 182.02411998996416
  min: 0.0
  num_samples: 772
  rmse: 144.73867478693975
  std: 87.43085838114956
