rot:
  max: 20.93100719466088
  mean: 20.93100719466088
  median: 20.93100719466088
  min: 20.93100719466088
  num_samples: 1
  rmse: 20.93100719466088
  std: 0.0
scale:
  max: 12709.856450413537
  mean: 12709.856450413537
  median: 12709.856450413537
  min: 12709.856450413537
  num_samples: 1
  rmse: 12709.856450413537
  std: 0.0
trans:
  max: 144.73867478693975
  mean: 144.73867478693975
  median: 144.73867478693975
  min: 144.73867478693975
  num_samples: 1
  rmse: 144.73867478693975
  std: 0.0
