rot:
  max: 175.2967159096319
  mean: 11.712110091505483
  median: 8.443192467989705
  min: 0.03371887288229111
  num_samples: 2592
  rmse: 21.285565698510815
  std: 17.773626087832383
scale:
  max: 1227981.1363360449
  mean: 777.1389582121424
  median: 10.003958450051275
  min: 0.020119295939891035
  num_samples: 2592
  rmse: 24148.200124137158
  std: 24135.691916226613
trans:
  max: 695.385711539632
  mean: 376.3420799126439
  median: 393.32947830751544
  min: 0.001228081136336045
  num_samples: 2592
  rmse: 424.67191963274826
  std: 196.75588482073047
