rot:
  max: 21.285565698510815
  mean: 21.285565698510815
  median: 21.285565698510815
  min: 21.285565698510815
  num_samples: 1
  rmse: 21.285565698510815
  std: 0.0
scale:
  max: 24148.200124137158
  mean: 24148.200124137158
  median: 24148.200124137158
  min: 24148.200124137158
  num_samples: 1
  rmse: 24148.200124137158
  std: 0.0
trans:
  max: 424.67191963274826
  mean: 424.67191963274826
  median: 424.67191963274826
  min: 424.67191963274826
  num_samples: 1
  rmse: 424.67191963274826
  std: 0.0
