rot:
  max: 9.68634820762847
  mean: 5.25000421732501
  median: 4.465202379615714
  min: 0.0
  num_samples: 792
  rmse: 6.05276375000267
  std: 3.012209277493182
scale:
  max: 80473.5457920929
  mean: 241.40190889844865
  median: 5.849672532394573
  min: 0.007354516384605603
  num_samples: 792
  rmse: 3216.0527247030996
  std: 3206.979926106556
trans:
  max: 26.684335472932418
  mean: 13.621838251092381
  median: 14.870376849574871
  min: 0.0
  num_samples: 792
  rmse: 15.402953697129293
  std: 7.190028181932631
