rot:
  max: 6.05276375000267
  mean: 6.05276375000267
  median: 6.05276375000267
  min: 6.05276375000267
  num_samples: 1
  rmse: 6.05276375000267
  std: 0.0
scale:
  max: 3216.0527247030996
  mean: 3216.0527247030996
  median: 3216.0527247030996
  min: 3216.0527247030996
  num_samples: 1
  rmse: 3216.0527247030996
  std: 0.0
trans:
  max: 15.402953697129293
  mean: 15.402953697129293
  median: 15.402953697129293
  min: 15.402953697129293
  num_samples: 1
  rmse: 15.402953697129293
  std: 0.0
