rot:
  max: 3.9355214747073135
  mean: 1.0684918134963266
  median: 0.8042416866876865
  min: 0.0004746431245258161
  num_samples: 1101
  rmse: 1.5082159905021644
  std: 1.0644438540842611
scale:
  max: 13823.080277924504
  mean: 36.133968576196494
  median: 1.9146562822552005
  min: 0.004802786705859763
  num_samples: 1101
  rmse: 604.3741776430998
  std: 603.2930323787169
trans:
  max: 39.43551998355274
  mean: 17.219194877583302
  median: 15.36241263824242
  min: 0.0
  num_samples: 1101
  rmse: 20.991754725641503
  std: 12.006377231675728
