rot:
  max: 1.5082159905021644
  mean: 1.5082159905021644
  median: 1.5082159905021644
  min: 1.5082159905021644
  num_samples: 1
  rmse: 1.5082159905021644
  std: 0.0
scale:
  max: 604.3741776430998
  mean: 604.3741776430998
  median: 604.3741776430998
  min: 604.3741776430998
  num_samples: 1
  rmse: 604.3741776430998
  std: 0.0
trans:
  max: 20.991754725641503
  mean: 20.991754725641503
  median: 20.991754725641503
  min: 20.991754725641503
  num_samples: 1
  rmse: 20.991754725641503
  std: 0.0
