rot:
  max: 9.568122948446616
  mean: 5.244958813450508
  median: 4.58355582770756
  min: 0.0
  num_samples: 792
  rmse: 6.000801911624021
  std: 2.9154812000351407
scale:
  max: 80473.5457920929
  mean: 222.82925250612467
  median: 6.116174285752951
  min: 0.12475113594379028
  num_samples: 792
  rmse: 3211.2495191095545
  std: 3203.5091069339737
trans:
  max: 23.264104521510184
  mean: 12.751176540618399
  median: 12.804979486737496
  min: 0.0
  num_samples: 792
  rmse: 14.440864231721608
  std: 6.7783520555515215
