rot:
  max: 21.273146885692128
  mean: 11.3620144414103
  median: 12.094576051246062
  min: 0.0
  num_samples: 772
  rmse: 13.482485436368632
  std: 7.258239550681418
scale:
  max: 25572.469227819296
  mean: 624.2796533342464
  median: 41.788446281684756
  min: 0.005894198843836573
  num_samples: 772
  rmse: 2587.928636153922
  std: 2511.5034422151157
trans:
  max: 48.682743003811154
  mean: 26.45693825399671
  median: 35.12697653380378
  min: 0.0
  num_samples: 772
  rmse: 31.338376378690352
  std: 16.796554774020265
