rot:
  max: 13.482485436368632
  mean: 13.482485436368632
  median: 13.482485436368632
  min: 13.482485436368632
  num_samples: 1
  rmse: 13.482485436368632
  std: 0.0
scale:
  max: 2587.928636153922
  mean: 2587.928636153922
  median: 2587.928636153922
  min: 2587.928636153922
  num_samples: 1
  rmse: 2587.928636153922
  std: 0.0
trans:
  max: 31.338376378690352
  mean: 31.338376378690352
  median: 31.338376378690352
  min: 31.338376378690352
  num_samples: 1
  rmse: 31.338376378690352
  std: 0.0
