rot:
  max: 23.3608588078913
  mean: 15.085594885484047
  median: 16.267214797472366
  min: 1.1459155902616465e-14
  num_samples: 2095
  rmse: 16.148003011242086
  std: 5.76045381911365
scale:
  max: 114775.73746980402
  mean: 768.8270501371874
  median: 12.757629372120928
  min: 0.021035221201981535
  num_samples: 2095
  rmse: 7281.96645311854
  std: 7241.266490837163
trans:
  max: 570.0272705590963
  mean: 316.0530935006838
  median: 382.23267938975056
  min: 0.0
  num_samples: 2095
  rmse: 364.44011411125945
  std: 181.45809120035364
