rot:
  max: 16.148003011242086
  mean: 16.148003011242086
  median: 16.148003011242086
  min: 16.148003011242086
  num_samples: 1
  rmse: 16.148003011242086
  std: 0.0
scale:
  max: 7281.96645311854
  mean: 7281.96645311854
  median: 7281.96645311854
  min: 7281.96645311854
  num_samples: 1
  rmse: 7281.96645311854
  std: 0.0
trans:
  max: 364.44011411125945
  mean: 364.44011411125945
  median: 364.44011411125945
  min: 364.44011411125945
  num_samples: 1
  rmse: 364.44011411125945
  std: 0.0
