rot:
  max: 16.162057109326007
  mean: 10.242019552267447
  median: 12.301780761441998
  min: 0.00016122290739021877
  num_samples: 2095
  rmse: 11.105398360376824
  std: 4.29312336575966
scale:
  max: 53355.835045815205
  mean: 365.67366254391476
  median: 14.045489564175618
  min: 0.0012495607069618053
  num_samples: 2095
  rmse: 3350.2571190448907
  std: 3330.2410627809945
trans:
  max: 451.2935101277218
  mean: 232.44363657844875
  median: 239.24450933084933
  min: 0.0
  num_samples: 2095
  rmse: 274.5795720077506
  std: 146.1639393904856
