rot:
  max: 11.105398360376824
  mean: 11.105398360376824
  median: 11.105398360376824
  min: 11.105398360376824
  num_samples: 1
  rmse: 11.105398360376824
  std: 0.0
scale:
  max: 3350.2571190448907
  mean: 3350.2571190448907
  median: 3350.2571190448907
  min: 3350.2571190448907
  num_samples: 1
  rmse: 3350.2571190448907
  std: 0.0
trans:
  max: 274.5795720077506
  mean: 274.5795720077506
  median: 274.5795720077506
  min: 274.5795720077506
  num_samples: 1
  rmse: 274.5795720077506
  std: 0.0
