rot:
  max: 17.571742766031008
  mean: 10.271042655363814
  median: 9.477724667016595
  min: 0.0016653275185080497
  num_samples: 1101
  rmse: 11.27744173609036
  std: 4.6568632020502605
scale:
  max: 288.19372804930293
  mean: 6.93730869317866
  median: 3.682131169136982
  min: 0.040058981678847694
  num_samples: 1101
  rmse: 24.36606898563405
  std: 23.357633996366697
trans:
  max: 210.24983467279432
  mean: 103.0670716883932
  median: 119.25667227343763
  min: 9.29184417226616e-08
  num_samples: 1101
  rmse: 123.14474806489793
  std: 67.39293516049585
