rot:
  max: 11.27744173609036
  mean: 11.27744173609036
  median: 11.27744173609036
  min: 11.27744173609036
  num_samples: 1
  rmse: 11.27744173609036
  std: 0.0
scale:
  max: 24.36606898563405
  mean: 24.36606898563405
  median: 24.36606898563405
  min: 24.36606898563405
  num_samples: 1
  rmse: 24.36606898563405
  std: 0.0
trans:
  max: 123.14474806489793
  mean: 123.14474806489793
  median: 123.14474806489793
  min: 123.14474806489793
  num_samples: 1
  rmse: 123.14474806489793
  std: 0.0
