rot:
  max: 178.83306157741657
  mean: 13.424397073361792
  median: 10.508298649337451
  min: 0.03371887288120403
  num_samples: 2592
  rmse: 25.133287385863134
  std: 21.247769248490584
scale:
  max: 1227982.7479240014
  mean: 564.4844942192436
  median: 7.428607937446663
  min: 0.19260463102271919
  num_samples: 2592
  rmse: 24122.034894756023
  std: 24115.42918381535
trans:
  max: 254.62177198366822
  mean: 185.54871005747506
  median: 214.7507300111369
  min: 0.0012280827479240013
  num_samples: 2592
  rmse: 197.905261734571
  std: 68.83435783267034
