rot:
  max: 25.133287385863134
  mean: 25.133287385863134
  median: 25.133287385863134
  min: 25.133287385863134
  num_samples: 1
  rmse: 25.133287385863134
  std: 0.0
scale:
  max: 24122.034894756023
  mean: 24122.034894756023
  median: 24122.034894756023
  min: 24122.034894756023
  num_samples: 1
  rmse: 24122.034894756023
  std: 0.0
trans:
  max: 197.905261734571
  mean: 197.905261734571
  median: 197.905261734571
  min: 197.905261734571
  num_samples: 1
  rmse: 197.905261734571
  std: 0.0
