rot:
  max: 8.453035105941156
  mean: 1.3243259779533512
  median: 0.8103074159355399
  min: 0.0
  num_samples: 792
  rmse: 2.0462436344724098
  std: 1.5598954182049374
scale:
  max: 95045.45683651343
  mean: 242.1145320393012
  median: 4.415471343208333
  min: 0.0772735328874008
  num_samples: 792
  rmse: 3824.9285882008317
  std: 3817.2580811639396
trans:
  max: 12.090063156142469
  mean: 7.3809816029043125
  median: 8.531150509602453
  min: 0.0
  num_samples: 792
  rmse: 8.08562291875905
  std: 3.301273778702657
