rot:
  max: 2.0462436344724098
  mean: 2.0462436344724098
  median: 2.0462436344724098
  min: 2.0462436344724098
  num_samples: 1
  rmse: 2.0462436344724098
  std: 0.0
scale:
  max: 3824.9285882008317
  mean: 3824.9285882008317
  median: 3824.9285882008317
  min: 3824.9285882008317
  num_samples: 1
  rmse: 3824.9285882008317
  std: 0.0
trans:
  max: 8.08562291875905
  mean: 8.08562291875905
  median: 8.08562291875905
  min: 8.08562291875905
  num_samples: 1
  rmse: 8.08562291875905
  std: 0.0
