rot:
  max: 0.8044513854027807
  mean: 0.22906776823430916
  median: 0.20457086953187287
  min: 0.00012961460324588815
  num_samples: 1082
  rmse: 0.27880761693054024
  std: 0.1589391229831085
scale:
  max: 1223990.324484149
  mean: 1132.8877638908862
  median: 1.3728781039918703
  min: 0.053875533465830294
  num_samples: 1082
  rmse: 37210.40153898047
  std: 37193.15189664069
trans:
  max: 26.568046017415917
  mean: 12.774082143268197
  median: 13.055479315877564
  min: 0.0
  num_samples: 1082
  rmse: 14.91157586441757
  std: 7.692718645402104
