rot:
  max: 0.27880761693054024
  mean: 0.27880761693054024
  median: 0.27880761693054024
  min: 0.27880761693054024
  num_samples: 1
  rmse: 0.27880761693054024
  std: 0.0
scale:
  max: 37210.40153898047
  mean: 37210.40153898047
  median: 37210.40153898047
  min: 37210.40153898047
  num_samples: 1
  rmse: 37210.40153898047
  std: 0.0
trans:
  max: 14.91157586441757
  mean: 14.91157586441757
  median: 14.91157586441757
  min: 14.91157586441757
  num_samples: 1
  rmse: 14.91157586441757
  std: 0.0
