rot:
  max: 144.59905821935237
  mean: 70.3108488604268
  median: 131.15277943217623
  min: 0.0011563767715691445
  num_samples: 535
  rmse: 96.23540107155925
  std: 65.70872812595056
scale:
  max: 3375844.9481039
  mean: 18991.85712500477
  median: 129.33774733995378
  min: 0.02804880130387044
  num_samples: 535
  rmse: 206834.46635270675
  std: 205960.690022034
trans:
  max: 795.8591009493706
  mean: 343.59208148062424
  median: 322.1602672480734
  min: 4.0797911805097564e-08
  num_samples: 535
  rmse: 485.20650493885967
  std: 342.59281075176654
