rot:
  max: 96.23540107155925
  mean: 96.23540107155925
  median: 96.23540107155925
  min: 96.23540107155925
  num_samples: 1
  rmse: 96.23540107155925
  std: 0.0
scale:
  max: 206834.46635270675
  mean: 206834.46635270675
  median: 206834.46635270675
  min: 206834.46635270675
  num_samples: 1
  rmse: 206834.46635270675
  std: 0.0
trans:
  max: 485.20650493885967
  mean: 485.20650493885967
  median: 485.20650493885967
  min: 485.20650493885967
  num_samples: 1
  rmse: 485.20650493885967
  std: 0.0
