rot:
  max: 9.916304442428203
  mean: 1.8829688935543931
  median: 1.7995854328458265
  min: 0.0
  num_samples: 792
  rmse: 2.240655880683987
  std: 1.214482161890523
scale:
  max: 1792.778097954308
  mean: 42.8210166428863
  median: 2.483168676923886
  min: 0.008805959578617184
  num_samples: 792
  rmse: 161.08947332844994
  std: 155.29384711219902
trans:
  max: 11.827217645983776
  mean: 6.084448219267763
  median: 3.57464202331468
  min: 0.0
  num_samples: 792
  rmse: 7.311732206243275
  std: 4.054740154789762
