rot:
  max: 2.240655880683987
  mean: 2.240655880683987
  median: 2.240655880683987
  min: 2.240655880683987
  num_samples: 1
  rmse: 2.240655880683987
  std: 0.0
scale:
  max: 161.08947332844994
  mean: 161.08947332844994
  median: 161.08947332844994
  min: 161.08947332844994
  num_samples: 1
  rmse: 161.08947332844994
  std: 0.0
trans:
  max: 7.311732206243275
  mean: 7.311732206243275
  median: 7.311732206243275
  min: 7.311732206243275
  num_samples: 1
  rmse: 7.311732206243275
  std: 0.0
