rot:
  max: 21.98961454994096
  mean: 13.510740661075783
  median: 13.726472562342671
  min: 1.1459155902616465e-14
  num_samples: 2095
  rmse: 14.661722539061282
  std: 5.6943827234891025
scale:
  max: 63603.73455697289
  mean: 429.1301128107447
  median: 10.518029359670367
  min: 0.013785796801069061
  num_samples: 2095
  rmse: 3984.633588422736
  std: 3961.4583400896304
trans:
  max: 455.6960394793491
  mean: 235.5481310426312
  median: 232.72900349429034
  min: 0.0
  num_samples: 2095
  rmse: 273.115261110497
  std: 138.23539276819957
