rot:
  max: 62.00695667896378
  mean: 35.8102832545366
  median: 35.39980201832178
  min: 0.0
  num_samples: 2702
  rmse: 39.83158963536507
  std: 17.44073238456397
scale:
  max: 1492291.8945441826
  mean: 1665.276505544639
  median: 19.633886819379455
  min: 0.08646608067179873
  num_samples: 2702
  rmse: 30197.31384368191
  std: 30151.361785728765
trans:
  max: 935.1958856690347
  mean: 549.370212983506
  median: 678.8570548641783
  min: 0.0
  num_samples: 2702
  rmse: 617.9594154136298
  std: 282.95972890998524
