rot:
  max: 39.83158963536507
  mean: 39.83158963536507
  median: 39.83158963536507
  min: 39.83158963536507
  num_samples: 1
  rmse: 39.83158963536507
  std: 0.0
scale:
  max: 30197.31384368191
  mean: 30197.31384368191
  median: 30197.31384368191
  min: 30197.31384368191
  num_samples: 1
  rmse: 30197.31384368191
  std: 0.0
trans:
  max: 617.9594154136298
  mean: 617.9594154136298
  median: 617.9594154136298
  min: 617.9594154136298
  num_samples: 1
  rmse: 617.9594154136298
  std: 0.0
