rot:
  max: 6.093694107430857
  mean: 2.66376830586936
  median: 2.8747462129780694
  min: 0.00028484216398121505
  num_samples: 535
  rmse: 3.3982723978103166
  std: 2.110116987838674
scale:
  max: 2557282.951710896
  mean: 8006.557804767008
  median: 8.358241877143557
  min: 0.004907752553418021
  num_samples: 535
  rmse: 126337.5153722374
  std: 126083.5549250942
trans:
  max: 24.93167089938336
  mean: 6.846656185882754
  median: 4.789281206392391
  min: 0.0
  num_samples: 535
  rmse: 9.580760485420148
  std: 6.7018109904190455
