rot:
  max: 3.3982723978103166
  mean: 3.3982723978103166
  median: 3.3982723978103166
  min: 3.3982723978103166
  num_samples: 1
  rmse: 3.3982723978103166
  std: 0.0
scale:
  max: 126337.5153722374
  mean: 126337.5153722374
  median: 126337.5153722374
  min: 126337.5153722374
  num_samples: 1
  rmse: 126337.5153722374
  std: 0.0
trans:
  max: 9.580760485420148
  mean: 9.580760485420148
  median: 9.580760485420148
  min: 9.580760485420148
  num_samples: 1
  rmse: 9.580760485420148
  std: 0.0
