rot:
  max: 18.597784027829537
  mean: 10.310025223598908
  median: 8.57550582143139
  min: 0.0016653275185080497
  num_samples: 1101
  rmse: 11.462651137560213
  std: 5.009565948279824
scale:
  max: 288.19372804930293
  mean: 6.730355399405643
  median: 3.3904596022013678
  min: 0.0232732633759114
  num_samples: 1101
  rmse: 24.326135982030817
  std: 23.37655252628038
trans:
  max: 222.41231355618157
  mean: 96.90456280115272
  median: 96.1159030600023
  min: 9.29184417226616e-08
  num_samples: 1101
  rmse: 117.65298289532561
  std: 66.72128665190164
