rot:
  max: 11.462651137560213
  mean: 11.462651137560213
  median: 11.462651137560213
  min: 11.462651137560213
  num_samples: 1
  rmse: 11.462651137560213
  std: 0.0
scale:
  max: 24.326135982030817
  mean: 24.326135982030817
  median: 24.326135982030817
  min: 24.326135982030817
  num_samples: 1
  rmse: 24.326135982030817
  std: 0.0
trans:
  max: 117.65298289532561
  mean: 117.65298289532561
  median: 117.65298289532561
  min: 117.65298289532561
  num_samples: 1
  rmse: 117.65298289532561
  std: 0.0
