rot:
  max: 18.355044866847823
  mean: 9.214854996475658
  median: 7.734755965735871
  min: 0.00042243057245074247
  num_samples: 1330
  rmse: 11.386053442420105
  std: 6.687948892416438
scale:
  max: 23085730.07557089
  mean: 28526.179506876673
  median: 5.2972345175899775
  min: 0.030277906565501223
  num_samples: 1330
  rmse: 711844.8802880459
  std: 711273.0774288055
trans:
  max: 240.65988364106946
  mean: 79.31105413848427
  median: 60.53947690567745
  min: 9.678172040897828e-08
  num_samples: 1330
  rmse: 109.71945072886247
  std: 75.81632119593837
