rot:
  max: 11.386053442420105
  mean: 11.386053442420105
  median: 11.386053442420105
  min: 11.386053442420105
  num_samples: 1
  rmse: 11.386053442420105
  std: 0.0
scale:
  max: 711844.8802880459
  mean: 711844.8802880459
  median: 711844.8802880459
  min: 711844.8802880459
  num_samples: 1
  rmse: 711844.8802880459
  std: 0.0
trans:
  max: 109.71945072886247
  mean: 109.71945072886247
  median: 109.71945072886247
  min: 109.71945072886247
  num_samples: 1
  rmse: 109.71945072886247
  std: 0.0
