rot:
  max: 14.372854443490192
  mean: 3.4117362649851026
  median: 3.213544753524605
  min: 0.0006741862031264913
  num_samples: 1330
  rmse: 3.937531165551273
  std: 1.9657587181221077
scale:
  max: 11823396.381175986
  mean: 17075.15209187036
  median: 1.2060115305566055
  min: 0.018906569667787032
  num_samples: 1330
  rmse: 399061.3529217093
  std: 398695.8773009128
trans:
  max: 63.56626124870814
  mean: 30.374000371977345
  median: 25.887173730235265
  min: 0.0
  num_samples: 1330
  rmse: 37.69248142481907
  std: 22.319123131598396
