rot:
  max: 3.937531165551273
  mean: 3.937531165551273
  median: 3.937531165551273
  min: 3.937531165551273
  num_samples: 1
  rmse: 3.937531165551273
  std: 0.0
scale:
  max: 399061.3529217093
  mean: 399061.3529217093
  median: 399061.3529217093
  min: 399061.3529217093
  num_samples: 1
  rmse: 399061.3529217093
  std: 0.0
trans:
  max: 37.69248142481907
  mean: 37.69248142481907
  median: 37.69248142481907
  min: 37.69248142481907
  num_samples: 1
  rmse: 37.69248142481907
  std: 0.0
