rot:
  max: 8.943466548992534
  mean: 1.46626678165761
  median: 1.1010778619671542
  min: 0.0
  num_samples: 792
  rmse: 2.2257041017864387
  std: 1.6744612487950905
scale:
  max: 95045.45683651343
  mean: 227.285713883591
  median: 2.5816675972203273
  min: 0.020692095708330083
  num_samples: 792
  rmse: 3823.6701758375766
  std: 3816.909065966098
trans:
  max: 9.542299139188966
  mean: 4.764026768517051
  median: 5.027062606021892
  min: 0.0
  num_samples: 792
  rmse: 5.407866572861505
  std: 2.559115046012162
