rot:
  max: 2.2257041017864387
  mean: 2.2257041017864387
  median: 2.2257041017864387
  min: 2.2257041017864387
  num_samples: 1
  rmse: 2.2257041017864387
  std: 0.0
scale:
  max: 3823.6701758375766
  mean: 3823.6701758375766
  median: 3823.6701758375766
  min: 3823.6701758375766
  num_samples: 1
  rmse: 3823.6701758375766
  std: 0.0
trans:
  max: 5.407866572861505
  mean: 5.407866572861505
  median: 5.407866572861505
  min: 5.407866572861505
  num_samples: 1
  rmse: 5.407866572861505
  std: 0.0
