rot:
  max: 4.710664281644494
  mean: 2.493543882726521
  median: 2.73965421471714
  min: 0.0001612228859043014
  num_samples: 2095
  rmse: 2.7770218183099176
  std: 1.2223293681681986
scale:
  max: 10228.256790146785
  mean: 72.32687633376456
  median: 2.5014802801493596
  min: 0.01049022104814279
  num_samples: 2095
  rmse: 671.8685250989377
  std: 667.9641741728535
trans:
  max: 72.50413314865379
  mean: 46.580637359717755
  median: 50.773406032318135
  min: 0.0
  num_samples: 2095
  rmse: 51.233161516645715
  std: 21.332629049256326
