rot:
  max: 2.7770218183099176
  mean: 2.7770218183099176
  median: 2.7770218183099176
  min: 2.7770218183099176
  num_samples: 1
  rmse: 2.7770218183099176
  std: 0.0
scale:
  max: 671.8685250989377
  mean: 671.8685250989377
  median: 671.8685250989377
  min: 671.8685250989377
  num_samples: 1
  rmse: 671.8685250989377
  std: 0.0
trans:
  max: 51.233161516645715
  mean: 51.233161516645715
  median: 51.233161516645715
  min: 51.233161516645715
  num_samples: 1
  rmse: 51.233161516645715
  std: 0.0
