rot:
  max: 2.7154675919947104
  mean: 2.7154675919947104
  median: 2.7154675919947104
  min: 2.7154675919947104
  num_samples: 1
  rmse: 2.7154675919947104
  std: 0.0
scale:
  max: 3824.4615588359247
  mean: 3824.4615588359247
  median: 3824.4615588359247
  min: 3824.4615588359247
  num_samples: 1
  rmse: 3824.4615588359247
  std: 0.0
trans:
  max: 7.0282646198466745
  mean: 7.0282646198466745
  median: 7.0282646198466745
  min: 7.0282646198466745
  num_samples: 1
  rmse: 7.0282646198466745
  std: 0.0
