rot:
  max: 8.631183817791792
  mean: 4.510501149197865
  median: 3.906148531584586
  min: 0.0
  num_samples: 792
  rmse: 5.186449057193889
  std: 2.5602017900845455
scale:
  max: 80473.5457920929
  mean: 236.52980953950637
  median: 6.355277851331149
  min: 0.016150824898142346
  num_samples: 792
  rmse: 3215.0392085758103
  std: 3206.3266773488594
trans:
  max: 22.95903244706822
  mean: 13.353819905810825
  median: 16.08362797387423
  min: 0.0
  num_samples: 792
  rmse: 14.907703684828688
  std: 6.626848653607939
