rot:
  max: 5.186449057193889
  mean: 5.186449057193889
  median: 5.186449057193889
  min: 5.186449057193889
  num_samples: 1
  rmse: 5.186449057193889
  std: 0.0
scale:
  max: 3215.0392085758103
  mean: 3215.0392085758103
  median: 3215.0392085758103
  min: 3215.0392085758103
  num_samples: 1
  rmse: 3215.0392085758103
  std: 0.0
trans:
  max: 14.907703684828688
  mean: 14.907703684828688
  median: 14.907703684828688
  min: 14.907703684828688
  num_samples: 1
  rmse: 14.907703684828688
  std: 0.0
