rot:
  max: 35.021449913929644
  mean: 19.393816721020823
  median: 28.73323708092214
  min: 0.00014039785329892146
  num_samples: 772
  rmse: 23.879388541984557
  std: 13.932159564493814
scale:
  max: 198048.55874439015
  mean: 3506.675041184933
  median: 492.792906542071
  min: 0.03223707086275063
  num_samples: 772
  rmse: 14657.687040417843
  std: 14232.042001426353
trans:
  max: 228.74464083373388
  mean: 127.23987179814439
  median: 201.4416870151223
  min: 0.0
  num_samples: 772
  rmse: 160.15930729034588
  std: 97.267768230361
