rot:
  max: 23.879388541984557
  mean: 23.879388541984557
  median: 23.879388541984557
  min: 23.879388541984557
  num_samples: 1
  rmse: 23.879388541984557
  std: 0.0
scale:
  max: 14657.687040417843
  mean: 14657.687040417843
  median: 14657.687040417843
  min: 14657.687040417843
  num_samples: 1
  rmse: 14657.687040417843
  std: 0.0
trans:
  max: 160.15930729034588
  mean: 160.15930729034588
  median: 160.15930729034588
  min: 160.15930729034588
  num_samples: 1
  rmse: 160.15930729034588
  std: 0.0
