rot:
  max: 20.112078985134755
  mean: 9.29536236208982
  median: 6.9310564065321
  min: 0.00042243057245074247
  num_samples: 1330
  rmse: 11.83189901640301
  std: 7.320524085869979
scale:
  max: 23085730.07557089
  mean: 28535.212575524773
  median: 5.328675493907609
  min: 0.038327583055286496
  num_samples: 1330
  rmse: 711844.8941271774
  std: 711272.7289431264
trans:
  max: 277.31633103635875
  mean: 85.35030452770498
  median: 67.73105582332198
  min: 9.678172040897828e-08
  num_samples: 1330
  rmse: 115.56410397704897
  std: 77.91269245152687
