rot:
  max: 11.83189901640301
  mean: 11.83189901640301
  median: 11.83189901640301
  min: 11.83189901640301
  num_samples: 1
  rmse: 11.83189901640301
  std: 0.0
scale:
  max: 711844.8941271774
  mean: 711844.8941271774
  median: 711844.8941271774
  min: 711844.8941271774
  num_samples: 1
  rmse: 711844.8941271774
  std: 0.0
trans:
  max: 115.56410397704897
  mean: 115.56410397704897
  median: 115.56410397704897
  min: 115.56410397704897
  num_samples: 1
  rmse: 115.56410397704897
  std: 0.0
