rot:
  max: 9.518735733216056
  mean: 3.9265075978737474
  median: 4.098452809139765
  min: 0.0
  num_samples: 772
  rmse: 4.235854840643682
  std: 1.5890262159084223
scale:
  max: 43015.891870452906
  mean: 1027.6815030144598
  median: 4.277889475144242
  min: 0.0278974673928456
  num_samples: 772
  rmse: 4389.037652262794
  std: 4267.027330747066
trans:
  max: 79.51681078907386
  mean: 49.36183992513507
  median: 76.10557041482716
  min: 0.0
  num_samples: 772
  rmse: 59.92439723828448
  std: 33.97561101109231
