rot:
  max: 4.235854840643682
  mean: 4.235854840643682
  median: 4.235854840643682
  min: 4.235854840643682
  num_samples: 1
  rmse: 4.235854840643682
  std: 0.0
scale:
  max: 4389.037652262794
  mean: 4389.037652262794
  median: 4389.037652262794
  min: 4389.037652262794
  num_samples: 1
  rmse: 4389.037652262794
  std: 0.0
trans:
  max: 59.92439723828448
  mean: 59.92439723828448
  median: 59.92439723828448
  min: 59.92439723828448
  num_samples: 1
  rmse: 59.92439723828448
  std: 0.0
