rot:
  max: 9.277955709384605
  mean: 2.0382637196729165
  median: 1.915963432315934
  min: 0.00260916829651933
  num_samples: 535
  rmse: 2.3710638574849554
  std: 1.2113731156570062
scale:
  max: 2560772.933327428
  mean: 8179.629801297146
  median: 3.3271471330937885
  min: 0.00048144393770543914
  num_samples: 535
  rmse: 126937.180242922
  std: 126673.36493650825
trans:
  max: 11.309083823997646
  mean: 5.328093248875509
  median: 4.660950384614299
  min: 0.0
  num_samples: 535
  rmse: 6.837543087894288
  std: 4.285255862850921
