rot:
  max: 21.31658905593873
  mean: 11.574592521566514
  median: 9.987769155605832
  min: 0.00212969360678017
  num_samples: 1330
  rmse: 13.32637857561897
  std: 6.604632760450261
scale:
  max: 24519810.477114342
  mean: 30681.178116602867
  median: 5.623956634356892
  min: 0.0437684766159574
  num_samples: 1330
  rmse: 762003.4860408986
  std: 761385.5646437348
trans:
  max: 280.03387510168074
  mean: 107.62635704614277
  median: 109.85443288831786
  min: 9.938361130639345e-08
  num_samples: 1330
  rmse: 136.1532167163465
  std: 83.39223999380644
