rot:
  max: 13.32637857561897
  mean: 13.32637857561897
  median: 13.32637857561897
  min: 13.32637857561897
  num_samples: 1
  rmse: 13.32637857561897
  std: 0.0
scale:
  max: 762003.4860408986
  mean: 762003.4860408986
  median: 762003.4860408986
  min: 762003.4860408986
  num_samples: 1
  rmse: 762003.4860408986
  std: 0.0
trans:
  max: 136.1532167163465
  mean: 136.1532167163465
  median: 136.1532167163465
  min: 136.1532167163465
  num_samples: 1
  rmse: 136.1532167163465
  std: 0.0
