rot:
  max: 10.933638429972342
  mean: 5.2456408787256965
  median: 5.2680361497008015
  min: 0.0023198233863703107
  num_samples: 2095
  rmse: 5.400504222235715
  std: 1.2840162093321497
scale:
  max: 30699.906138064278
  mean: 200.8054376212218
  median: 2.7382232395020134
  min: 0.006569504155518047
  num_samples: 2095
  rmse: 1944.8981052667568
  std: 1934.5040232814124
trans:
  max: 175.78835551910655
  mean: 101.12910276350884
  median: 103.37888319933016
  min: 0.0
  num_samples: 2095
  rmse: 113.01474932040986
  std: 50.45035320196234
