rot:
  max: 5.400504222235715
  mean: 5.400504222235715
  median: 5.400504222235715
  min: 5.400504222235715
  num_samples: 1
  rmse: 5.400504222235715
  std: 0.0
scale:
  max: 1944.8981052667568
  mean: 1944.8981052667568
  median: 1944.8981052667568
  min: 1944.8981052667568
  num_samples: 1
  rmse: 1944.8981052667568
  std: 0.0
trans:
  max: 113.01474932040986
  mean: 113.01474932040986
  median: 113.01474932040986
  min: 113.01474932040986
  num_samples: 1
  rmse: 113.01474932040986
  std: 0.0
