rot:
  max: 11.002531947573141
  mean: 3.986166420860932
  median: 4.658639397385913
  min: 0.00260916829651933
  num_samples: 535
  rmse: 4.480998166334079
  std: 2.046905428174474
scale:
  max: 2560772.933327428
  mean: 8296.133226644999
  median: 12.71281225452785
  min: 0.029200971376663887
  num_samples: 535
  rmse: 126938.88406857799
  std: 126667.49568086374
trans:
  max: 31.30700003997732
  mean: 18.128529300442665
  median: 24.806937566318577
  min: 0.0
  num_samples: 535
  rmse: 22.325722445897277
  std: 13.030514499981702
