rot:
  max: 4.480998166334079
  mean: 4.480998166334079
  median: 4.480998166334079
  min: 4.480998166334079
  num_samples: 1
  rmse: 4.480998166334079
  std: 0.0
scale:
  max: 126938.88406857799
  mean: 126938.88406857799
  median: 126938.88406857799
  min: 126938.88406857799
  num_samples: 1
  rmse: 126938.88406857799
  std: 0.0
trans:
  max: 22.325722445897277
  mean: 22.325722445897277
  median: 22.325722445897277
  min: 22.325722445897277
  num_samples: 1
  rmse: 22.325722445897277
  std: 0.0
