rot:
  max: 18.67251522753419
  mean: 10.347879330247887
  median: 8.595968834151043
  min: 0.0016653275185080497
  num_samples: 1101
  rmse: 11.51087464402522
  std: 5.041986556615482
scale:
  max: 288.19372804930293
  mean: 7.2613692603313815
  median: 3.7020196736720967
  min: 0.017246614539667693
  num_samples: 1101
  rmse: 24.472530912806562
  std: 23.370436147906766
trans:
  max: 221.54793416313404
  mean: 100.02883084411938
  median: 104.47775626921906
  min: 9.29184417226616e-08
  num_samples: 1101
  rmse: 120.25559612787369
  std: 66.7505910088354
