rot:
  max: 11.51087464402522
  mean: 11.51087464402522
  median: 11.51087464402522
  min: 11.51087464402522
  num_samples: 1
  rmse: 11.51087464402522
  std: 0.0
scale:
  max: 24.472530912806562
  mean: 24.472530912806562
  median: 24.472530912806562
  min: 24.472530912806562
  num_samples: 1
  rmse: 24.472530912806562
  std: 0.0
trans:
  max: 120.25559612787369
  mean: 120.25559612787369
  median: 120.25559612787369
  min: 120.25559612787369
  num_samples: 1
  rmse: 120.25559612787369
  std: 0.0
