rot:
  max: 175.05033865095385
  mean: 13.23302068221968
  median: 9.78292470055781
  min: 0.03371887288229111
  num_samples: 2592
  rmse: 24.38178354237755
  std: 20.47824534307808
scale:
  max: 1227981.1363360449
  mean: 585.110004803834
  median: 8.61050449201579
  min: 0.19580770943918857
  num_samples: 2592
  rmse: 24123.181614430658
  std: 24116.08462178477
trans:
  max: 298.5301398182827
  mean: 209.63063666386168
  median: 247.14695596284545
  min: 0.001228081136336045
  num_samples: 2592
  rmse: 225.8860318177385
  std: 84.13973818754363
