rot:
  max: 24.38178354237755
  mean: 24.38178354237755
  median: 24.38178354237755
  min: 24.38178354237755
  num_samples: 1
  rmse: 24.38178354237755
  std: 0.0
scale:
  max: 24123.181614430658
  mean: 24123.181614430658
  median: 24123.181614430658
  min: 24123.181614430658
  num_samples: 1
  rmse: 24123.181614430658
  std: 0.0
trans:
  max: 225.8860318177385
  mean: 225.8860318177385
  median: 225.8860318177385
  min: 225.8860318177385
  num_samples: 1
  rmse: 225.8860318177385
  std: 0.0
