rot:
  max: 62.061788981347455
  mean: 36.852599494905455
  median: 35.847019428681904
  min: 0.0
  num_samples: 2702
  rmse: 40.568422601495605
  std: 16.961215252499844
scale:
  max: 2476569.4278381583
  mean: 2332.5249833125404
  median: 22.234040978540282
  min: 0.09673789967530322
  num_samples: 2702
  rmse: 49043.20914131947
  std: 48987.70958190863
trans:
  max: 1031.616432734803
  mean: 629.5942982407975
  median: 773.7319370135499
  min: 0.0
  num_samples: 2702
  rmse: 712.0778004198655
  std: 332.6647163037757
