rot:
  max: 40.568422601495605
  mean: 40.568422601495605
  median: 40.568422601495605
  min: 40.568422601495605
  num_samples: 1
  rmse: 40.568422601495605
  std: 0.0
scale:
  max: 49043.20914131947
  mean: 49043.20914131947
  median: 49043.20914131947
  min: 49043.20914131947
  num_samples: 1
  rmse: 49043.20914131947
  std: 0.0
trans:
  max: 712.0778004198655
  mean: 712.0778004198655
  median: 712.0778004198655
  min: 712.0778004198655
  num_samples: 1
  rmse: 712.0778004198655
  std: 0.0
