rot:
  max: 3.3903844779625443
  mean: 0.9003846942882161
  median: 0.6616321461673913
  min: 0.0004746431245258161
  num_samples: 1101
  rmse: 1.275025014398032
  std: 0.9027713938933913
scale:
  max: 13823.080277924504
  mean: 36.74642828156452
  median: 2.373599627141476
  min: 0.016852420448865146
  num_samples: 1101
  rmse: 604.3764860938934
  std: 603.2583500887077
trans:
  max: 44.51540924627782
  mean: 20.227038993711393
  median: 19.47956907318442
  min: 0.0
  num_samples: 1101
  rmse: 23.72775415933549
  std: 12.404564119417554
