rot:
  max: 25.416597525441095
  mean: 15.740992871228826
  median: 16.471845624063356
  min: 0.0
  num_samples: 2686
  rmse: 17.371174158902868
  std: 7.347028997278971
scale:
  max: 160054.32946110007
  mean: 506.8305757836445
  median: 9.862873625281631
  min: 0.11855259664373952
  num_samples: 2686
  rmse: 4351.8556205291625
  std: 4322.241329377859
trans:
  max: 410.3340449593634
  mean: 241.9134591510245
  median: 299.027087087196
  min: 0.0
  num_samples: 2686
  rmse: 270.6781246533363
  std: 121.42703754696753
