rot:
  max: 17.371174158902868
  mean: 17.371174158902868
  median: 17.371174158902868
  min: 17.371174158902868
  num_samples: 1
  rmse: 17.371174158902868
  std: 0.0
scale:
  max: 4351.8556205291625
  mean: 4351.8556205291625
  median: 4351.8556205291625
  min: 4351.8556205291625
  num_samples: 1
  rmse: 4351.8556205291625
  std: 0.0
trans:
  max: 270.6781246533363
  mean: 270.6781246533363
  median: 270.6781246533363
  min: 270.6781246533363
  num_samples: 1
  rmse: 270.6781246533363
  std: 0.0
