rot:
  max: 3.8442085813386977
  mean: 1.3700326270935257
  median: 0.6134976229164592
  min: 5.109599479759417e-05
  num_samples: 1330
  rmse: 1.9248818041704776
  std: 1.3521022745065572
scale:
  max: 2176276.0445006993
  mean: 2826.659616696924
  median: 1.818124153089462
  min: 0.0008663795166286015
  num_samples: 1330
  rmse: 68765.48801775245
  std: 68707.36741959327
trans:
  max: 41.007401476770106
  mean: 13.747840399493217
  median: 11.427621929302376
  min: 0.0
  num_samples: 1330
  rmse: 17.00054480311205
  std: 10.00077036796078
