rot:
  max: 1.9248818041704776
  mean: 1.9248818041704776
  median: 1.9248818041704776
  min: 1.9248818041704776
  num_samples: 1
  rmse: 1.9248818041704776
  std: 0.0
scale:
  max: 68765.48801775245
  mean: 68765.48801775245
  median: 68765.48801775245
  min: 68765.48801775245
  num_samples: 1
  rmse: 68765.48801775245
  std: 0.0
trans:
  max: 17.00054480311205
  mean: 17.00054480311205
  median: 17.00054480311205
  min: 17.00054480311205
  num_samples: 1
  rmse: 17.00054480311205
  std: 0.0
