rot:
  max: 10.518137875755064
  mean: 2.763794494071035
  median: 2.225049925054459
  min: 0.0
  num_samples: 792
  rmse: 3.372395393549638
  std: 1.9324830361422192
scale:
  max: 2549.2916219995045
  mean: 58.102583418148456
  median: 3.8165294558049734
  min: 0.01798015606279124
  num_samples: 792
  rmse: 218.63002790104647
  std: 210.76806897665844
trans:
  max: 18.252364773233737
  mean: 10.66493897414917
  median: 9.959649362176162
  min: 0.0
  num_samples: 792
  rmse: 12.10629997550043
  std: 5.729011762466176
