rot:
  max: 3.372395393549638
  mean: 3.372395393549638
  median: 3.372395393549638
  min: 3.372395393549638
  num_samples: 1
  rmse: 3.372395393549638
  std: 0.0
scale:
  max: 218.63002790104647
  mean: 218.63002790104647
  median: 218.63002790104647
  min: 218.63002790104647
  num_samples: 1
  rmse: 218.63002790104647
  std: 0.0
trans:
  max: 12.10629997550043
  mean: 12.10629997550043
  median: 12.10629997550043
  min: 12.10629997550043
  num_samples: 1
  rmse: 12.10629997550043
  std: 0.0
