rot:
  max: 19.201312666655088
  mean: 10.87148696843807
  median: 9.979571638179655
  min: 0.00212969360678017
  num_samples: 1330
  rmse: 12.32309715367808
  std: 5.802542076889237
scale:
  max: 24519810.477114342
  mean: 30676.91420628374
  median: 5.169850541449961
  min: 0.04376847661757832
  num_samples: 1330
  rmse: 762003.479120655
  std: 761385.7295266069
trans:
  max: 279.1902456305795
  mean: 103.5615504435553
  median: 107.20803784899945
  min: 9.938361130639345e-08
  num_samples: 1330
  rmse: 130.54718170284232
  std: 79.48315494670477
