rot:
  max: 37.074714141505964
  mean: 16.66040062487375
  median: 11.754517746207233
  min: 0.00042243057245074247
  num_samples: 1330
  rmse: 21.095023988128606
  std: 12.939516531865777
scale:
  max: 21544745.301147882
  mean: 27110.68183687839
  median: 7.641226518479893
  min: 0.06131443160909411
  num_samples: 1330
  rmse: 670031.6595855103
  std: 669482.9615287103
trans:
  max: 508.202895937467
  mean: 145.5149122747935
  median: 103.75909817270599
  min: 9.678172040897828e-08
  num_samples: 1330
  rmse: 203.68859371473462
  std: 142.52878135711887
