rot:
  max: 21.095023988128606
  mean: 21.095023988128606
  median: 21.095023988128606
  min: 21.095023988128606
  num_samples: 1
  rmse: 21.095023988128606
  std: 0.0
scale:
  max: 670031.6595855103
  mean: 670031.6595855103
  median: 670031.6595855103
  min: 670031.6595855103
  num_samples: 1
  rmse: 670031.6595855103
  std: 0.0
trans:
  max: 203.68859371473462
  mean: 203.68859371473462
  median: 203.68859371473462
  min: 203.68859371473462
  num_samples: 1
  rmse: 203.68859371473462
  std: 0.0
