rot:
  max: 31.745983415863915
  mean: 18.202342228353324
  median: 27.204524421257503
  min: 0.00014039785329892146
  num_samples: 772
  rmse: 22.27697484925432
  std: 12.842832469366513
scale:
  max: 188350.25864808695
  mean: 3368.4036446035225
  median: 469.42668491045924
  min: 0.005419157441588496
  num_samples: 772
  rmse: 14122.044612449987
  std: 13714.444973204325
trans:
  max: 217.31703491861268
  mean: 121.25725187901926
  median: 191.92568860264686
  min: 0.0
  num_samples: 772
  rmse: 152.47449627090137
  std: 92.43998528674263
