rot:
  max: 22.27697484925432
  mean: 22.27697484925432
  median: 22.27697484925432
  min: 22.27697484925432
  num_samples: 1
  rmse: 22.27697484925432
  std: 0.0
scale:
  max: 14122.044612449987
  mean: 14122.044612449987
  median: 14122.044612449987
  min: 14122.044612449987
  num_samples: 1
  rmse: 14122.044612449987
  std: 0.0
trans:
  max: 152.47449627090137
  mean: 152.47449627090137
  median: 152.47449627090137
  min: 152.47449627090137
  num_samples: 1
  rmse: 152.47449627090137
  std: 0.0
