rot:
  max: 28.344792876318703
  mean: 17.05466335214991
  median: 16.802286434253876
  min: 0.0
  num_samples: 2686
  rmse: 18.629021855242783
  std: 7.495259383633638
scale:
  max: 170673.42872697642
  mean: 583.310506493077
  median: 9.582470014835586
  min: 0.47192805536375726
  num_samples: 2686
  rmse: 4843.456137986023
  std: 4808.203012936255
trans:
  max: 455.2051189900946
  mean: 278.1798627139805
  median: 346.2234692153953
  min: 0.0
  num_samples: 2686
  rmse: 310.85492714376767
  std: 138.73265552849506
