rot:
  max: 25.70296064424352
  mean: 14.705797619300894
  median: 13.967841625949033
  min: 1.1459155902616465e-14
  num_samples: 2095
  rmse: 16.043655217100486
  std: 6.41392150757708
scale:
  max: 138903.07580107448
  mean: 927.5272174674602
  median: 9.799515840356943
  min: 0.06554675958132528
  num_samples: 2095
  rmse: 8814.504414266783
  std: 8765.567941096895
trans:
  max: 467.3057389206223
  mean: 269.02000428755986
  median: 317.13169418285406
  min: 0.0
  num_samples: 2095
  rmse: 315.1518727270627
  std: 164.16132363165195
