rot:
  max: 16.043655217100486
  mean: 16.043655217100486
  median: 16.043655217100486
  min: 16.043655217100486
  num_samples: 1
  rmse: 16.043655217100486
  std: 0.0
scale:
  max: 8814.504414266783
  mean: 8814.504414266783
  median: 8814.504414266783
  min: 8814.504414266783
  num_samples: 1
  rmse: 8814.504414266783
  std: 0.0
trans:
  max: 315.1518727270627
  mean: 315.1518727270627
  median: 315.1518727270627
  min: 315.1518727270627
  num_samples: 1
  rmse: 315.1518727270627
  std: 0.0
