rot:
  max: 176.3512476247841
  mean: 12.151878788248037
  median: 8.864056771154623
  min: 0.0013281892154311393
  num_samples: 2592
  rmse: 24.939804671701832
  std: 21.779019697368557
scale:
  max: 1227967.965611622
  mean: 553.2112845637652
  median: 6.618233719252542
  min: 0.00016454314127889447
  num_samples: 2592
  rmse: 24121.20200209307
  std: 24114.857314535577
trans:
  max: 238.47280348262703
  mean: 139.5923480691068
  median: 162.78888326330318
  min: 0.001228067965611622
  num_samples: 2592
  rmse: 155.61740354137055
  std: 68.7804670346974
