rot:
  max: 24.939804671701832
  mean: 24.939804671701832
  median: 24.939804671701832
  min: 24.939804671701832
  num_samples: 1
  rmse: 24.939804671701832
  std: 0.0
scale:
  max: 24121.20200209307
  mean: 24121.20200209307
  median: 24121.20200209307
  min: 24121.20200209307
  num_samples: 1
  rmse: 24121.20200209307
  std: 0.0
trans:
  max: 155.61740354137055
  mean: 155.61740354137055
  median: 155.61740354137055
  min: 155.61740354137055
  num_samples: 1
  rmse: 155.61740354137055
  std: 0.0
