rot:
  max: 38.24844195856682
  mean: 21.491876223105233
  median: 30.27372285013452
  min: 0.0
  num_samples: 772
  rmse: 25.56946830517361
  std: 13.852688035901258
scale:
  max: 127725.99356528233
  mean: 3196.9764275917196
  median: 365.70681439984253
  min: 0.019544774071267312
  num_samples: 772
  rmse: 13038.245911653152
  std: 12640.221444822988
trans:
  max: 255.3771852072189
  mean: 143.94880859216033
  median: 226.5944775971886
  min: 0.0
  num_samples: 772
  rmse: 179.35652252784774
  std: 106.99300294028552
