rot:
  max: 25.56946830517361
  mean: 25.56946830517361
  median: 25.56946830517361
  min: 25.56946830517361
  num_samples: 1
  rmse: 25.56946830517361
  std: 0.0
scale:
  max: 13038.245911653152
  mean: 13038.245911653152
  median: 13038.245911653152
  min: 13038.245911653152
  num_samples: 1
  rmse: 13038.245911653152
  std: 0.0
trans:
  max: 179.35652252784774
  mean: 179.35652252784774
  median: 179.35652252784774
  min: 179.35652252784774
  num_samples: 1
  rmse: 179.35652252784774
  std: 0.0
