rot:
  max: 15.676833345161151
  mean: 8.39054749781295
  median: 6.9821977125168875
  min: 0.0007801794054116189
  num_samples: 1101
  rmse: 9.759893641088182
  std: 4.985402348085695
scale:
  max: 1075.418366396347
  mean: 6.517608904265459
  median: 3.218617377812949
  min: 0.004509294495969041
  num_samples: 1101
  rmse: 42.92623707248758
  std: 42.428558818023106
trans:
  max: 199.74272785723795
  mean: 76.51568919972584
  median: 68.7501010211356
  min: 1.2476799491734092e-08
  num_samples: 1101
  rmse: 96.57369211398623
  std: 58.92221410315439
