rot:
  max: 9.759893641088182
  mean: 9.759893641088182
  median: 9.759893641088182
  min: 9.759893641088182
  num_samples: 1
  rmse: 9.759893641088182
  std: 0.0
scale:
  max: 42.92623707248758
  mean: 42.92623707248758
  median: 42.92623707248758
  min: 42.92623707248758
  num_samples: 1
  rmse: 42.92623707248758
  std: 0.0
trans:
  max: 96.57369211398623
  mean: 96.57369211398623
  median: 96.57369211398623
  min: 96.57369211398623
  num_samples: 1
  rmse: 96.57369211398623
  std: 0.0
