rot:
  max: 69.69505714817632
  mean: 35.17916106969351
  median: 16.069987487764088
  min: 0.004253995169618154
  num_samples: 550
  rmse: 44.77530930266092
  std: 27.69936731374049
scale:
  max: 56355.43605132704
  mean: 1293.1162702327679
  median: 46.53875420275935
  min: 0.020754160680303002
  num_samples: 550
  rmse: 4983.978572388088
  std: 4813.303722152061
trans:
  max: 260.15305477013
  mean: 102.65602922583169
  median: 62.82825592738541
  min: 1.5187920438990325e-07
  num_samples: 550
  rmse: 142.8760294326077
  std: 99.37454125686605
