rot:
  max: 44.77530930266092
  mean: 44.77530930266092
  median: 44.77530930266092
  min: 44.77530930266092
  num_samples: 1
  rmse: 44.77530930266092
  std: 0.0
scale:
  max: 4983.978572388088
  mean: 4983.978572388088
  median: 4983.978572388088
  min: 4983.978572388088
  num_samples: 1
  rmse: 4983.978572388088
  std: 0.0
trans:
  max: 142.8760294326077
  mean: 142.8760294326077
  median: 142.8760294326077
  min: 142.8760294326077
  num_samples: 1
  rmse: 142.8760294326077
  std: 0.0
