rot:
  max: 8.785779282588855
  mean: 4.754112151952875
  median: 5.4040991388473545
  min: 0.00028484216398121505
  num_samples: 535
  rmse: 5.516307765355473
  std: 2.7978686546682447
scale:
  max: 2557282.951710896
  mean: 8134.136493485863
  median: 18.801532981371636
  min: 0.011940706239244037
  num_samples: 535
  rmse: 126339.00055588242
  std: 126076.87688456038
trans:
  max: 32.42487145101581
  mean: 15.81515769081018
  median: 18.196946532526617
  min: 0.0
  num_samples: 535
  rmse: 19.80718089859648
  std: 11.92498227942218
