rot:
  max: 5.516307765355473
  mean: 5.516307765355473
  median: 5.516307765355473
  min: 5.516307765355473
  num_samples: 1
  rmse: 5.516307765355473
  std: 0.0
scale:
  max: 126339.00055588242
  mean: 126339.00055588242
  median: 126339.00055588242
  min: 126339.00055588242
  num_samples: 1
  rmse: 126339.00055588242
  std: 0.0
trans:
  max: 19.80718089859648
  mean: 19.80718089859648
  median: 19.80718089859648
  min: 19.80718089859648
  num_samples: 1
  rmse: 19.80718089859648
  std: 0.0
