rot:
  max: 12.265926745488922
  mean: 6.16693559742923
  median: 4.956389247364391
  min: 0.0
  num_samples: 792
  rmse: 7.036518728329882
  std: 3.3884363873765375
scale:
  max: 3560.795628581831
  mean: 84.81678625000627
  median: 6.8592366369178706
  min: 0.0831270754656721
  num_samples: 792
  rmse: 292.00363708565845
  std: 279.4140956384872
trans:
  max: 31.87028395910515
  mean: 16.978025980732195
  median: 18.680723025754247
  min: 0.0
  num_samples: 792
  rmse: 19.020371829299854
  std: 8.574449155625464
