rot:
  max: 7.036518728329882
  mean: 7.036518728329882
  median: 7.036518728329882
  min: 7.036518728329882
  num_samples: 1
  rmse: 7.036518728329882
  std: 0.0
scale:
  max: 292.00363708565845
  mean: 292.00363708565845
  median: 292.00363708565845
  min: 292.00363708565845
  num_samples: 1
  rmse: 292.00363708565845
  std: 0.0
trans:
  max: 19.020371829299854
  mean: 19.020371829299854
  median: 19.020371829299854
  min: 19.020371829299854
  num_samples: 1
  rmse: 19.020371829299854
  std: 0.0
