rot:
  max: 23.59751265935292
  mean: 15.154089782443092
  median: 16.350201506097196
  min: 1.1459155902616465e-14
  num_samples: 2095
  rmse: 16.22500100750344
  std: 5.796914744857099
scale:
  max: 110318.58093971727
  mean: 738.6814268481501
  median: 11.708933181579596
  min: 0.008897648121009016
  num_samples: 2095
  rmse: 6999.412655714077
  std: 6960.325227645614
trans:
  max: 556.9480020263823
  mean: 306.8406186129857
  median: 367.7916562999453
  min: 0.0
  num_samples: 2095
  rmse: 354.362261972182
  std: 177.26095869999583
