rot:
  max: 16.22500100750344
  mean: 16.22500100750344
  median: 16.22500100750344
  min: 16.22500100750344
  num_samples: 1
  rmse: 16.22500100750344
  std: 0.0
scale:
  max: 6999.412655714077
  mean: 6999.412655714077
  median: 6999.412655714077
  min: 6999.412655714077
  num_samples: 1
  rmse: 6999.412655714077
  std: 0.0
trans:
  max: 354.362261972182
  mean: 354.362261972182
  median: 354.362261972182
  min: 354.362261972182
  num_samples: 1
  rmse: 354.362261972182
  std: 0.0
