rot:
  max: 9.056443284898661
  mean: 4.006517319791021
  median: 3.5533800749818822
  min: 0.0
  num_samples: 773
  rmse: 4.401599205515748
  std: 1.8226065214992053
scale:
  max: 1822.500661257711
  mean: 37.09841013818127
  median: 3.041796808624131
  min: 0.018265613095758138
  num_samples: 773
  rmse: 149.46419308404282
  std: 144.7869226811708
trans:
  max: 20.390708410947294
  mean: 11.59868486710375
  median: 12.231055707626865
  min: 0.0
  num_samples: 773
  rmse: 12.747042226968848
  std: 5.287494197608674
