rot:
  max: 4.401599205515748
  mean: 4.401599205515748
  median: 4.401599205515748
  min: 4.401599205515748
  num_samples: 1
  rmse: 4.401599205515748
  std: 0.0
scale:
  max: 149.46419308404282
  mean: 149.46419308404282
  median: 149.46419308404282
  min: 149.46419308404282
  num_samples: 1
  rmse: 149.46419308404282
  std: 0.0
trans:
  max: 12.747042226968848
  mean: 12.747042226968848
  median: 12.747042226968848
  min: 12.747042226968848
  num_samples: 1
  rmse: 12.747042226968848
  std: 0.0
