rot:
  max: 13.813375976416838
  mean: 3.4866514366492307
  median: 3.2912689201803143
  min: 0.0005860310670338717
  num_samples: 1101
  rmse: 3.928653457557091
  std: 1.8104087242628792
scale:
  max: 207.1064938989565
  mean: 3.655075116336944
  median: 1.8736848247023596
  min: 0.0015226047168304113
  num_samples: 1101
  rmse: 14.422210069431426
  std: 13.951364420039484
trans:
  max: 103.46285623478892
  mean: 51.22737244330801
  median: 50.86140917307768
  min: 0.0
  num_samples: 1101
  rmse: 60.83178239280899
  std: 32.80643323558158
