rot:
  max: 3.928653457557091
  mean: 3.928653457557091
  median: 3.928653457557091
  min: 3.928653457557091
  num_samples: 1
  rmse: 3.928653457557091
  std: 0.0
scale:
  max: 14.422210069431426
  mean: 14.422210069431426
  median: 14.422210069431426
  min: 14.422210069431426
  num_samples: 1
  rmse: 14.422210069431426
  std: 0.0
trans:
  max: 60.83178239280899
  mean: 60.83178239280899
  median: 60.83178239280899
  min: 60.83178239280899
  num_samples: 1
  rmse: 60.83178239280899
  std: 0.0
