rot:
  max: 16.165757140275602
  mean: 8.89436710531381
  median: 7.378723591074557
  min: 0.0016653275185080497
  num_samples: 1101
  rmse: 9.814051064534768
  std: 4.147991332344809
scale:
  max: 291.7190052563285
  mean: 6.485271595053624
  median: 2.8043974554929907
  min: 0.016989797117861194
  num_samples: 1101
  rmse: 24.65447876033242
  std: 23.786226587714015
trans:
  max: 173.32562755895268
  mean: 85.68340886398245
  median: 95.4212886205421
  min: 9.29184417226616e-08
  num_samples: 1101
  rmse: 101.98990242645824
  std: 55.319920845985365
