rot:
  max: 9.814051064534768
  mean: 9.814051064534768
  median: 9.814051064534768
  min: 9.814051064534768
  num_samples: 1
  rmse: 9.814051064534768
  std: 0.0
scale:
  max: 24.65447876033242
  mean: 24.65447876033242
  median: 24.65447876033242
  min: 24.65447876033242
  num_samples: 1
  rmse: 24.65447876033242
  std: 0.0
trans:
  max: 101.98990242645824
  mean: 101.98990242645824
  median: 101.98990242645824
  min: 101.98990242645824
  num_samples: 1
  rmse: 101.98990242645824
  std: 0.0
