rot:
  max: 6.170481871209574
  mean: 3.0445852041044104
  median: 3.896901943505478
  min: 0.00012473808952049355
  num_samples: 516
  rmse: 3.7639348845530622
  std: 2.213076309146158
scale:
  max: 2081.812354796611
  mean: 59.97007285560366
  median: 4.57489606772723
  min: 0.019675921111383943
  num_samples: 516
  rmse: 210.39452649524623
  std: 201.66667335197567
trans:
  max: 26.34074930155984
  mean: 9.359148836376855
  median: 8.743118707183688
  min: 0.0
  num_samples: 516
  rmse: 11.972997156757163
  std: 7.4671945183087916
