rot:
  max: 3.7639348845530622
  mean: 3.7639348845530622
  median: 3.7639348845530622
  min: 3.7639348845530622
  num_samples: 1
  rmse: 3.7639348845530622
  std: 0.0
scale:
  max: 210.39452649524623
  mean: 210.39452649524623
  median: 210.39452649524623
  min: 210.39452649524623
  num_samples: 1
  rmse: 210.39452649524623
  std: 0.0
trans:
  max: 11.972997156757163
  mean: 11.972997156757163
  median: 11.972997156757163
  min: 11.972997156757163
  num_samples: 1
  rmse: 11.972997156757163
  std: 0.0
