rot:
  max: 9.79312423977786
  mean: 5.373324755980519
  median: 5.933176612028535
  min: 0.0
  num_samples: 792
  rmse: 5.6837746651337575
  std: 1.852748096958475
scale:
  max: 2314.9670449688833
  mean: 60.92001925502571
  median: 6.122954144563741
  min: 0.3701878686446558
  num_samples: 792
  rmse: 202.4805261693359
  std: 193.09871758191048
trans:
  max: 24.95478268182358
  mean: 13.946478647966146
  median: 14.560013669372553
  min: 0.0
  num_samples: 792
  rmse: 15.73382078465396
  std: 7.2834641349726805
