rot:
  max: 5.6837746651337575
  mean: 5.6837746651337575
  median: 5.6837746651337575
  min: 5.6837746651337575
  num_samples: 1
  rmse: 5.6837746651337575
  std: 0.0
scale:
  max: 202.4805261693359
  mean: 202.4805261693359
  median: 202.4805261693359
  min: 202.4805261693359
  num_samples: 1
  rmse: 202.4805261693359
  std: 0.0
trans:
  max: 15.73382078465396
  mean: 15.73382078465396
  median: 15.73382078465396
  min: 15.73382078465396
  num_samples: 1
  rmse: 15.73382078465396
  std: 0.0
