rot:
  max: 21.26101428602868
  mean: 10.514309656136126
  median: 8.611145530187986
  min: 0.00042243057245074247
  num_samples: 1330
  rmse: 12.757591037712634
  std: 7.225331932887813
scale:
  max: 23085729.13413827
  mean: 28526.421581678977
  median: 6.40664207542303
  min: 0.04695591676612265
  num_samples: 1330
  rmse: 711844.854197954
  std: 711273.0416090931
trans:
  max: 268.19775186133836
  mean: 89.17276736211744
  median: 65.89510115944705
  min: 9.678172040897828e-08
  num_samples: 1330
  rmse: 120.95157844583412
  std: 81.71598307259383
