rot:
  max: 12.757591037712634
  mean: 12.757591037712634
  median: 12.757591037712634
  min: 12.757591037712634
  num_samples: 1
  rmse: 12.757591037712634
  std: 0.0
scale:
  max: 711844.854197954
  mean: 711844.854197954
  median: 711844.854197954
  min: 711844.854197954
  num_samples: 1
  rmse: 711844.854197954
  std: 0.0
trans:
  max: 120.95157844583412
  mean: 120.95157844583412
  median: 120.95157844583412
  min: 120.95157844583412
  num_samples: 1
  rmse: 120.95157844583412
  std: 0.0
