rot:
  max: 13.798995830750586
  mean: 3.3377247048545033
  median: 3.189171200665269
  min: 0.0005860310670338717
  num_samples: 1101
  rmse: 3.783849103914759
  std: 1.7824443429741206
scale:
  max: 331.15703572743234
  mean: 5.311844286156086
  median: 1.8572924479344666
  min: 0.07996162398532514
  num_samples: 1101
  rmse: 26.327800054928822
  std: 25.786379466918984
trans:
  max: 100.26397342624708
  mean: 50.86422702750062
  median: 53.91639951974248
  min: 0.0
  num_samples: 1101
  rmse: 60.13695165986384
  std: 32.0824463505462
