rot:
  max: 3.783849103914759
  mean: 3.783849103914759
  median: 3.783849103914759
  min: 3.783849103914759
  num_samples: 1
  rmse: 3.783849103914759
  std: 0.0
scale:
  max: 26.327800054928822
  mean: 26.327800054928822
  median: 26.327800054928822
  min: 26.327800054928822
  num_samples: 1
  rmse: 26.327800054928822
  std: 0.0
trans:
  max: 60.13695165986384
  mean: 60.13695165986384
  median: 60.13695165986384
  min: 60.13695165986384
  num_samples: 1
  rmse: 60.13695165986384
  std: 0.0
