rot:
  max: 36.50794507930053
  mean: 26.381963788392646
  median: 30.346185153662123
  min: 1.1459155902616465e-14
  num_samples: 2095
  rmse: 28.305203432039043
  std: 10.255560832887387
scale:
  max: 83393.73879294003
  mean: 568.343905230139
  median: 21.82710264657961
  min: 0.00202930655937017
  num_samples: 2095
  rmse: 5290.709908303562
  std: 5260.094727208743
trans:
  max: 986.6492747279076
  mean: 510.28555862463605
  median: 511.67349145830667
  min: 0.0
  num_samples: 2095
  rmse: 602.9146052865569
  std: 321.1147301619591
