rot:
  max: 28.305203432039043
  mean: 28.305203432039043
  median: 28.305203432039043
  min: 28.305203432039043
  num_samples: 1
  rmse: 28.305203432039043
  std: 0.0
scale:
  max: 5290.709908303562
  mean: 5290.709908303562
  median: 5290.709908303562
  min: 5290.709908303562
  num_samples: 1
  rmse: 5290.709908303562
  std: 0.0
trans:
  max: 602.9146052865569
  mean: 602.9146052865569
  median: 602.9146052865569
  min: 602.9146052865569
  num_samples: 1
  rmse: 602.9146052865569
  std: 0.0
