rot:
  max: 22.19096933103788
  mean: 13.31133699127615
  median: 13.809472216498516
  min: 1.1459155902616465e-14
  num_samples: 2095
  rmse: 14.283440680880142
  std: 5.179284235191666
scale:
  max: 74255.76794389258
  mean: 497.740338618498
  median: 9.512198885894229
  min: 0.0066264504543500635
  num_samples: 2095
  rmse: 4710.855029596808
  std: 4684.486062012511
trans:
  max: 438.489689667626
  mean: 241.12180115985555
  median: 253.10767997082576
  min: 0.0
  num_samples: 2095
  rmse: 276.38990402100933
  std: 135.09869003868914
