rot:
  max: 14.283440680880142
  mean: 14.283440680880142
  median: 14.283440680880142
  min: 14.283440680880142
  num_samples: 1
  rmse: 14.283440680880142
  std: 0.0
scale:
  max: 4710.855029596808
  mean: 4710.855029596808
  median: 4710.855029596808
  min: 4710.855029596808
  num_samples: 1
  rmse: 4710.855029596808
  std: 0.0
trans:
  max: 276.38990402100933
  mean: 276.38990402100933
  median: 276.38990402100933
  min: 276.38990402100933
  num_samples: 1
  rmse: 276.38990402100933
  std: 0.0
