rot:
  max: 14.29603417908991
  mean: 8.106885587801612
  median: 12.62036260582962
  min: 0.0006785081735415092
  num_samples: 535
  rmse: 9.797960428051079
  std: 5.502584357913053
scale:
  max: 3152900.0099882293
  mean: 13701.156617890663
  median: 11.854959893942961
  min: 0.02019790381526665
  num_samples: 535
  rmse: 192946.6056076442
  std: 192459.5306105775
trans:
  max: 52.03907891224561
  mean: 21.921556877673158
  median: 21.87866214584654
  min: 3.8474106316268337e-08
  num_samples: 535
  rmse: 28.27914575601055
  std: 17.864921739224894
