rot:
  max: 9.797960428051079
  mean: 9.797960428051079
  median: 9.797960428051079
  min: 9.797960428051079
  num_samples: 1
  rmse: 9.797960428051079
  std: 0.0
scale:
  max: 192946.6056076442
  mean: 192946.6056076442
  median: 192946.6056076442
  min: 192946.6056076442
  num_samples: 1
  rmse: 192946.6056076442
  std: 0.0
trans:
  max: 28.27914575601055
  mean: 28.27914575601055
  median: 28.27914575601055
  min: 28.27914575601055
  num_samples: 1
  rmse: 28.27914575601055
  std: 0.0
