rot:
  max: 14.576655003031684
  mean: 2.2582773079673166
  median: 1.2237097332112739
  min: 0.0
  num_samples: 792
  rmse: 4.0283556595782315
  std: 3.3358406617187004
scale:
  max: 95045.45683651343
  mean: 233.1041944959168
  median: 5.273570865656235
  min: 0.060304810794076236
  num_samples: 792
  rmse: 3823.888020906536
  std: 3816.7763925780246
trans:
  max: 9.093353929820497
  mean: 5.15315557043042
  median: 5.693574570576151
  min: 0.0
  num_samples: 792
  rmse: 5.611507698352465
  std: 2.2212623248078796
