rot:
  max: 8.801785756136969
  mean: 1.4734507436457644
  median: 1.1357627542573119
  min: 0.0
  num_samples: 792
  rmse: 2.2223381379196803
  std: 1.6636495139608152
scale:
  max: 95045.45683651343
  mean: 235.34397193232132
  median: 3.8545071152314647
  min: 0.0015063234571899287
  num_samples: 792
  rmse: 3824.202736493488
  std: 3816.9542549891007
trans:
  max: 12.849652738333807
  mean: 6.992442478659225
  median: 7.121589337054372
  min: 0.0
  num_samples: 792
  rmse: 7.817892808852423
  std: 3.4964547978414453
