rot:
  max: 2.2223381379196803
  mean: 2.2223381379196803
  median: 2.2223381379196803
  min: 2.2223381379196803
  num_samples: 1
  rmse: 2.2223381379196803
  std: 0.0
scale:
  max: 3824.202736493488
  mean: 3824.202736493488
  median: 3824.202736493488
  min: 3824.202736493488
  num_samples: 1
  rmse: 3824.202736493488
  std: 0.0
trans:
  max: 7.817892808852423
  mean: 7.817892808852423
  median: 7.817892808852423
  min: 7.817892808852423
  num_samples: 1
  rmse: 7.817892808852423
  std: 0.0
