rot:
  max: 2.5072136842861146
  mean: 2.5072136842861146
  median: 2.5072136842861146
  min: 2.5072136842861146
  num_samples: 1
  rmse: 2.5072136842861146
  std: 0.0
scale:
  max: 68765.4847650832
  mean: 68765.4847650832
  median: 68765.4847650832
  min: 68765.4847650832
  num_samples: 1
  rmse: 68765.4847650832
  std: 0.0
trans:
  max: 19.227322271509863
  mean: 19.227322271509863
  median: 19.227322271509863
  min: 19.227322271509863
  num_samples: 1
  rmse: 19.227322271509863
  std: 0.0
