rot:
  max: 6.174151852604576
  mean: 3.1449980017201655
  median: 4.451511829537824
  min: 0.00024820228020695794
  num_samples: 535
  rmse: 3.8694144845482867
  std: 2.2541863326726674
scale:
  max: 2557283.399747455
  mean: 8012.91921827477
  median: 4.164955600151776
  min: 0.009481718521020532
  num_samples: 535
  rmse: 126337.56079481354
  std: 126083.196315705
trans:
  max: 26.146418782569576
  mean: 7.5520668552092305
  median: 5.404295614643735
  min: 0.0
  num_samples: 535
  rmse: 10.583839840397072
  std: 7.4151164509821745
