rot:
  max: 3.8694144845482867
  mean: 3.8694144845482867
  median: 3.8694144845482867
  min: 3.8694144845482867
  num_samples: 1
  rmse: 3.8694144845482867
  std: 0.0
scale:
  max: 126337.56079481354
  mean: 126337.56079481354
  median: 126337.56079481354
  min: 126337.56079481354
  num_samples: 1
  rmse: 126337.56079481354
  std: 0.0
trans:
  max: 10.583839840397072
  mean: 10.583839840397072
  median: 10.583839840397072
  min: 10.583839840397072
  num_samples: 1
  rmse: 10.583839840397072
  std: 0.0
