rot:
  max: 23.75363559611679
  mean: 14.643487137492965
  median: 21.689912831130844
  min: 0.002037169356248867
  num_samples: 772
  rmse: 17.357484731981142
  std: 9.31936482143695
scale:
  max: 92592.19261666604
  mean: 2398.2848899903083
  median: 398.83814109344473
  min: 0.0023899884744271738
  num_samples: 772
  rmse: 9432.39133723138
  std: 9122.402968797298
trans:
  max: 182.56026300073754
  mean: 103.72963121995319
  median: 163.39561078114525
  min: 0.0
  num_samples: 772
  rmse: 129.49919089736244
  std: 77.52550580321311
