rot:
  max: 17.357484731981142
  mean: 17.357484731981142
  median: 17.357484731981142
  min: 17.357484731981142
  num_samples: 1
  rmse: 17.357484731981142
  std: 0.0
scale:
  max: 9432.39133723138
  mean: 9432.39133723138
  median: 9432.39133723138
  min: 9432.39133723138
  num_samples: 1
  rmse: 9432.39133723138
  std: 0.0
trans:
  max: 129.49919089736244
  mean: 129.49919089736244
  median: 129.49919089736244
  min: 129.49919089736244
  num_samples: 1
  rmse: 129.49919089736244
  std: 0.0
