rot:
  max: 4.349622344399724
  mean: 2.1084703967633245
  median: 2.208405365245741
  min: 0.0
  num_samples: 2078
  rmse: 2.358387590354166
  std: 1.0565721046427632
scale:
  max: 8193.926134103429
  mean: 57.99167863126728
  median: 2.9673592845217978
  min: 0.24460496990330594
  num_samples: 2078
  rmse: 526.3319698130588
  std: 523.127429654403
trans:
  max: 77.18205371780616
  mean: 47.30184990021921
  median: 46.01319419578411
  min: 0.0
  num_samples: 2078
  rmse: 51.40200993777754
  std: 20.117197162142453
