rot:
  max: 2.358387590354166
  mean: 2.358387590354166
  median: 2.358387590354166
  min: 2.358387590354166
  num_samples: 1
  rmse: 2.358387590354166
  std: 0.0
scale:
  max: 526.3319698130588
  mean: 526.3319698130588
  median: 526.3319698130588
  min: 526.3319698130588
  num_samples: 1
  rmse: 526.3319698130588
  std: 0.0
trans:
  max: 51.40200993777754
  mean: 51.40200993777754
  median: 51.40200993777754
  min: 51.40200993777754
  num_samples: 1
  rmse: 51.40200993777754
  std: 0.0
