rot:
  max: 121.16171002178228
  mean: 54.28428159005889
  median: 37.95512356402288
  min: 0.0022886159675024696
  num_samples: 1345
  rmse: 68.60826846735314
  std: 41.9560636182614
scale:
  max: 39973.16292371029
  mean: 368.6866539490281
  median: 31.644679336390634
  min: 0.07694659625496758
  num_samples: 1345
  rmse: 1999.9102304745077
  std: 1965.6324888331662
trans:
  max: 1472.4941890542646
  mean: 470.28355334274494
  median: 342.4501064610093
  min: 1.2845623320317398e-07
  num_samples: 1345
  rmse: 649.2449729393124
  std: 447.6074332965104
