rot:
  max: 68.60826846735314
  mean: 68.60826846735314
  median: 68.60826846735314
  min: 68.60826846735314
  num_samples: 1
  rmse: 68.60826846735314
  std: 0.0
scale:
  max: 1999.9102304745077
  mean: 1999.9102304745077
  median: 1999.9102304745077
  min: 1999.9102304745077
  num_samples: 1
  rmse: 1999.9102304745077
  std: 0.0
trans:
  max: 649.2449729393124
  mean: 649.2449729393124
  median: 649.2449729393124
  min: 649.2449729393124
  num_samples: 1
  rmse: 649.2449729393124
  std: 0.0
