rot:
  max: 179.9264484351755
  mean: 96.47033102751269
  median: 145.85935931873684
  min: 0.0
  num_samples: 772
  rmse: 123.47634881640171
  std: 77.07064258504549
scale:
  max: 403878.25457693334
  mean: 6494.614754876081
  median: 843.0002824989647
  min: 0.027303334435946347
  num_samples: 772
  rmse: 28097.180986585612
  std: 27336.268190422295
trans:
  max: 473.3879857130788
  mean: 236.75820601399724
  median: 360.6880079799559
  min: 0.0
  num_samples: 772
  rmse: 302.92254597635844
  std: 188.96460183281062
