rot:
  max: 14.057707983284645
  mean: 7.234086116925356
  median: 5.351611682503769
  min: 0.0
  num_samples: 792
  rmse: 8.37635335719397
  std: 4.222711642710465
scale:
  max: 4572.52744308665
  mean: 103.68456541800204
  median: 6.495364597821091
  min: 0.004848521338285394
  num_samples: 792
  rmse: 365.74991234108444
  std: 350.7456475447572
trans:
  max: 39.47735459766264
  mean: 18.948690072907443
  median: 16.934437737926835
  min: 0.0
  num_samples: 792
  rmse: 21.992698757044053
  std: 11.163599022671228
