rot:
  max: 8.37635335719397
  mean: 8.37635335719397
  median: 8.37635335719397
  min: 8.37635335719397
  num_samples: 1
  rmse: 8.37635335719397
  std: 0.0
scale:
  max: 365.74991234108444
  mean: 365.74991234108444
  median: 365.74991234108444
  min: 365.74991234108444
  num_samples: 1
  rmse: 365.74991234108444
  std: 0.0
trans:
  max: 21.992698757044053
  mean: 21.992698757044053
  median: 21.992698757044053
  min: 21.992698757044053
  num_samples: 1
  rmse: 21.992698757044053
  std: 0.0
