rot:
  max: 13.901409056428106
  mean: 3.238932901796932
  median: 2.962297585718611
  min: 0.0022778259535207917
  num_samples: 1311
  rmse: 3.698356085826441
  std: 1.7852594756020146
scale:
  max: 995.3713618052772
  mean: 7.621074334731743
  median: 1.2737746083966162
  min: 0.00010096303497686421
  num_samples: 1311
  rmse: 49.314571183209964
  std: 48.72213210614223
trans:
  max: 50.999654831241344
  mean: 24.558782992151578
  median: 20.868588010423018
  min: 0.0
  num_samples: 1311
  rmse: 28.6630426530262
  std: 14.779587006192212
