rot:
  max: 3.698356085826441
  mean: 3.698356085826441
  median: 3.698356085826441
  min: 3.698356085826441
  num_samples: 1
  rmse: 3.698356085826441
  std: 0.0
scale:
  max: 49.314571183209964
  mean: 49.314571183209964
  median: 49.314571183209964
  min: 49.314571183209964
  num_samples: 1
  rmse: 49.314571183209964
  std: 0.0
trans:
  max: 28.6630426530262
  mean: 28.6630426530262
  median: 28.6630426530262
  min: 28.6630426530262
  num_samples: 1
  rmse: 28.6630426530262
  std: 0.0
