rot:
  max: 11.03559383417599
  mean: 4.859955023189229
  median: 5.43669431937179
  min: 0.00260916829651933
  num_samples: 535
  rmse: 5.4471929508010355
  std: 2.4602333661330347
scale:
  max: 2560772.933327428
  mean: 8297.772598413809
  median: 20.136834135617953
  min: 0.07190708813431534
  num_samples: 535
  rmse: 126938.87378165511
  std: 126667.37798999387
trans:
  max: 34.21546680746137
  mean: 17.112939739287086
  median: 19.579178116241128
  min: 0.0
  num_samples: 535
  rmse: 21.461665104495033
  std: 12.951847842567819
