rot:
  max: 5.4471929508010355
  mean: 5.4471929508010355
  median: 5.4471929508010355
  min: 5.4471929508010355
  num_samples: 1
  rmse: 5.4471929508010355
  std: 0.0
scale:
  max: 126938.87378165511
  mean: 126938.87378165511
  median: 126938.87378165511
  min: 126938.87378165511
  num_samples: 1
  rmse: 126938.87378165511
  std: 0.0
trans:
  max: 21.461665104495033
  mean: 21.461665104495033
  median: 21.461665104495033
  min: 21.461665104495033
  num_samples: 1
  rmse: 21.461665104495033
  std: 0.0
