rot:
  max: 17.39882422695148
  mean: 9.844947250297777
  median: 8.305771744017662
  min: 0.0016653275185080497
  num_samples: 1101
  rmse: 10.816240936044244
  std: 4.479741245363785
scale:
  max: 288.19372804930293
  mean: 6.99683618267475
  median: 3.59769521681661
  min: 0.041942067252309645
  num_samples: 1101
  rmse: 24.376339172529814
  std: 23.35059303073532
trans:
  max: 216.0066068185871
  mean: 100.60320129226595
  median: 109.16343934087158
  min: 9.29184417226616e-08
  num_samples: 1101
  rmse: 119.88687572505485
  std: 65.20627930546694
