rot:
  max: 10.816240936044244
  mean: 10.816240936044244
  median: 10.816240936044244
  min: 10.816240936044244
  num_samples: 1
  rmse: 10.816240936044244
  std: 0.0
scale:
  max: 24.376339172529814
  mean: 24.376339172529814
  median: 24.376339172529814
  min: 24.376339172529814
  num_samples: 1
  rmse: 24.376339172529814
  std: 0.0
trans:
  max: 119.88687572505485
  mean: 119.88687572505485
  median: 119.88687572505485
  min: 119.88687572505485
  num_samples: 1
  rmse: 119.88687572505485
  std: 0.0
