rot:
  max: 3.8267023764743597
  mean: 1.5181192475323555
  median: 0.9107676170205599
  min: 5.109599479759417e-05
  num_samples: 1330
  rmse: 1.990565291834161
  std: 1.287503060705726
scale:
  max: 2176276.0445006993
  mean: 2827.1764043170383
  median: 1.9319671242692071
  min: 0.04393451546291782
  num_samples: 1330
  rmse: 68765.48918603448
  std: 68707.34732598472
trans:
  max: 42.896505006596726
  mean: 14.585543116031044
  median: 10.740222369316932
  min: 0.0
  num_samples: 1330
  rmse: 18.624137235168696
  std: 11.58103707639331
