rot:
  max: 1.990565291834161
  mean: 1.990565291834161
  median: 1.990565291834161
  min: 1.990565291834161
  num_samples: 1
  rmse: 1.990565291834161
  std: 0.0
scale:
  max: 68765.48918603448
  mean: 68765.48918603448
  median: 68765.48918603448
  min: 68765.48918603448
  num_samples: 1
  rmse: 68765.48918603448
  std: 0.0
trans:
  max: 18.624137235168696
  mean: 18.624137235168696
  median: 18.624137235168696
  min: 18.624137235168696
  num_samples: 1
  rmse: 18.624137235168696
  std: 0.0
