rot:
  max: 9.830215354279446
  mean: 1.9924627132368096
  median: 1.7940183517203183
  min: 0.0
  num_samples: 792
  rmse: 2.2376176671684584
  std: 1.0183443232941527
scale:
  max: 2348.5318360414153
  mean: 55.42129041697874
  median: 5.946419123507241
  min: 0.01804162346306093
  num_samples: 792
  rmse: 204.51652663347406
  std: 196.864141566557
trans:
  max: 16.394989619386784
  mean: 9.535330309367215
  median: 8.04700804008781
  min: 0.0
  num_samples: 792
  rmse: 10.97122340482499
  std: 5.426344892267959
