rot:
  max: 2.2376176671684584
  mean: 2.2376176671684584
  median: 2.2376176671684584
  min: 2.2376176671684584
  num_samples: 1
  rmse: 2.2376176671684584
  std: 0.0
scale:
  max: 204.51652663347406
  mean: 204.51652663347406
  median: 204.51652663347406
  min: 204.51652663347406
  num_samples: 1
  rmse: 204.51652663347406
  std: 0.0
trans:
  max: 10.97122340482499
  mean: 10.97122340482499
  median: 10.97122340482499
  min: 10.97122340482499
  num_samples: 1
  rmse: 10.97122340482499
  std: 0.0
