rot:
  max: 18.555666305331798
  mean: 9.769553715750273
  median: 8.57062681248756
  min: 0.00042243057245074247
  num_samples: 1330
  rmse: 11.648182213158835
  std: 6.343182881331727
scale:
  max: 23085730.07557089
  mean: 28521.68119084205
  median: 5.810359702738943
  min: 0.032163314303867985
  num_samples: 1330
  rmse: 711844.8716546881
  std: 711273.249182849
trans:
  max: 265.14360303599454
  mean: 84.80768787594694
  median: 58.06977738163394
  min: 9.678172040897828e-08
  num_samples: 1330
  rmse: 113.57788878762456
  std: 75.54861281711251
