rot:
  max: 11.648182213158835
  mean: 11.648182213158835
  median: 11.648182213158835
  min: 11.648182213158835
  num_samples: 1
  rmse: 11.648182213158835
  std: 0.0
scale:
  max: 711844.8716546881
  mean: 711844.8716546881
  median: 711844.8716546881
  min: 711844.8716546881
  num_samples: 1
  rmse: 711844.8716546881
  std: 0.0
trans:
  max: 113.57788878762456
  mean: 113.57788878762456
  median: 113.57788878762456
  min: 113.57788878762456
  num_samples: 1
  rmse: 113.57788878762456
  std: 0.0
