rot:
  max: 13.248363042745028
  mean: 3.118200640028501
  median: 3.075045030354222
  min: 0.0006741862031264913
  num_samples: 1330
  rmse: 3.63135872593262
  std: 1.861072530809271
scale:
  max: 11823396.453366015
  mean: 17076.63633077826
  median: 1.2881753706225352
  min: 0.007577693435778521
  num_samples: 1330
  rmse: 399061.3576274075
  std: 398695.8184418994
trans:
  max: 78.01596069619983
  mean: 38.67464652902962
  median: 40.28489958813793
  min: 0.0
  num_samples: 1330
  rmse: 47.240577168372084
  std: 27.12828500026375
