rot:
  max: 3.63135872593262
  mean: 3.63135872593262
  median: 3.63135872593262
  min: 3.63135872593262
  num_samples: 1
  rmse: 3.63135872593262
  std: 0.0
scale:
  max: 399061.3576274075
  mean: 399061.3576274075
  median: 399061.3576274075
  min: 399061.3576274075
  num_samples: 1
  rmse: 399061.3576274075
  std: 0.0
trans:
  max: 47.240577168372084
  mean: 47.240577168372084
  median: 47.240577168372084
  min: 47.240577168372084
  num_samples: 1
  rmse: 47.240577168372084
  std: 0.0
