rot:
  max: 179.88889234218993
  mean: 13.526647670525433
  median: 10.321641755608145
  min: 0.006610887093053061
  num_samples: 2592
  rmse: 25.075469649018643
  std: 21.114189089716994
scale:
  max: 1227967.965611622
  mean: 574.1033313123114
  median: 7.586069485905423
  min: 0.13560459390162816
  num_samples: 2592
  rmse: 24122.205691075298
  std: 24115.372955181963
trans:
  max: 282.9600520285222
  mean: 166.1880976575621
  median: 190.61470322558196
  min: 0.001228067965611622
  num_samples: 2592
  rmse: 185.61536857581353
  std: 82.6715262257551
