rot:
  max: 25.075469649018643
  mean: 25.075469649018643
  median: 25.075469649018643
  min: 25.075469649018643
  num_samples: 1
  rmse: 25.075469649018643
  std: 0.0
scale:
  max: 24122.205691075298
  mean: 24122.205691075298
  median: 24122.205691075298
  min: 24122.205691075298
  num_samples: 1
  rmse: 24122.205691075298
  std: 0.0
trans:
  max: 185.61536857581353
  mean: 185.61536857581353
  median: 185.61536857581353
  min: 185.61536857581353
  num_samples: 1
  rmse: 185.61536857581353
  std: 0.0
