rot:
  max: 29.34282440452037
  mean: 16.725602856373914
  median: 24.352670208196567
  min: 0.00014039785329892146
  num_samples: 772
  rmse: 20.124724950276207
  std: 11.191906156465327
scale:
  max: 178746.81027830843
  mean: 3197.5483532357994
  median: 445.5710709917098
  min: 0.050893707225441176
  num_samples: 772
  rmse: 13409.012509990838
  std: 13022.18495575185
trans:
  max: 205.1682095583457
  mean: 115.867768059242
  median: 182.35301724867418
  min: 0.0
  num_samples: 772
  rmse: 144.80905336567398
  std: 86.8580581272245
