rot:
  max: 20.124724950276207
  mean: 20.124724950276207
  median: 20.124724950276207
  min: 20.124724950276207
  num_samples: 1
  rmse: 20.124724950276207
  std: 0.0
scale:
  max: 13409.012509990838
  mean: 13409.012509990838
  median: 13409.012509990838
  min: 13409.012509990838
  num_samples: 1
  rmse: 13409.012509990838
  std: 0.0
trans:
  max: 144.80905336567398
  mean: 144.80905336567398
  median: 144.80905336567398
  min: 144.80905336567398
  num_samples: 1
  rmse: 144.80905336567398
  std: 0.0
