rot:
  max: 2.6480116463524497
  mean: 0.7000561887809861
  median: 0.5145007497773862
  min: 0.0004746431245258161
  num_samples: 1101
  rmse: 0.9853108394543156
  std: 0.6933677111717911
scale:
  max: 13823.080277924504
  mean: 36.60052682030544
  median: 2.240506727272673
  min: 0.03506231056560338
  num_samples: 1101
  rmse: 604.3757417380224
  std: 603.2664739879556
trans:
  max: 42.01323463145847
  mean: 18.833073694391008
  median: 15.872088248603811
  min: 0.0
  num_samples: 1101
  rmse: 22.18053932133648
  std: 11.71715237619581
