rot:
  max: 0.9853108394543156
  mean: 0.9853108394543156
  median: 0.9853108394543156
  min: 0.9853108394543156
  num_samples: 1
  rmse: 0.9853108394543156
  std: 0.0
scale:
  max: 604.3757417380224
  mean: 604.3757417380224
  median: 604.3757417380224
  min: 604.3757417380224
  num_samples: 1
  rmse: 604.3757417380224
  std: 0.0
trans:
  max: 22.18053932133648
  mean: 22.18053932133648
  median: 22.18053932133648
  min: 22.18053932133648
  num_samples: 1
  rmse: 22.18053932133648
  std: 0.0
