rot:
  max: 20.552989963424295
  mean: 11.571924883791642
  median: 15.814331364792531
  min: 0.0
  num_samples: 772
  rmse: 13.522640321866495
  std: 6.996596012237194
scale:
  max: 65014.24986648433
  mean: 1589.8104029103786
  median: 95.54349088687424
  min: 0.02481441349464486
  num_samples: 772
  rmse: 6634.104793939486
  std: 6440.795703930439
trans:
  max: 131.82789206842827
  mean: 74.19111617080893
  median: 116.90195613255675
  min: 0.0
  num_samples: 772
  rmse: 92.28417604788376
  std: 54.88212304718482
