rot:
  max: 13.522640321866495
  mean: 13.522640321866495
  median: 13.522640321866495
  min: 13.522640321866495
  num_samples: 1
  rmse: 13.522640321866495
  std: 0.0
scale:
  max: 6634.104793939486
  mean: 6634.104793939486
  median: 6634.104793939486
  min: 6634.104793939486
  num_samples: 1
  rmse: 6634.104793939486
  std: 0.0
trans:
  max: 92.28417604788376
  mean: 92.28417604788376
  median: 92.28417604788376
  min: 92.28417604788376
  num_samples: 1
  rmse: 92.28417604788376
  std: 0.0
