rot:
  max: 12.6888084915749
  mean: 3.1920165728780634
  median: 2.9731423432312374
  min: 0.0006741862031264913
  num_samples: 1330
  rmse: 3.731231641563169
  std: 1.932128298398935
scale:
  max: 11067323.458916644
  mean: 16323.219817291047
  median: 1.2947408100151325
  min: 0.0011420950984164513
  num_samples: 1330
  rmse: 378768.6134008648
  std: 378416.7213435608
trans:
  max: 71.31198551287976
  mean: 36.746010047686525
  median: 37.41911941626472
  min: 0.0
  num_samples: 1330
  rmse: 44.75085937962623
  std: 25.541537948808042
