rot:
  max: 3.731231641563169
  mean: 3.731231641563169
  median: 3.731231641563169
  min: 3.731231641563169
  num_samples: 1
  rmse: 3.731231641563169
  std: 0.0
scale:
  max: 378768.6134008648
  mean: 378768.6134008648
  median: 378768.6134008648
  min: 378768.6134008648
  num_samples: 1
  rmse: 378768.6134008648
  std: 0.0
trans:
  max: 44.75085937962623
  mean: 44.75085937962623
  median: 44.75085937962623
  min: 44.75085937962623
  num_samples: 1
  rmse: 44.75085937962623
  std: 0.0
