rot:
  max: 9.560066823995916
  mean: 1.9484093688292043
  median: 1.743020755541353
  min: 0.0025383285775078036
  num_samples: 808
  rmse: 2.260993244741897
  std: 1.1470795021388336
scale:
  max: 15206190.569495978
  mean: 20315.2509064959
  median: 0.9819953808977488
  min: 0.005526732494998132
  num_samples: 808
  rmse: 536568.928899627
  std: 536184.2090560846
trans:
  max: 11.680073172522913
  mean: 5.995153567463059
  median: 3.749000787175537
  min: 1.7378711145748334e-07
  num_samples: 808
  rmse: 7.213009026557274
  std: 4.010689830905862
