rot:
  max: 2.260993244741897
  mean: 2.260993244741897
  median: 2.260993244741897
  min: 2.260993244741897
  num_samples: 1
  rmse: 2.260993244741897
  std: 0.0
scale:
  max: 536568.928899627
  mean: 536568.928899627
  median: 536568.928899627
  min: 536568.928899627
  num_samples: 1
  rmse: 536568.928899627
  std: 0.0
trans:
  max: 7.213009026557274
  mean: 7.213009026557274
  median: 7.213009026557274
  min: 7.213009026557274
  num_samples: 1
  rmse: 7.213009026557274
  std: 0.0
