rot:
  max: 3.700039932918454
  mean: 3.700039932918454
  median: 3.700039932918454
  min: 3.700039932918454
  num_samples: 1
  rmse: 3.700039932918454
  std: 0.0
scale:
  max: 26.334166107624654
  mean: 26.334166107624654
  median: 26.334166107624654
  min: 26.334166107624654
  num_samples: 1
  rmse: 26.334166107624654
  std: 0.0
trans:
  max: 61.3768094528104
  mean: 61.3768094528104
  median: 61.3768094528104
  min: 61.3768094528104
  num_samples: 1
  rmse: 61.3768094528104
  std: 0.0
