rot:
  max: 12.229637019159057
  mean: 12.229637019159057
  median: 12.229637019159057
  min: 12.229637019159057
  num_samples: 1
  rmse: 12.229637019159057
  std: 0.0
scale:
  max: 711844.8643269225
  mean: 711844.8643269225
  median: 711844.8643269225
  min: 711844.8643269225
  num_samples: 1
  rmse: 711844.8643269225
  std: 0.0
trans:
  max: 116.59015175003604
  mean: 116.59015175003604
  median: 116.59015175003604
  min: 116.59015175003604
  num_samples: 1
  rmse: 116.59015175003604
  std: 0.0
