rot:
  max: 6.836334990573346
  mean: 3.822543934176979
  median: 4.744705634875094
  min: 0.00028484216398121505
  num_samples: 535
  rmse: 4.471102668170091
  std: 2.319249219166516
scale:
  max: 2557282.951710896
  mean: 8010.531458770445
  median: 4.104298092508385
  min: 0.009507704457578647
  num_samples: 535
  rmse: 126337.54347195706
  std: 126083.33068362645
trans:
  max: 25.78002216510575
  mean: 7.053783099925028
  median: 5.499595174870473
  min: 0.0
  num_samples: 535
  rmse: 9.816725024192827
  std: 6.827315298111384
