rot:
  max: 4.471102668170091
  mean: 4.471102668170091
  median: 4.471102668170091
  min: 4.471102668170091
  num_samples: 1
  rmse: 4.471102668170091
  std: 0.0
scale:
  max: 126337.54347195706
  mean: 126337.54347195706
  median: 126337.54347195706
  min: 126337.54347195706
  num_samples: 1
  rmse: 126337.54347195706
  std: 0.0
trans:
  max: 9.816725024192827
  mean: 9.816725024192827
  median: 9.816725024192827
  min: 9.816725024192827
  num_samples: 1
  rmse: 9.816725024192827
  std: 0.0
