rot:
  max: 6.776469653036205
  mean: 2.565169857755787
  median: 2.6790836703896677
  min: 0.00016122290739021877
  num_samples: 2095
  rmse: 2.9129759570677494
  std: 1.3803378308645762
scale:
  max: 10959.102430127547
  mean: 63.38646991383595
  median: 2.7834562144710695
  min: 0.11648945602051874
  num_samples: 2095
  rmse: 585.9378159753344
  std: 582.4991670567497
trans:
  max: 81.81575859852558
  mean: 48.7614427556795
  median: 48.477248230653636
  min: 0.0
  num_samples: 2095
  rmse: 53.98378392250513
  std: 23.16399419306429
