rot:
  max: 2.9129759570677494
  mean: 2.9129759570677494
  median: 2.9129759570677494
  min: 2.9129759570677494
  num_samples: 1
  rmse: 2.9129759570677494
  std: 0.0
scale:
  max: 585.9378159753344
  mean: 585.9378159753344
  median: 585.9378159753344
  min: 585.9378159753344
  num_samples: 1
  rmse: 585.9378159753344
  std: 0.0
trans:
  max: 53.98378392250513
  mean: 53.98378392250513
  median: 53.98378392250513
  min: 53.98378392250513
  num_samples: 1
  rmse: 53.98378392250513
  std: 0.0
