rot:
  max: 17.830546407344134
  mean: 9.813157961410614
  median: 12.342154060423857
  min: 0.0
  num_samples: 772
  rmse: 11.337163617547532
  std: 5.6774298512132155
scale:
  max: 72912.93500055604
  mean: 1790.1687371208768
  median: 129.61129566954116
  min: 0.023517739580902752
  num_samples: 772
  rmse: 7442.620996443742
  std: 7224.119544230998
trans:
  max: 141.34291989512488
  mean: 82.05215160358314
  median: 129.72239145008598
  min: 0.0
  num_samples: 772
  rmse: 102.09629959179625
  std: 60.75441389364583
