rot:
  max: 11.337163617547532
  mean: 11.337163617547532
  median: 11.337163617547532
  min: 11.337163617547532
  num_samples: 1
  rmse: 11.337163617547532
  std: 0.0
scale:
  max: 7442.620996443742
  mean: 7442.620996443742
  median: 7442.620996443742
  min: 7442.620996443742
  num_samples: 1
  rmse: 7442.620996443742
  std: 0.0
trans:
  max: 102.09629959179625
  mean: 102.09629959179625
  median: 102.09629959179625
  min: 102.09629959179625
  num_samples: 1
  rmse: 102.09629959179625
  std: 0.0
