rot:
  max: 39.37610232886369
  mean: 17.818944255852863
  median: 12.280526188067089
  min: 0.00042243057245074247
  num_samples: 1330
  rmse: 22.605909313272196
  std: 13.910872060611252
scale:
  max: 23102941.59570107
  mean: 28591.004523238138
  median: 8.310839165019868
  min: 0.008903631011836222
  num_samples: 1330
  rmse: 712310.1541785522
  std: 711736.1239997764
trans:
  max: 537.2683401432248
  mean: 157.42559966738227
  median: 113.35295197460248
  min: 9.678172040897828e-08
  num_samples: 1330
  rmse: 219.4504065183947
  std: 152.8910118040095
