rot:
  max: 22.605909313272196
  mean: 22.605909313272196
  median: 22.605909313272196
  min: 22.605909313272196
  num_samples: 1
  rmse: 22.605909313272196
  std: 0.0
scale:
  max: 712310.1541785522
  mean: 712310.1541785522
  median: 712310.1541785522
  min: 712310.1541785522
  num_samples: 1
  rmse: 712310.1541785522
  std: 0.0
trans:
  max: 219.4504065183947
  mean: 219.4504065183947
  median: 219.4504065183947
  min: 219.4504065183947
  num_samples: 1
  rmse: 219.4504065183947
  std: 0.0
