rot:
  max: 28.046217010744638
  mean: 15.615220740582014
  median: 14.018232034075687
  min: 0.0
  num_samples: 808
  rmse: 18.275888980093075
  std: 9.495946463390831
scale:
  max: 472177.954236213
  mean: 2695.6196848613363
  median: 8.996902431015947
  min: 0.012513755521181835
  num_samples: 808
  rmse: 25366.350256356294
  std: 25222.715156040096
trans:
  max: 86.27057454200197
  mean: 39.47772852229492
  median: 35.37889538369905
  min: 0.0
  num_samples: 808
  rmse: 46.52836537327671
  std: 24.625144365650286
