rot:
  max: 18.275888980093075
  mean: 18.275888980093075
  median: 18.275888980093075
  min: 18.275888980093075
  num_samples: 1
  rmse: 18.275888980093075
  std: 0.0
scale:
  max: 25366.350256356294
  mean: 25366.350256356294
  median: 25366.350256356294
  min: 25366.350256356294
  num_samples: 1
  rmse: 25366.350256356294
  std: 0.0
trans:
  max: 46.52836537327671
  mean: 46.52836537327671
  median: 46.52836537327671
  min: 46.52836537327671
  num_samples: 1
  rmse: 46.52836537327671
  std: 0.0
