rot:
  max: 18.861858114053895
  mean: 18.861858114053895
  median: 18.861858114053895
  min: 18.861858114053895
  num_samples: 1
  rmse: 18.861858114053895
  std: 0.0
scale:
  max: 26.20335698459073
  mean: 26.20335698459073
  median: 26.20335698459073
  min: 26.20335698459073
  num_samples: 1
  rmse: 26.20335698459073
  std: 0.0
trans:
  max: 164.41331832123691
  mean: 164.41331832123691
  median: 164.41331832123691
  min: 164.41331832123691
  num_samples: 1
  rmse: 164.41331832123691
  std: 0.0
