rot:
  max: 176.3470324752399
  mean: 12.368191458258126
  median: 8.99683389004707
  min: 0.03371887288229111
  num_samples: 2592
  rmse: 23.804282211943832
  std: 20.338920612405573
scale:
  max: 1227981.1363360449
  mean: 603.2895358201062
  median: 9.886689249789416
  min: 0.22825890147240013
  num_samples: 2592
  rmse: 24124.492140180817
  std: 24116.947625220244
trans:
  max: 330.80516636032536
  mean: 228.86369554464778
  median: 272.60720947815764
  min: 0.001228081136336045
  num_samples: 2592
  rmse: 248.65834149572638
  std: 97.22334934084522
