rot:
  max: 23.804282211943832
  mean: 23.804282211943832
  median: 23.804282211943832
  min: 23.804282211943832
  num_samples: 1
  rmse: 23.804282211943832
  std: 0.0
scale:
  max: 24124.492140180817
  mean: 24124.492140180817
  median: 24124.492140180817
  min: 24124.492140180817
  num_samples: 1
  rmse: 24124.492140180817
  std: 0.0
trans:
  max: 248.65834149572638
  mean: 248.65834149572638
  median: 248.65834149572638
  min: 248.65834149572638
  num_samples: 1
  rmse: 248.65834149572638
  std: 0.0
