rot:
  max: 13.166247843643639
  mean: 7.803812837210609
  median: 8.87734116671745
  min: 0.00016122290739021877
  num_samples: 2095
  rmse: 8.541503931221808
  std: 3.4724335283579606
scale:
  max: 32309.120084117683
  mean: 226.6067545171199
  median: 8.517489943105971
  min: 0.03635575651470546
  num_samples: 2095
  rmse: 2044.977764292794
  std: 2032.383683082299
trans:
  max: 301.0256592258697
  mean: 152.98125124962493
  median: 153.2193019140427
  min: 0.0
  num_samples: 2095
  rmse: 179.56860313521975
  std: 94.02988885473161
