rot:
  max: 8.541503931221808
  mean: 8.541503931221808
  median: 8.541503931221808
  min: 8.541503931221808
  num_samples: 1
  rmse: 8.541503931221808
  std: 0.0
scale:
  max: 2044.977764292794
  mean: 2044.977764292794
  median: 2044.977764292794
  min: 2044.977764292794
  num_samples: 1
  rmse: 2044.977764292794
  std: 0.0
trans:
  max: 179.56860313521975
  mean: 179.56860313521975
  median: 179.56860313521975
  min: 179.56860313521975
  num_samples: 1
  rmse: 179.56860313521975
  std: 0.0
