rot:
  max: 58.85615130959014
  mean: 33.20088413911223
  median: 50.26091049877584
  min: 0.00014039785329892146
  num_samples: 772
  rmse: 41.70286150757217
  std: 25.23548989619562
scale:
  max: 309490.0126007688
  mean: 5288.714830707244
  median: 757.7328763855253
  min: 0.13472507632121822
  num_samples: 772
  rmse: 22080.70528919512
  std: 21437.981283407884
trans:
  max: 358.7051290080945
  mean: 194.91733286543788
  median: 309.69630244588484
  min: 0.0
  num_samples: 772
  rmse: 247.7305385763103
  std: 152.8975248064299
