rot:
  max: 41.70286150757217
  mean: 41.70286150757217
  median: 41.70286150757217
  min: 41.70286150757217
  num_samples: 1
  rmse: 41.70286150757217
  std: 0.0
scale:
  max: 22080.70528919512
  mean: 22080.70528919512
  median: 22080.70528919512
  min: 22080.70528919512
  num_samples: 1
  rmse: 22080.70528919512
  std: 0.0
trans:
  max: 247.7305385763103
  mean: 247.7305385763103
  median: 247.7305385763103
  min: 247.7305385763103
  num_samples: 1
  rmse: 247.7305385763103
  std: 0.0
