rot:
  max: 28.09572485797414
  mean: 17.144567044565047
  median: 16.970030773770823
  min: 0.0
  num_samples: 2686
  rmse: 18.66949587515324
  std: 7.390121588091621
scale:
  max: 166232.1104194395
  mean: 568.3131273690515
  median: 9.745001150865829
  min: 0.3929420296604258
  num_samples: 2686
  rmse: 4717.634160181766
  std: 4683.27793949643
trans:
  max: 468.72823307215424
  mean: 284.74332837899516
  median: 352.53986537990454
  min: 0.0
  num_samples: 2686
  rmse: 318.4858885066158
  std: 142.66919121345109
