rot:
  max: 18.66949587515324
  mean: 18.66949587515324
  median: 18.66949587515324
  min: 18.66949587515324
  num_samples: 1
  rmse: 18.66949587515324
  std: 0.0
scale:
  max: 4717.634160181766
  mean: 4717.634160181766
  median: 4717.634160181766
  min: 4717.634160181766
  num_samples: 1
  rmse: 4717.634160181766
  std: 0.0
trans:
  max: 318.4858885066158
  mean: 318.4858885066158
  median: 318.4858885066158
  min: 318.4858885066158
  num_samples: 1
  rmse: 318.4858885066158
  std: 0.0
