rot:
  max: 16.556473113270783
  mean: 9.153720028066564
  median: 10.17140325955738
  min: 0.0023198233863703107
  num_samples: 2095
  rmse: 9.857263056347737
  std: 3.6571908085046663
scale:
  max: 52278.207208222455
  mean: 350.80240856404384
  median: 8.886782353453881
  min: 0.1427117431222924
  num_samples: 2095
  rmse: 3314.901501635988
  std: 3296.2872501792363
trans:
  max: 366.11935761410723
  mean: 195.65135186848153
  median: 192.8166540311206
  min: 0.0
  num_samples: 2095
  rmse: 226.4826085004751
  std: 114.08295431489795
