rot:
  max: 9.857263056347737
  mean: 9.857263056347737
  median: 9.857263056347737
  min: 9.857263056347737
  num_samples: 1
  rmse: 9.857263056347737
  std: 0.0
scale:
  max: 3314.901501635988
  mean: 3314.901501635988
  median: 3314.901501635988
  min: 3314.901501635988
  num_samples: 1
  rmse: 3314.901501635988
  std: 0.0
trans:
  max: 226.4826085004751
  mean: 226.4826085004751
  median: 226.4826085004751
  min: 226.4826085004751
  num_samples: 1
  rmse: 226.4826085004751
  std: 0.0
