rot:
  max: 24.34889084406438
  mean: 12.38254183154308
  median: 13.283889710992565
  min: 0.0
  num_samples: 772
  rmse: 15.052951229149995
  std: 8.559439146185579
scale:
  max: 32297.320995040398
  mean: 591.4819964192276
  median: 41.181375896771264
  min: 0.03718521951441289
  num_samples: 772
  rmse: 2693.9956164388977
  std: 2628.2620549146013
trans:
  max: 40.582064939630285
  mean: 18.82243277343979
  median: 20.308962893525376
  min: 0.0
  num_samples: 772
  rmse: 22.192881597407702
  std: 11.75755153447763
