rot:
  max: 15.052951229149995
  mean: 15.052951229149995
  median: 15.052951229149995
  min: 15.052951229149995
  num_samples: 1
  rmse: 15.052951229149995
  std: 0.0
scale:
  max: 2693.9956164388977
  mean: 2693.9956164388977
  median: 2693.9956164388977
  min: 2693.9956164388977
  num_samples: 1
  rmse: 2693.9956164388977
  std: 0.0
trans:
  max: 22.192881597407702
  mean: 22.192881597407702
  median: 22.192881597407702
  min: 22.192881597407702
  num_samples: 1
  rmse: 22.192881597407702
  std: 0.0
