rot:
  max: 3.4462450347742197
  mean: 1.6846721189699194
  median: 1.5376310722675093
  min: 0.00016122290739021877
  num_samples: 2095
  rmse: 1.9386148413525282
  std: 0.9592222655243628
scale:
  max: 10959.102430127547
  mean: 75.58026377097723
  median: 3.625894733370605
  min: 0.11648945602051874
  num_samples: 2095
  rmse: 682.227124141608
  std: 678.0276341291988
trans:
  max: 67.70327951408501
  mean: 44.17685158701797
  median: 45.103630292716396
  min: 0.0
  num_samples: 2095
  rmse: 47.52767660160933
  std: 17.529570074755124
