rot:
  max: 1.9386148413525282
  mean: 1.9386148413525282
  median: 1.9386148413525282
  min: 1.9386148413525282
  num_samples: 1
  rmse: 1.9386148413525282
  std: 0.0
scale:
  max: 682.227124141608
  mean: 682.227124141608
  median: 682.227124141608
  min: 682.227124141608
  num_samples: 1
  rmse: 682.227124141608
  std: 0.0
trans:
  max: 47.52767660160933
  mean: 47.52767660160933
  median: 47.52767660160933
  min: 47.52767660160933
  num_samples: 1
  rmse: 47.52767660160933
  std: 0.0
