rot:
  max: 22.220362892553005
  mean: 13.228640395005991
  median: 13.129634200867145
  min: 1.1459155902616465e-14
  num_samples: 2095
  rmse: 14.47654395314237
  std: 5.87991480609019
scale:
  max: 63884.69601656755
  mean: 431.01767746731923
  median: 10.136770546623985
  min: 0.09628988412969663
  num_samples: 2095
  rmse: 4002.750778158135
  std: 3979.4770452606244
trans:
  max: 437.5262095032104
  mean: 227.1621489409262
  median: 226.12581897542614
  min: 0.0
  num_samples: 2095
  rmse: 263.1720941420052
  std: 132.8793032177281
