rot:
  max: 14.47654395314237
  mean: 14.47654395314237
  median: 14.47654395314237
  min: 14.47654395314237
  num_samples: 1
  rmse: 14.47654395314237
  std: 0.0
scale:
  max: 4002.750778158135
  mean: 4002.750778158135
  median: 4002.750778158135
  min: 4002.750778158135
  num_samples: 1
  rmse: 4002.750778158135
  std: 0.0
trans:
  max: 263.1720941420052
  mean: 263.1720941420052
  median: 263.1720941420052
  min: 263.1720941420052
  num_samples: 1
  rmse: 263.1720941420052
  std: 0.0
