rot:
  max: 6.538003367108275
  mean: 3.817337388685946
  median: 3.720528314524726
  min: 0.00016122290739021877
  num_samples: 2095
  rmse: 4.026194096759046
  std: 1.2799117804433844
scale:
  max: 10959.102430127547
  mean: 63.77009928842747
  median: 1.571397416064535
  min: 0.0015308148342940697
  num_samples: 2095
  rmse: 619.3228873335858
  std: 616.0310164366349
trans:
  max: 101.48363327881435
  mean: 56.6653209698156
  median: 54.76997535681115
  min: 0.0
  num_samples: 2095
  rmse: 65.01694523639772
  std: 31.878591048860905
