rot:
  max: 38.04696668307816
  mean: 18.966777312462334
  median: 13.847732102005722
  min: 0.002891555654078782
  num_samples: 1116
  rmse: 22.52251029094224
  std: 12.145979918683517
scale:
  max: 2371.4468521558138
  mean: 13.135451343098689
  median: 4.955236214321069
  min: 0.006999847674471482
  num_samples: 1116
  rmse: 75.26357015595386
  std: 74.10846719932397
trans:
  max: 408.5333065647547
  mean: 164.2830349203144
  median: 155.12458369587267
  min: 1.135894081985687e-08
  num_samples: 1116
  rmse: 204.96308352013915
  std: 122.55998549059275
