rot:
  max: 22.52251029094224
  mean: 22.52251029094224
  median: 22.52251029094224
  min: 22.52251029094224
  num_samples: 1
  rmse: 22.52251029094224
  std: 0.0
scale:
  max: 75.26357015595386
  mean: 75.26357015595386
  median: 75.26357015595386
  min: 75.26357015595386
  num_samples: 1
  rmse: 75.26357015595386
  std: 0.0
trans:
  max: 204.96308352013915
  mean: 204.96308352013915
  median: 204.96308352013915
  min: 204.96308352013915
  num_samples: 1
  rmse: 204.96308352013915
  std: 0.0
