rot:
  max: 23.31231455324726
  mean: 14.763887721763103
  median: 15.898177117857378
  min: 1.1459155902616465e-14
  num_samples: 2095
  rmse: 15.843210552140592
  std: 5.747602973295183
scale:
  max: 107572.12418209593
  mean: 719.2831124497455
  median: 10.903532004880345
  min: 0.017645722360071225
  num_samples: 2095
  rmse: 6824.104645549564
  std: 6786.091365252589
trans:
  max: 527.6337949008592
  mean: 289.1955736878217
  median: 354.8273578150163
  min: 0.0
  num_samples: 2095
  rmse: 335.3186032373907
  std: 169.71884349254296
