rot:
  max: 15.843210552140592
  mean: 15.843210552140592
  median: 15.843210552140592
  min: 15.843210552140592
  num_samples: 1
  rmse: 15.843210552140592
  std: 0.0
scale:
  max: 6824.104645549564
  mean: 6824.104645549564
  median: 6824.104645549564
  min: 6824.104645549564
  num_samples: 1
  rmse: 6824.104645549564
  std: 0.0
trans:
  max: 335.3186032373907
  mean: 335.3186032373907
  median: 335.3186032373907
  min: 335.3186032373907
  num_samples: 1
  rmse: 335.3186032373907
  std: 0.0
