rot:
  max: 3.108028064950176
  mean: 0.7726211779809383
  median: 0.7092801335643859
  min: 0.0004746431245258161
  num_samples: 1101
  rmse: 0.9535669370771139
  std: 0.5588796103115374
scale:
  max: 13823.080277924504
  mean: 36.8717888768361
  median: 2.3436427797628667
  min: 0.11538362051121132
  num_samples: 1101
  rmse: 604.3771351762936
  std: 603.2513511869873
trans:
  max: 35.58944888106215
  mean: 18.0400201260663
  median: 19.598536910384738
  min: 0.0
  num_samples: 1101
  rmse: 20.61775859573404
  std: 9.982466797494876
