rot:
  max: 0.9535669370771139
  mean: 0.9535669370771139
  median: 0.9535669370771139
  min: 0.9535669370771139
  num_samples: 1
  rmse: 0.9535669370771139
  std: 0.0
scale:
  max: 604.3771351762936
  mean: 604.3771351762936
  median: 604.3771351762936
  min: 604.3771351762936
  num_samples: 1
  rmse: 604.3771351762936
  std: 0.0
trans:
  max: 20.61775859573404
  mean: 20.61775859573404
  median: 20.61775859573404
  min: 20.61775859573404
  num_samples: 1
  rmse: 20.61775859573404
  std: 0.0
