rot:
  max: 41.9003893861919
  mean: 27.174160182264167
  median: 28.164677182501947
  min: 0.0
  num_samples: 2686
  rmse: 29.63269356164966
  std: 11.817848624317449
scale:
  max: 189472.4582445323
  mean: 655.932780872389
  median: 20.72993301323205
  min: 0.08644629509502177
  num_samples: 2686
  rmse: 5378.296389375966
  std: 5338.148015833916
trans:
  max: 802.7321346602497
  mean: 462.31286025525634
  median: 557.4113055952421
  min: 0.0
  num_samples: 2686
  rmse: 524.1349739507756
  std: 246.9499750171764
