rot:
  max: 29.63269356164966
  mean: 29.63269356164966
  median: 29.63269356164966
  min: 29.63269356164966
  num_samples: 1
  rmse: 29.63269356164966
  std: 0.0
scale:
  max: 5378.296389375966
  mean: 5378.296389375966
  median: 5378.296389375966
  min: 5378.296389375966
  num_samples: 1
  rmse: 5378.296389375966
  std: 0.0
trans:
  max: 524.1349739507756
  mean: 524.1349739507756
  median: 524.1349739507756
  min: 524.1349739507756
  num_samples: 1
  rmse: 524.1349739507756
  std: 0.0
