rot:
  max: 21.356498564205904
  mean: 10.753803961452668
  median: 8.409853034341422
  min: 0.0016653275185080497
  num_samples: 1101
  rmse: 12.359981577017608
  std: 6.093016079320617
scale:
  max: 288.19372804930293
  mean: 7.0277361809871595
  median: 3.158643504905423
  min: 0.04072367726859483
  num_samples: 1101
  rmse: 24.481797780230835
  std: 23.45142525994016
trans:
  max: 214.0836640213955
  mean: 98.0092908896217
  median: 101.61609355637582
  min: 9.29184417226616e-08
  num_samples: 1101
  rmse: 118.05895051485666
  std: 65.81865006199148
