rot:
  max: 12.359981577017608
  mean: 12.359981577017608
  median: 12.359981577017608
  min: 12.359981577017608
  num_samples: 1
  rmse: 12.359981577017608
  std: 0.0
scale:
  max: 24.481797780230835
  mean: 24.481797780230835
  median: 24.481797780230835
  min: 24.481797780230835
  num_samples: 1
  rmse: 24.481797780230835
  std: 0.0
trans:
  max: 118.05895051485666
  mean: 118.05895051485666
  median: 118.05895051485666
  min: 118.05895051485666
  num_samples: 1
  rmse: 118.05895051485666
  std: 0.0
