rot:
  max: 5.341975353489547
  mean: 1.845142655603109
  median: 0.9117076767258763
  min: 5.109599479759417e-05
  num_samples: 1330
  rmse: 2.5614486580753075
  std: 1.7766450991770133
scale:
  max: 2176276.0445006993
  mean: 2825.4093011663736
  median: 2.056805397705974
  min: 0.001636080163858189
  num_samples: 1330
  rmse: 68765.48405537523
  std: 68707.41488115344
trans:
  max: 54.72914895420418
  mean: 18.747788755933488
  median: 16.163826329951426
  min: 0.0
  num_samples: 1330
  rmse: 22.92612605009564
  std: 13.195744481755007
