rot:
  max: 8.85179091082047
  mean: 5.047269158384087
  median: 4.959680448083304
  min: 0.0006785081735415092
  num_samples: 535
  rmse: 5.743195069490453
  std: 2.74032181486851
scale:
  max: 3152900.0099882293
  mean: 13518.634635376678
  median: 6.402748159528815
  min: 0.013760420236563764
  num_samples: 535
  rmse: 192944.6976237471
  std: 192470.52464913786
trans:
  max: 28.52590063122178
  mean: 8.787409256004773
  median: 6.704457700465443
  min: 3.8474106316268337e-08
  num_samples: 535
  rmse: 11.989492542467815
  std: 8.156553806196156
