rot:
  max: 5.743195069490453
  mean: 5.743195069490453
  median: 5.743195069490453
  min: 5.743195069490453
  num_samples: 1
  rmse: 5.743195069490453
  std: 0.0
scale:
  max: 192944.6976237471
  mean: 192944.6976237471
  median: 192944.6976237471
  min: 192944.6976237471
  num_samples: 1
  rmse: 192944.6976237471
  std: 0.0
trans:
  max: 11.989492542467815
  mean: 11.989492542467815
  median: 11.989492542467815
  min: 11.989492542467815
  num_samples: 1
  rmse: 11.989492542467815
  std: 0.0
