rot:
  max: 10.916667195804903
  mean: 4.069509480712446
  median: 4.927357185438155
  min: 0.00260916829651933
  num_samples: 535
  rmse: 4.570636257791106
  std: 2.0808191625958776
scale:
  max: 2415546.987941463
  mean: 7909.281765154443
  median: 5.629015263836001
  min: 0.016201791862324733
  num_samples: 535
  rmse: 120650.7834095009
  std: 120391.25715468581
trans:
  max: 26.881159576132127
  mean: 15.78899268734089
  median: 23.49226925624369
  min: 0.0
  num_samples: 535
  rmse: 19.19323392024059
  std: 10.912742012719347
