rot:
  max: 4.570636257791106
  mean: 4.570636257791106
  median: 4.570636257791106
  min: 4.570636257791106
  num_samples: 1
  rmse: 4.570636257791106
  std: 0.0
scale:
  max: 120650.7834095009
  mean: 120650.7834095009
  median: 120650.7834095009
  min: 120650.7834095009
  num_samples: 1
  rmse: 120650.7834095009
  std: 0.0
trans:
  max: 19.19323392024059
  mean: 19.19323392024059
  median: 19.19323392024059
  min: 19.19323392024059
  num_samples: 1
  rmse: 19.19323392024059
  std: 0.0
