rot:
  max: 32.807526693798394
  mean: 18.22527582669122
  median: 10.188185381576151
  min: 0.004253995169618154
  num_samples: 550
  rmse: 21.870498408516045
  std: 12.089583188759136
scale:
  max: 26579.382895283645
  mean: 588.9806797336904
  median: 21.532423687140962
  min: 0.014089614225865077
  num_samples: 550
  rmse: 2340.316970202479
  std: 2264.9912317530398
trans:
  max: 123.73196429152598
  mean: 50.104537762097564
  median: 39.638859606982024
  min: 1.5187920438990325e-07
  num_samples: 550
  rmse: 67.94102470895132
  std: 45.88592522929958
