rot:
  max: 21.870498408516045
  mean: 21.870498408516045
  median: 21.870498408516045
  min: 21.870498408516045
  num_samples: 1
  rmse: 21.870498408516045
  std: 0.0
scale:
  max: 2340.316970202479
  mean: 2340.316970202479
  median: 2340.316970202479
  min: 2340.316970202479
  num_samples: 1
  rmse: 2340.316970202479
  std: 0.0
trans:
  max: 67.94102470895132
  mean: 67.94102470895132
  median: 67.94102470895132
  min: 67.94102470895132
  num_samples: 1
  rmse: 67.94102470895132
  std: 0.0
