rot:
  max: 179.89349386220593
  mean: 9.72236488416319
  median: 7.2059291073262965
  min: 0.03371887288120403
  num_samples: 2592
  rmse: 20.69562664499974
  std: 18.26977239290117
scale:
  max: 1227982.7479240014
  mean: 531.2212159383954
  median: 4.419020642539417
  min: 0.027140587550877893
  num_samples: 2592
  rmse: 24120.80089532631
  std: 24114.950546325224
trans:
  max: 151.42924030233485
  mean: 93.50092344565128
  median: 110.52780136160695
  min: 0.0012280827479240013
  num_samples: 2592
  rmse: 103.78840806857353
  std: 45.05120380432912
