rot:
  max: 20.69562664499974
  mean: 20.69562664499974
  median: 20.69562664499974
  min: 20.69562664499974
  num_samples: 1
  rmse: 20.69562664499974
  std: 0.0
scale:
  max: 24120.80089532631
  mean: 24120.80089532631
  median: 24120.80089532631
  min: 24120.80089532631
  num_samples: 1
  rmse: 24120.80089532631
  std: 0.0
trans:
  max: 103.78840806857353
  mean: 103.78840806857353
  median: 103.78840806857353
  min: 103.78840806857353
  num_samples: 1
  rmse: 103.78840806857353
  std: 0.0
