rot:
  max: 21.04900608566397
  mean: 12.718521364322504
  median: 12.734605318062918
  min: 0.0
  num_samples: 2667
  rmse: 14.066417085613704
  std: 6.008602494067746
scale:
  max: 2452859.4955019113
  mean: 1476.8979265618048
  median: 6.737192133667436
  min: 0.0642092969500907
  num_samples: 2667
  rmse: 48572.16401762621
  std: 48549.70535306778
trans:
  max: 319.8393721714302
  mean: 190.46962242665816
  median: 225.07653822506137
  min: 0.0
  num_samples: 2667
  rmse: 210.91104203014356
  std: 90.58029908808686
