rot:
  max: 14.066417085613704
  mean: 14.066417085613704
  median: 14.066417085613704
  min: 14.066417085613704
  num_samples: 1
  rmse: 14.066417085613704
  std: 0.0
scale:
  max: 48572.16401762621
  mean: 48572.16401762621
  median: 48572.16401762621
  min: 48572.16401762621
  num_samples: 1
  rmse: 48572.16401762621
  std: 0.0
trans:
  max: 210.91104203014356
  mean: 210.91104203014356
  median: 210.91104203014356
  min: 210.91104203014356
  num_samples: 1
  rmse: 210.91104203014356
  std: 0.0
