rot:
  max: 10.71946524203863
  mean: 6.613997035054485
  median: 7.86293985419143
  min: 0.0020180621324767966
  num_samples: 788
  rmse: 7.2581575684557675
  std: 2.98929665788162
scale:
  max: 85054.80650041185
  mean: 1149.3603225080642
  median: 179.78736671657828
  min: 0.09659892040416729
  num_samples: 788
  rmse: 5278.858731052451
  std: 5152.215091730241
trans:
  max: 81.50433327366889
  mean: 53.396136458689035
  median: 76.04225175517962
  min: 0.0
  num_samples: 788
  rmse: 62.631217898684156
  std: 32.73411166898402
