rot:
  max: 7.2581575684557675
  mean: 7.2581575684557675
  median: 7.2581575684557675
  min: 7.2581575684557675
  num_samples: 1
  rmse: 7.2581575684557675
  std: 0.0
scale:
  max: 5278.858731052451
  mean: 5278.858731052451
  median: 5278.858731052451
  min: 5278.858731052451
  num_samples: 1
  rmse: 5278.858731052451
  std: 0.0
trans:
  max: 62.631217898684156
  mean: 62.631217898684156
  median: 62.631217898684156
  min: 62.631217898684156
  num_samples: 1
  rmse: 62.631217898684156
  std: 0.0
