rot:
  max: 62.511186246823705
  mean: 36.33590700899078
  median: 55.02898772554583
  min: 0.002037169356248867
  num_samples: 772
  rmse: 45.02365060913573
  std: 26.58629300988581
scale:
  max: 205218.813101565
  mean: 5276.005680666668
  median: 859.8837250376114
  min: 0.3726520682261869
  num_samples: 772
  rmse: 20932.274699423022
  std: 20256.453000209054
trans:
  max: 405.3964869983876
  mean: 222.49124357793602
  median: 352.44469001118443
  min: 0.0
  num_samples: 772
  rmse: 281.6615683665615
  std: 172.71619966249472
