rot:
  max: 45.02365060913573
  mean: 45.02365060913573
  median: 45.02365060913573
  min: 45.02365060913573
  num_samples: 1
  rmse: 45.02365060913573
  std: 0.0
scale:
  max: 20932.274699423022
  mean: 20932.274699423022
  median: 20932.274699423022
  min: 20932.274699423022
  num_samples: 1
  rmse: 20932.274699423022
  std: 0.0
trans:
  max: 281.6615683665615
  mean: 281.6615683665615
  median: 281.6615683665615
  min: 281.6615683665615
  num_samples: 1
  rmse: 281.6615683665615
  std: 0.0
