rot:
  max: 35.76544309226808
  mean: 20.801196386044737
  median: 29.912709224704848
  min: 0.0
  num_samples: 753
  rmse: 25.292341436164484
  std: 14.387938150851303
scale:
  max: 116470.86991339896
  mean: 3096.579356029943
  median: 501.409165383279
  min: 0.035453327877355
  num_samples: 753
  rmse: 12170.430345053092
  std: 11769.901064817763
trans:
  max: 236.16235980197396
  mean: 134.2253654290926
  median: 205.221261634444
  min: 0.0
  num_samples: 753
  rmse: 166.58448467502686
  std: 98.66074097568298
