rot:
  max: 25.292341436164484
  mean: 25.292341436164484
  median: 25.292341436164484
  min: 25.292341436164484
  num_samples: 1
  rmse: 25.292341436164484
  std: 0.0
scale:
  max: 12170.430345053092
  mean: 12170.430345053092
  median: 12170.430345053092
  min: 12170.430345053092
  num_samples: 1
  rmse: 12170.430345053092
  std: 0.0
trans:
  max: 166.58448467502686
  mean: 166.58448467502686
  median: 166.58448467502686
  min: 166.58448467502686
  num_samples: 1
  rmse: 166.58448467502686
  std: 0.0
