rot:
  max: 9.051054768038352
  mean: 3.7076849219532155
  median: 4.282318294333638
  min: 0.0
  num_samples: 772
  rmse: 4.186316695138394
  std: 1.9437901099437718
scale:
  max: 13664.885533176917
  mean: 332.7947183564473
  median: 33.49547538617111
  min: 0.014233321621182071
  num_samples: 772
  rmse: 1390.506156396878
  std: 1350.0944583293688
trans:
  max: 26.963551389449655
  mean: 15.110322672463548
  median: 22.940114445413926
  min: 0.0
  num_samples: 772
  rmse: 18.63128885056134
  std: 10.899682241564909
