rot:
  max: 4.186316695138394
  mean: 4.186316695138394
  median: 4.186316695138394
  min: 4.186316695138394
  num_samples: 1
  rmse: 4.186316695138394
  std: 0.0
scale:
  max: 1390.506156396878
  mean: 1390.506156396878
  median: 1390.506156396878
  min: 1390.506156396878
  num_samples: 1
  rmse: 1390.506156396878
  std: 0.0
trans:
  max: 18.63128885056134
  mean: 18.63128885056134
  median: 18.63128885056134
  min: 18.63128885056134
  num_samples: 1
  rmse: 18.63128885056134
  std: 0.0
