rot:
  max: 19.04828102860725
  mean: 10.911780914260403
  median: 10.606549307332427
  min: 0.0016653275185080497
  num_samples: 1101
  rmse: 12.13391681469543
  std: 5.3070683569303
scale:
  max: 288.19372804930293
  mean: 6.945487373901534
  median: 3.412925860666105
  min: 0.02165589404337087
  num_samples: 1101
  rmse: 24.434337195901158
  std: 23.42641755245504
trans:
  max: 198.00016723513627
  mean: 94.9276063967578
  median: 107.73189703427931
  min: 9.29184417226616e-08
  num_samples: 1101
  rmse: 114.42802528790699
  std: 63.894620392268614
