rot:
  max: 12.13391681469543
  mean: 12.13391681469543
  median: 12.13391681469543
  min: 12.13391681469543
  num_samples: 1
  rmse: 12.13391681469543
  std: 0.0
scale:
  max: 24.434337195901158
  mean: 24.434337195901158
  median: 24.434337195901158
  min: 24.434337195901158
  num_samples: 1
  rmse: 24.434337195901158
  std: 0.0
trans:
  max: 114.42802528790699
  mean: 114.42802528790699
  median: 114.42802528790699
  min: 114.42802528790699
  num_samples: 1
  rmse: 114.42802528790699
  std: 0.0
