rot:
  max: 39.03774646741026
  mean: 21.98354494693429
  median: 31.12082001646248
  min: 0.0
  num_samples: 772
  rmse: 26.193305922851003
  std: 14.241243861902687
scale:
  max: 127539.36598834887
  mean: 3193.8131739337155
  median: 367.30700488812215
  min: 0.0014713559760348716
  num_samples: 772
  rmse: 13018.310534311313
  std: 12620.45825545841
trans:
  max: 255.84054187476346
  mean: 143.67610900850283
  median: 226.59572945645266
  min: 0.0
  num_samples: 772
  rmse: 179.35216575247128
  std: 107.35164209400219
