rot:
  max: 26.193305922851003
  mean: 26.193305922851003
  median: 26.193305922851003
  min: 26.193305922851003
  num_samples: 1
  rmse: 26.193305922851003
  std: 0.0
scale:
  max: 13018.310534311313
  mean: 13018.310534311313
  median: 13018.310534311313
  min: 13018.310534311313
  num_samples: 1
  rmse: 13018.310534311313
  std: 0.0
trans:
  max: 179.35216575247128
  mean: 179.35216575247128
  median: 179.35216575247128
  min: 179.35216575247128
  num_samples: 1
  rmse: 179.35216575247128
  std: 0.0
