rot:
  max: 13.778054748647593
  mean: 2.4802056808592123
  median: 1.8057878581715823
  min: 0.0
  num_samples: 792
  rmse: 3.56006399852201
  std: 2.553945076583718
scale:
  max: 95045.45683651343
  mean: 236.39665400044672
  median: 6.2000545181345785
  min: 0.06943595700150684
  num_samples: 792
  rmse: 3824.2065403587367
  std: 3816.893014652092
trans:
  max: 12.816137785648309
  mean: 7.753400156601123
  median: 8.50544859871274
  min: 0.0
  num_samples: 792
  rmse: 8.60966317606617
  std: 3.743138524945009
