rot:
  max: 3.56006399852201
  mean: 3.56006399852201
  median: 3.56006399852201
  min: 3.56006399852201
  num_samples: 1
  rmse: 3.56006399852201
  std: 0.0
scale:
  max: 3824.2065403587367
  mean: 3824.2065403587367
  median: 3824.2065403587367
  min: 3824.2065403587367
  num_samples: 1
  rmse: 3824.2065403587367
  std: 0.0
trans:
  max: 8.60966317606617
  mean: 8.60966317606617
  median: 8.60966317606617
  min: 8.60966317606617
  num_samples: 1
  rmse: 8.60966317606617
  std: 0.0
