rot:
  max: 4.1278412536012725
  mean: 2.020038666962273
  median: 2.224240428065453
  min: 0.0
  num_samples: 772
  rmse: 2.371545190346096
  std: 1.2424453202579921
scale:
  max: 29402.270200688934
  mean: 556.6259186991239
  median: 70.4198104606028
  min: 0.014368158075006576
  num_samples: 772
  rmse: 2546.2353951658824
  std: 2484.649326208412
trans:
  max: 30.960993917188144
  mean: 19.410726616772063
  median: 28.824366621338548
  min: 0.0
  num_samples: 772
  rmse: 23.009406412689614
  std: 12.355422925713983
