rot:
  max: 2.371545190346096
  mean: 2.371545190346096
  median: 2.371545190346096
  min: 2.371545190346096
  num_samples: 1
  rmse: 2.371545190346096
  std: 0.0
scale:
  max: 2546.2353951658824
  mean: 2546.2353951658824
  median: 2546.2353951658824
  min: 2546.2353951658824
  num_samples: 1
  rmse: 2546.2353951658824
  std: 0.0
trans:
  max: 23.009406412689614
  mean: 23.009406412689614
  median: 23.009406412689614
  min: 23.009406412689614
  num_samples: 1
  rmse: 23.009406412689614
  std: 0.0
