rot:
  max: 13.79427376582618
  mean: 13.79427376582618
  median: 13.79427376582618
  min: 13.79427376582618
  num_samples: 1
  rmse: 13.79427376582618
  std: 0.0
scale:
  max: 5971.857675490097
  mean: 5971.857675490097
  median: 5971.857675490097
  min: 5971.857675490097
  num_samples: 1
  rmse: 5971.857675490097
  std: 0.0
trans:
  max: 38.94814759516088
  mean: 38.94814759516088
  median: 38.94814759516088
  min: 38.94814759516088
  num_samples: 1
  rmse: 38.94814759516088
  std: 0.0
