rot:
  max: 65.20462390282124
  mean: 29.820798005703754
  median: 26.47163828796448
  min: 0.0
  num_samples: 2686
  rmse: 35.162771953392635
  std: 18.631707859166074
scale:
  max: 371485.9677008262
  mean: 1269.8432766209926
  median: 15.138863251773504
  min: 0.08814470458611279
  num_samples: 2686
  rmse: 10563.068099811284
  std: 10486.462975382654
trans:
  max: 823.7514545079104
  mean: 470.4793409796996
  median: 523.5927393938814
  min: 0.0
  num_samples: 2686
  rmse: 546.724412744156
  std: 278.4901671545154
