rot:
  max: 35.162771953392635
  mean: 35.162771953392635
  median: 35.162771953392635
  min: 35.162771953392635
  num_samples: 1
  rmse: 35.162771953392635
  std: 0.0
scale:
  max: 10563.068099811284
  mean: 10563.068099811284
  median: 10563.068099811284
  min: 10563.068099811284
  num_samples: 1
  rmse: 10563.068099811284
  std: 0.0
trans:
  max: 546.724412744156
  mean: 546.724412744156
  median: 546.724412744156
  min: 546.724412744156
  num_samples: 1
  rmse: 546.724412744156
  std: 0.0
