rot:
  max: 25.22607336940088
  mean: 15.652057024923547
  median: 16.431616702031228
  min: 0.0
  num_samples: 2686
  rmse: 17.26610041953306
  std: 7.289124404614122
scale:
  max: 141479.60766945133
  mean: 448.743752594145
  median: 9.519254705673196
  min: 0.035080509229157286
  num_samples: 2686
  rmse: 3845.639425755401
  std: 3819.3679630839524
trans:
  max: 414.0180860096564
  mean: 240.12975630798857
  median: 283.30328181699497
  min: 0.0
  num_samples: 2686
  rmse: 269.08183041706116
  std: 121.41965078216157
