rot:
  max: 17.26610041953306
  mean: 17.26610041953306
  median: 17.26610041953306
  min: 17.26610041953306
  num_samples: 1
  rmse: 17.26610041953306
  std: 0.0
scale:
  max: 3845.639425755401
  mean: 3845.639425755401
  median: 3845.639425755401
  min: 3845.639425755401
  num_samples: 1
  rmse: 3845.639425755401
  std: 0.0
trans:
  max: 269.08183041706116
  mean: 269.08183041706116
  median: 269.08183041706116
  min: 269.08183041706116
  num_samples: 1
  rmse: 269.08183041706116
  std: 0.0
