rot:
  max: 11.708944406474021
  mean: 2.538423115610992
  median: 2.0919861858309865
  min: 0.0005860310670338717
  num_samples: 1101
  rmse: 3.1045169232306016
  std: 1.787297796327457
scale:
  max: 331.1596322770945
  mean: 4.512452900636534
  median: 1.055771532724692
  min: 0.004543884208596527
  num_samples: 1101
  rmse: 26.278745188071394
  std: 25.888418597494947
trans:
  max: 59.996127214742856
  mean: 28.99746119567963
  median: 29.706363008770342
  min: 0.0
  num_samples: 1101
  rmse: 34.784138041224985
  std: 19.211546098012228
