rot:
  max: 3.1045169232306016
  mean: 3.1045169232306016
  median: 3.1045169232306016
  min: 3.1045169232306016
  num_samples: 1
  rmse: 3.1045169232306016
  std: 0.0
scale:
  max: 26.278745188071394
  mean: 26.278745188071394
  median: 26.278745188071394
  min: 26.278745188071394
  num_samples: 1
  rmse: 26.278745188071394
  std: 0.0
trans:
  max: 34.784138041224985
  mean: 34.784138041224985
  median: 34.784138041224985
  min: 34.784138041224985
  num_samples: 1
  rmse: 34.784138041224985
  std: 0.0
