rot:
  max: 18.21564149541046
  mean: 18.21564149541046
  median: 18.21564149541046
  min: 18.21564149541046
  num_samples: 1
  rmse: 18.21564149541046
  std: 0.0
scale:
  max: 4415.6459818885705
  mean: 4415.6459818885705
  median: 4415.6459818885705
  min: 4415.6459818885705
  num_samples: 1
  rmse: 4415.6459818885705
  std: 0.0
trans:
  max: 304.7586495666381
  mean: 304.7586495666381
  median: 304.7586495666381
  min: 304.7586495666381
  num_samples: 1
  rmse: 304.7586495666381
  std: 0.0
