rot:
  max: 8.817955012366577
  mean: 8.817955012366577
  median: 8.817955012366577
  min: 8.817955012366577
  num_samples: 1
  rmse: 8.817955012366577
  std: 0.0
scale:
  max: 229.62615696196818
  mean: 229.62615696196818
  median: 229.62615696196818
  min: 229.62615696196818
  num_samples: 1
  rmse: 229.62615696196818
  std: 0.0
trans:
  max: 17.54994927698471
  mean: 17.54994927698471
  median: 17.54994927698471
  min: 17.54994927698471
  num_samples: 1
  rmse: 17.54994927698471
  std: 0.0
