rot:
  max: 6.392564669252651
  mean: 3.462031775909874
  median: 4.476500552599046
  min: 0.00028484216398121505
  num_samples: 535
  rmse: 4.136432616737583
  std: 2.2637161428502584
scale:
  max: 2557282.951710896
  mean: 7998.613598844305
  median: 3.3947044818903427
  min: 0.004931442408762088
  num_samples: 535
  rmse: 126337.50329277178
  std: 126084.04704302404
trans:
  max: 27.271760900887717
  mean: 6.492748958945717
  median: 3.240876520575481
  min: 0.0
  num_samples: 535
  rmse: 10.101429979302553
  std: 7.738417059248078
