rot:
  max: 4.136432616737583
  mean: 4.136432616737583
  median: 4.136432616737583
  min: 4.136432616737583
  num_samples: 1
  rmse: 4.136432616737583
  std: 0.0
scale:
  max: 126337.50329277178
  mean: 126337.50329277178
  median: 126337.50329277178
  min: 126337.50329277178
  num_samples: 1
  rmse: 126337.50329277178
  std: 0.0
trans:
  max: 10.101429979302553
  mean: 10.101429979302553
  median: 10.101429979302553
  min: 10.101429979302553
  num_samples: 1
  rmse: 10.101429979302553
  std: 0.0
