rot:
  max: 20.78172909259584
  mean: 11.55253980076278
  median: 17.21459717988688
  min: 0.0011563767715691445
  num_samples: 535
  rmse: 13.966317024609058
  std: 7.848365140822428
scale:
  max: 3508991.2189298463
  mean: 15051.403069965194
  median: 15.860749122913465
  min: 0.023956998935403817
  num_samples: 535
  rmse: 210040.72013479364
  std: 209500.73837666574
trans:
  max: 78.33599680523488
  mean: 31.6990139105769
  median: 23.27641987150715
  min: 4.0797911805097564e-08
  num_samples: 535
  rmse: 43.005866559194274
  std: 29.063328708258393
