rot:
  max: 13.966317024609058
  mean: 13.966317024609058
  median: 13.966317024609058
  min: 13.966317024609058
  num_samples: 1
  rmse: 13.966317024609058
  std: 0.0
scale:
  max: 210040.72013479364
  mean: 210040.72013479364
  median: 210040.72013479364
  min: 210040.72013479364
  num_samples: 1
  rmse: 210040.72013479364
  std: 0.0
trans:
  max: 43.005866559194274
  mean: 43.005866559194274
  median: 43.005866559194274
  min: 43.005866559194274
  num_samples: 1
  rmse: 43.005866559194274
  std: 0.0
