rot:
  max: 12.105091553748002
  mean: 6.789134522971547
  median: 8.124912818989548
  min: 0.0011563767715691445
  num_samples: 535
  rmse: 7.795574741260831
  std: 3.8312710652706072
scale:
  max: 3375884.4413848952
  mean: 14596.290648354341
  median: 8.484946626920687
  min: 0.009911728748646098
  num_samples: 535
  rmse: 206149.55126700184
  std: 205632.16136318506
trans:
  max: 37.20336413065948
  mean: 15.257437648374754
  median: 15.096314706214484
  min: 4.0797911805097564e-08
  num_samples: 535
  rmse: 19.739243317957857
  std: 12.523910059222743
