rot:
  max: 7.795574741260831
  mean: 7.795574741260831
  median: 7.795574741260831
  min: 7.795574741260831
  num_samples: 1
  rmse: 7.795574741260831
  std: 0.0
scale:
  max: 206149.55126700184
  mean: 206149.55126700184
  median: 206149.55126700184
  min: 206149.55126700184
  num_samples: 1
  rmse: 206149.55126700184
  std: 0.0
trans:
  max: 19.739243317957857
  mean: 19.739243317957857
  median: 19.739243317957857
  min: 19.739243317957857
  num_samples: 1
  rmse: 19.739243317957857
  std: 0.0
