rot:
  max: 123.48756241727365
  mean: 123.48756241727365
  median: 123.48756241727365
  min: 123.48756241727365
  num_samples: 1
  rmse: 123.48756241727365
  std: 0.0
scale:
  max: 23972.146911877524
  mean: 23972.146911877524
  median: 23972.146911877524
  min: 23972.146911877524
  num_samples: 1
  rmse: 23972.146911877524
  std: 0.0
trans:
  max: 303.2525705648077
  mean: 303.2525705648077
  median: 303.2525705648077
  min: 303.2525705648077
  num_samples: 1
  rmse: 303.2525705648077
  std: 0.0
