rot:
  max: 4.7602373055974825
  mean: 2.2187015363516798
  median: 2.2744752231194716
  min: 0.0002660234018699971
  num_samples: 2111
  rmse: 2.5144421006080275
  std: 1.1831240720654803
scale:
  max: 17328474.582918115
  mean: 14594.376178068509
  median: 3.311158870827291
  min: 0.05170418209035077
  num_samples: 2111
  rmse: 455065.66557381774
  std: 454831.5778044822
trans:
  max: 78.29217138867969
  mean: 50.5926274538423
  median: 53.67491516630135
  min: 0.0
  num_samples: 2111
  rmse: 54.831018053934926
  std: 21.13827306445966
