rot:
  max: 2.5144421006080275
  mean: 2.5144421006080275
  median: 2.5144421006080275
  min: 2.5144421006080275
  num_samples: 1
  rmse: 2.5144421006080275
  std: 0.0
scale:
  max: 455065.66557381774
  mean: 455065.66557381774
  median: 455065.66557381774
  min: 455065.66557381774
  num_samples: 1
  rmse: 455065.66557381774
  std: 0.0
trans:
  max: 54.831018053934926
  mean: 54.831018053934926
  median: 54.831018053934926
  min: 54.831018053934926
  num_samples: 1
  rmse: 54.831018053934926
  std: 0.0
