rot:
  max: 6.764252207734723
  mean: 3.536590252410256
  median: 4.558705866853547
  min: 8.549611100075076e-05
  num_samples: 535
  rmse: 4.257267412146484
  std: 2.3699905495763445
scale:
  max: 2557282.951710896
  mean: 8021.609715634831
  median: 4.394120857331285
  min: 0.010944385100031262
  num_samples: 535
  rmse: 126337.58387739207
  std: 126082.6668402406
trans:
  max: 29.239529678269893
  mean: 8.965759094555853
  median: 7.073712786215659
  min: 0.0
  num_samples: 535
  rmse: 12.271211549150065
  std: 8.378412543100449
