rot:
  max: 4.257267412146484
  mean: 4.257267412146484
  median: 4.257267412146484
  min: 4.257267412146484
  num_samples: 1
  rmse: 4.257267412146484
  std: 0.0
scale:
  max: 126337.58387739207
  mean: 126337.58387739207
  median: 126337.58387739207
  min: 126337.58387739207
  num_samples: 1
  rmse: 126337.58387739207
  std: 0.0
trans:
  max: 12.271211549150065
  mean: 12.271211549150065
  median: 12.271211549150065
  min: 12.271211549150065
  num_samples: 1
  rmse: 12.271211549150065
  std: 0.0
