rot:
  max: 41.06303356683909
  mean: 26.508350031755743
  median: 27.84825596213581
  min: 0.0
  num_samples: 2686
  rmse: 28.95903182290551
  std: 11.659026662374929
scale:
  max: 178171.05838385795
  mean: 617.7171411467164
  median: 18.460653850622997
  min: 0.20897102648255172
  num_samples: 2686
  rmse: 5058.200792551593
  std: 5020.340704703525
trans:
  max: 733.1207902147187
  mean: 428.24046946686644
  median: 506.11241800554177
  min: 0.0
  num_samples: 2686
  rmse: 483.0275575508118
  std: 223.44064461127203
