rot:
  max: 28.95903182290551
  mean: 28.95903182290551
  median: 28.95903182290551
  min: 28.95903182290551
  num_samples: 1
  rmse: 28.95903182290551
  std: 0.0
scale:
  max: 5058.200792551593
  mean: 5058.200792551593
  median: 5058.200792551593
  min: 5058.200792551593
  num_samples: 1
  rmse: 5058.200792551593
  std: 0.0
trans:
  max: 483.0275575508118
  mean: 483.0275575508118
  median: 483.0275575508118
  min: 483.0275575508118
  num_samples: 1
  rmse: 483.0275575508118
  std: 0.0
