rot:
  max: 8.957408992330128
  mean: 8.957408992330128
  median: 8.957408992330128
  min: 8.957408992330128
  num_samples: 1
  rmse: 8.957408992330128
  std: 0.0
scale:
  max: 2250.327204455307
  mean: 2250.327204455307
  median: 2250.327204455307
  min: 2250.327204455307
  num_samples: 1
  rmse: 2250.327204455307
  std: 0.0
trans:
  max: 15.922410249541638
  mean: 15.922410249541638
  median: 15.922410249541638
  min: 15.922410249541638
  num_samples: 1
  rmse: 15.922410249541638
  std: 0.0
