rot:
  max: 17.574280221549184
  mean: 8.977132934096291
  median: 7.139662867087728
  min: 0.0007801794054116189
  num_samples: 1101
  rmse: 10.550234241361494
  std: 5.542429686623032
scale:
  max: 1075.418366396347
  mean: 7.27207769850306
  median: 3.7369856764555287
  min: 0.005369328852045108
  num_samples: 1101
  rmse: 43.04475455484843
  std: 42.426027160624876
trans:
  max: 204.264444556024
  mean: 83.54672121807947
  median: 79.6783281217569
  min: 1.2476799491734092e-08
  num_samples: 1101
  rmse: 102.90963975992491
  std: 60.08609930113645
