rot:
  max: 4.57669361006266
  mean: 2.3799232250918134
  median: 2.632575855449352
  min: 9.574279043802868e-05
  num_samples: 2095
  rmse: 2.657534690028908
  std: 1.1825633477220685
scale:
  max: 10959.102430127547
  mean: 54.151008825319394
  median: 3.347136386027616
  min: 0.05535810469614599
  num_samples: 2095
  rmse: 509.8607361239265
  std: 506.9769605061283
trans:
  max: 84.28253128000398
  mean: 48.822687982583226
  median: 49.62817334302093
  min: 0.0
  num_samples: 2095
  rmse: 54.629608898574816
  std: 24.50998381408213
