rot:
  max: 2.657534690028908
  mean: 2.657534690028908
  median: 2.657534690028908
  min: 2.657534690028908
  num_samples: 1
  rmse: 2.657534690028908
  std: 0.0
scale:
  max: 509.8607361239265
  mean: 509.8607361239265
  median: 509.8607361239265
  min: 509.8607361239265
  num_samples: 1
  rmse: 509.8607361239265
  std: 0.0
trans:
  max: 54.629608898574816
  mean: 54.629608898574816
  median: 54.629608898574816
  min: 54.629608898574816
  num_samples: 1
  rmse: 54.629608898574816
  std: 0.0
