rot:
  max: 3.7081256024524363
  mean: 1.610393169872205
  median: 1.2120292038550957
  min: 5.109599479759417e-05
  num_samples: 1330
  rmse: 1.9813575254141989
  std: 1.1543012959987653
scale:
  max: 2176276.0445006993
  mean: 2834.026745404211
  median: 1.3473447373795966
  min: 0.001897501796932488
  num_samples: 1330
  rmse: 68765.52443868786
  std: 68707.10038805386
trans:
  max: 72.50811316364391
  mean: 20.12175684925245
  median: 12.18559086638075
  min: 0.0
  num_samples: 1330
  rmse: 29.041683567519197
  std: 20.941210226142054
