rot:
  max: 1.9813575254141989
  mean: 1.9813575254141989
  median: 1.9813575254141989
  min: 1.9813575254141989
  num_samples: 1
  rmse: 1.9813575254141989
  std: 0.0
scale:
  max: 68765.52443868786
  mean: 68765.52443868786
  median: 68765.52443868786
  min: 68765.52443868786
  num_samples: 1
  rmse: 68765.52443868786
  std: 0.0
trans:
  max: 29.041683567519197
  mean: 29.041683567519197
  median: 29.041683567519197
  min: 29.041683567519197
  num_samples: 1
  rmse: 29.041683567519197
  std: 0.0
