rot:
  max: 14.18196247233488
  mean: 6.293560303446922
  median: 5.649691031225581
  min: 0.0023198233863703107
  num_samples: 2095
  rmse: 6.7660357153333255
  std: 2.4840165072002316
scale:
  max: 39026.28718019038
  mean: 252.19101985578735
  median: 1.2685083096696692
  min: 0.005840272018187154
  num_samples: 2095
  rmse: 2471.939237222087
  std: 2459.041130608069
trans:
  max: 164.77548914073336
  mean: 94.87795746449413
  median: 111.42526422254741
  min: 0.0
  num_samples: 2095
  rmse: 106.28836655486701
  std: 47.910229098465166
