rot:
  max: 6.7660357153333255
  mean: 6.7660357153333255
  median: 6.7660357153333255
  min: 6.7660357153333255
  num_samples: 1
  rmse: 6.7660357153333255
  std: 0.0
scale:
  max: 2471.939237222087
  mean: 2471.939237222087
  median: 2471.939237222087
  min: 2471.939237222087
  num_samples: 1
  rmse: 2471.939237222087
  std: 0.0
trans:
  max: 106.28836655486701
  mean: 106.28836655486701
  median: 106.28836655486701
  min: 106.28836655486701
  num_samples: 1
  rmse: 106.28836655486701
  std: 0.0
