rot:
  max: 17.75297609030097
  mean: 12.691448238706707
  median: 14.53139197799657
  min: 0.0023198233863703107
  num_samples: 2095
  rmse: 13.442513469900675
  std: 4.430384858304022
scale:
  max: 92118.88351305487
  mean: 619.298969054746
  median: 16.1497989535494
  min: 0.004061700872903806
  num_samples: 2095
  rmse: 5843.998596433582
  std: 5811.091840785638
trans:
  max: 571.1047705713848
  mean: 298.4471394323317
  median: 317.71835644209267
  min: 0.0
  num_samples: 2095
  rmse: 354.6230886979911
  std: 191.53809021278676
