rot:
  max: 13.442513469900675
  mean: 13.442513469900675
  median: 13.442513469900675
  min: 13.442513469900675
  num_samples: 1
  rmse: 13.442513469900675
  std: 0.0
scale:
  max: 5843.998596433582
  mean: 5843.998596433582
  median: 5843.998596433582
  min: 5843.998596433582
  num_samples: 1
  rmse: 5843.998596433582
  std: 0.0
trans:
  max: 354.6230886979911
  mean: 354.6230886979911
  median: 354.6230886979911
  min: 354.6230886979911
  num_samples: 1
  rmse: 354.6230886979911
  std: 0.0
