rot:
  max: 9.78582927917505
  mean: 5.623652648880554
  median: 5.7579984782772256
  min: 0.00028484216398121505
  num_samples: 535
  rmse: 6.414684540472121
  std: 3.08588863028314
scale:
  max: 2557282.951710896
  mean: 8199.620280075927
  median: 17.6182411330273
  min: 0.025273781740864365
  num_samples: 535
  rmse: 126340.5233422872
  std: 126074.16097545758
trans:
  max: 43.08781113989096
  mean: 19.683016796599343
  median: 19.75877106403168
  min: 0.0
  num_samples: 535
  rmse: 25.645741614254074
  std: 16.440283231437075
