rot:
  max: 6.414684540472121
  mean: 6.414684540472121
  median: 6.414684540472121
  min: 6.414684540472121
  num_samples: 1
  rmse: 6.414684540472121
  std: 0.0
scale:
  max: 126340.5233422872
  mean: 126340.5233422872
  median: 126340.5233422872
  min: 126340.5233422872
  num_samples: 1
  rmse: 126340.5233422872
  std: 0.0
trans:
  max: 25.645741614254074
  mean: 25.645741614254074
  median: 25.645741614254074
  min: 25.645741614254074
  num_samples: 1
  rmse: 25.645741614254074
  std: 0.0
