rot:
  max: 9.972826093260776
  mean: 3.944598150787332
  median: 3.423408239207217
  min: 0.00016122290739021877
  num_samples: 2095
  rmse: 4.6967215616587525
  std: 2.549380092602001
scale:
  max: 15808.566187541575
  mean: 110.62021136534825
  median: 1.543907995288596
  min: 8.396903369289888e-05
  num_samples: 2095
  rmse: 1037.2952555964596
  std: 1031.3799572031687
trans:
  max: 100.25368597859084
  mean: 56.49388072952383
  median: 50.796334478288884
  min: 0.0
  num_samples: 2095
  rmse: 64.63911297751282
  std: 31.411086683494446
