rot:
  max: 4.6967215616587525
  mean: 4.6967215616587525
  median: 4.6967215616587525
  min: 4.6967215616587525
  num_samples: 1
  rmse: 4.6967215616587525
  std: 0.0
scale:
  max: 1037.2952555964596
  mean: 1037.2952555964596
  median: 1037.2952555964596
  min: 1037.2952555964596
  num_samples: 1
  rmse: 1037.2952555964596
  std: 0.0
trans:
  max: 64.63911297751282
  mean: 64.63911297751282
  median: 64.63911297751282
  min: 64.63911297751282
  num_samples: 1
  rmse: 64.63911297751282
  std: 0.0
