rot:
  max: 82.2917219217198
  mean: 46.66089244543949
  median: 66.09331154190834
  min: 0.0032470340394572346
  num_samples: 788
  rmse: 56.425616441397935
  std: 31.72713833592442
scale:
  max: 127106.41546824777
  mean: 3133.182864881882
  median: 386.8591208900732
  min: 0.013399011434422903
  num_samples: 788
  rmse: 12861.947634268307
  std: 12474.488449706892
trans:
  max: 287.6347196088922
  mean: 147.99594973593346
  median: 228.26089165340733
  min: 0.0
  num_samples: 788
  rmse: 182.61671810992084
  std: 106.98628227486623
