rot:
  max: 56.425616441397935
  mean: 56.425616441397935
  median: 56.425616441397935
  min: 56.425616441397935
  num_samples: 1
  rmse: 56.425616441397935
  std: 0.0
scale:
  max: 12861.947634268307
  mean: 12861.947634268307
  median: 12861.947634268307
  min: 12861.947634268307
  num_samples: 1
  rmse: 12861.947634268307
  std: 0.0
trans:
  max: 182.61671810992084
  mean: 182.61671810992084
  median: 182.61671810992084
  min: 182.61671810992084
  num_samples: 1
  rmse: 182.61671810992084
  std: 0.0
