rot:
  max: 47.402882249505204
  mean: 27.06101915068398
  median: 40.19028873315691
  min: 0.002037169356248867
  num_samples: 772
  rmse: 33.3378062519014
  std: 19.470761880718246
scale:
  max: 157957.6412508112
  mean: 4061.7444138468795
  median: 654.5104843735854
  min: 0.263012437224841
  num_samples: 772
  rmse: 16103.246010012632
  std: 15582.57887435746
trans:
  max: 308.2044107398363
  mean: 170.65197984603768
  median: 267.760667011246
  min: 0.0
  num_samples: 772
  rmse: 214.78697530180773
  std: 130.42755281736643
