rot:
  max: 33.3378062519014
  mean: 33.3378062519014
  median: 33.3378062519014
  min: 33.3378062519014
  num_samples: 1
  rmse: 33.3378062519014
  std: 0.0
scale:
  max: 16103.246010012632
  mean: 16103.246010012632
  median: 16103.246010012632
  min: 16103.246010012632
  num_samples: 1
  rmse: 16103.246010012632
  std: 0.0
trans:
  max: 214.78697530180773
  mean: 214.78697530180773
  median: 214.78697530180773
  min: 214.78697530180773
  num_samples: 1
  rmse: 214.78697530180773
  std: 0.0
