rot:
  max: 20.524525516442367
  mean: 11.343330666859442
  median: 10.505000462061926
  min: 0.00212969360678017
  num_samples: 1330
  rmse: 12.906427468851755
  std: 6.15668087454736
scale:
  max: 24519810.477114342
  mean: 30672.733014677
  median: 4.356204932822482
  min: 0.056360701881674746
  num_samples: 1330
  rmse: 762003.4735068327
  std: 761385.892360693
trans:
  max: 288.52088704182387
  mean: 101.48185008398279
  median: 99.40022062343971
  min: 9.938361130639345e-08
  num_samples: 1330
  rmse: 129.97011224744477
  std: 81.20138041403874
