rot:
  max: 12.906427468851755
  mean: 12.906427468851755
  median: 12.906427468851755
  min: 12.906427468851755
  num_samples: 1
  rmse: 12.906427468851755
  std: 0.0
scale:
  max: 762003.4735068327
  mean: 762003.4735068327
  median: 762003.4735068327
  min: 762003.4735068327
  num_samples: 1
  rmse: 762003.4735068327
  std: 0.0
trans:
  max: 129.97011224744477
  mean: 129.97011224744477
  median: 129.97011224744477
  min: 129.97011224744477
  num_samples: 1
  rmse: 129.97011224744477
  std: 0.0
