rot:
  max: 16.068749491276854
  mean: 8.58034931209628
  median: 11.384586515832227
  min: 0.0011563767715691445
  num_samples: 535
  rmse: 10.242166133449865
  std: 5.592814388802498
scale:
  max: 3375844.9481039
  mean: 14742.17869968594
  median: 9.274072297079394
  min: 0.006491398002084203
  num_samples: 535
  rmse: 206150.36831982943
  std: 205622.57299622498
trans:
  max: 59.75229466016618
  mean: 24.701058314996494
  median: 20.05858795839613
  min: 4.0797911805097564e-08
  num_samples: 535
  rmse: 33.07806453213998
  std: 22.000365254048845
