rot:
  max: 6.916457974740519
  mean: 4.059351849552002
  median: 4.127552360917274
  min: 0.00016122290739021877
  num_samples: 2095
  rmse: 4.254768041298816
  std: 1.2746425564826043
scale:
  max: 10959.102430127547
  mean: 32.76191767799862
  median: 2.250683893494654
  min: 0.0019142067782640382
  num_samples: 2095
  rmse: 381.9595144473594
  std: 380.5518721894856
trans:
  max: 115.66110052382625
  mean: 64.92793031954773
  median: 64.17609890680443
  min: 0.0
  num_samples: 2095
  rmse: 74.51389401361732
  std: 36.560692902248825
