rot:
  max: 4.254768041298816
  mean: 4.254768041298816
  median: 4.254768041298816
  min: 4.254768041298816
  num_samples: 1
  rmse: 4.254768041298816
  std: 0.0
scale:
  max: 381.9595144473594
  mean: 381.9595144473594
  median: 381.9595144473594
  min: 381.9595144473594
  num_samples: 1
  rmse: 381.9595144473594
  std: 0.0
trans:
  max: 74.51389401361732
  mean: 74.51389401361732
  median: 74.51389401361732
  min: 74.51389401361732
  num_samples: 1
  rmse: 74.51389401361732
  std: 0.0
