rot:
  max: 20.03171058772258
  mean: 11.931529023411208
  median: 12.20243499148121
  min: 1.1459155902616465e-14
  num_samples: 2095
  rmse: 13.073668871391819
  std: 5.344102630217301
scale:
  max: 61819.398392404924
  mean: 417.40077867060745
  median: 9.195368555441895
  min: 0.2727525952068266
  num_samples: 2095
  rmse: 3874.5357007500916
  std: 3851.98695303504
trans:
  max: 391.47607971433956
  mean: 204.73786405576058
  median: 205.96877767632904
  min: 0.0
  num_samples: 2095
  rmse: 236.91356764677354
  std: 119.20757340457537
