rot:
  max: 13.073668871391819
  mean: 13.073668871391819
  median: 13.073668871391819
  min: 13.073668871391819
  num_samples: 1
  rmse: 13.073668871391819
  std: 0.0
scale:
  max: 3874.5357007500916
  mean: 3874.5357007500916
  median: 3874.5357007500916
  min: 3874.5357007500916
  num_samples: 1
  rmse: 3874.5357007500916
  std: 0.0
trans:
  max: 236.91356764677354
  mean: 236.91356764677354
  median: 236.91356764677354
  min: 236.91356764677354
  num_samples: 1
  rmse: 236.91356764677354
  std: 0.0
