rot:
  max: 15.564964026134884
  mean: 10.718101286089743
  median: 11.864397064468372
  min: 1.1459155902616465e-14
  num_samples: 2095
  rmse: 11.35921885595399
  std: 3.762201195920027
scale:
  max: 37896.77747626689
  mean: 260.5987751083787
  median: 8.69434288955575
  min: 0.0012063153052022102
  num_samples: 2095
  rmse: 2383.5474912742716
  std: 2369.2587282886366
trans:
  max: 385.12291490417533
  mean: 200.80229286107408
  median: 197.68085690268106
  min: 0.0
  num_samples: 2095
  rmse: 232.95336603365303
  std: 118.09195539131602
