rot:
  max: 11.35921885595399
  mean: 11.35921885595399
  median: 11.35921885595399
  min: 11.35921885595399
  num_samples: 1
  rmse: 11.35921885595399
  std: 0.0
scale:
  max: 2383.5474912742716
  mean: 2383.5474912742716
  median: 2383.5474912742716
  min: 2383.5474912742716
  num_samples: 1
  rmse: 2383.5474912742716
  std: 0.0
trans:
  max: 232.95336603365303
  mean: 232.95336603365303
  median: 232.95336603365303
  min: 232.95336603365303
  num_samples: 1
  rmse: 232.95336603365303
  std: 0.0
