rot:
  max: 177.5077631964525
  mean: 11.406874035011308
  median: 8.783434806279844
  min: 0.006610116470984362
  num_samples: 2592
  rmse: 24.76261363135407
  std: 21.978859356324826
scale:
  max: 1227967.965611622
  mean: 543.6157149718786
  median: 6.358929848254624
  min: 0.0384894183758977
  num_samples: 2592
  rmse: 24120.82342640439
  std: 24114.696861503668
trans:
  max: 205.81328794757178
  mean: 120.7311574079855
  median: 143.42433528105465
  min: 0.001228067965611622
  num_samples: 2592
  rmse: 135.70051663280327
  std: 61.956580323142
