rot:
  max: 24.76261363135407
  mean: 24.76261363135407
  median: 24.76261363135407
  min: 24.76261363135407
  num_samples: 1
  rmse: 24.76261363135407
  std: 0.0
scale:
  max: 24120.82342640439
  mean: 24120.82342640439
  median: 24120.82342640439
  min: 24120.82342640439
  num_samples: 1
  rmse: 24120.82342640439
  std: 0.0
trans:
  max: 135.70051663280327
  mean: 135.70051663280327
  median: 135.70051663280327
  min: 135.70051663280327
  num_samples: 1
  rmse: 135.70051663280327
  std: 0.0
