rot:
  max: 11.003695962196387
  mean: 5.993122986505212
  median: 5.055892033091251
  min: 0.0
  num_samples: 792
  rmse: 6.731004275701744
  std: 3.064130452206305
scale:
  max: 2842.9835719247153
  mean: 69.44952951196821
  median: 5.524367685031223
  min: 0.054898769445133055
  num_samples: 792
  rmse: 241.16734069367422
  std: 230.9511833003351
trans:
  max: 26.303257542591645
  mean: 15.698389716510086
  median: 18.364396914046548
  min: 0.0
  num_samples: 792
  rmse: 17.489303201645356
  std: 7.7094932899414905
