rot:
  max: 6.731004275701744
  mean: 6.731004275701744
  median: 6.731004275701744
  min: 6.731004275701744
  num_samples: 1
  rmse: 6.731004275701744
  std: 0.0
scale:
  max: 241.16734069367422
  mean: 241.16734069367422
  median: 241.16734069367422
  min: 241.16734069367422
  num_samples: 1
  rmse: 241.16734069367422
  std: 0.0
trans:
  max: 17.489303201645356
  mean: 17.489303201645356
  median: 17.489303201645356
  min: 17.489303201645356
  num_samples: 1
  rmse: 17.489303201645356
  std: 0.0
