rot:
  max: 29.958018193615683
  mean: 17.4254631684443
  median: 17.52202868472329
  min: 1.1459155902616465e-14
  num_samples: 2095
  rmse: 19.060286234997537
  std: 7.723195240651868
scale:
  max: 99731.55993048806
  mean: 669.329432395521
  median: 11.781226042168358
  min: 0.024244258525918383
  num_samples: 2095
  rmse: 6330.649390356021
  std: 6295.166384976983
trans:
  max: 516.1206069177302
  mean: 276.06272919398435
  median: 324.95489431280134
  min: 0.0
  num_samples: 2095
  rmse: 319.271792351267
  std: 160.38655473935265
