rot:
  max: 19.060286234997537
  mean: 19.060286234997537
  median: 19.060286234997537
  min: 19.060286234997537
  num_samples: 1
  rmse: 19.060286234997537
  std: 0.0
scale:
  max: 6330.649390356021
  mean: 6330.649390356021
  median: 6330.649390356021
  min: 6330.649390356021
  num_samples: 1
  rmse: 6330.649390356021
  std: 0.0
trans:
  max: 319.271792351267
  mean: 319.271792351267
  median: 319.271792351267
  min: 319.271792351267
  num_samples: 1
  rmse: 319.271792351267
  std: 0.0
