rot:
  max: 44.09981573432137
  mean: 25.344785613436848
  median: 38.932592049560654
  min: 0.0
  num_samples: 772
  rmse: 31.373044340808985
  std: 18.490801859824554
scale:
  max: 243741.48050867606
  mean: 3921.628367620114
  median: 425.5082248048922
  min: 4.565372845322102e-05
  num_samples: 772
  rmse: 16998.454797288614
  std: 16539.90013397123
trans:
  max: 285.7659092947695
  mean: 156.51851013820945
  median: 249.64257684490843
  min: 0.0
  num_samples: 772
  rmse: 197.99345541126894
  std: 121.25743016330733
