rot:
  max: 31.373044340808985
  mean: 31.373044340808985
  median: 31.373044340808985
  min: 31.373044340808985
  num_samples: 1
  rmse: 31.373044340808985
  std: 0.0
scale:
  max: 16998.454797288614
  mean: 16998.454797288614
  median: 16998.454797288614
  min: 16998.454797288614
  num_samples: 1
  rmse: 16998.454797288614
  std: 0.0
trans:
  max: 197.99345541126894
  mean: 197.99345541126894
  median: 197.99345541126894
  min: 197.99345541126894
  num_samples: 1
  rmse: 197.99345541126894
  std: 0.0
