rot:
  max: 120.39927932758509
  mean: 40.82037500241203
  median: 20.19506599931122
  min: 0.0
  num_samples: 772
  rmse: 57.95604926074069
  std: 41.141227869083544
scale:
  max: 121715.2523745194
  mean: 3109.49120880483
  median: 523.5106798396289
  min: 0.023517739580902752
  num_samples: 772
  rmse: 12419.441433817774
  std: 12023.875828966098
trans:
  max: 291.63714295986466
  mean: 160.77961812694483
  median: 220.76882941908866
  min: 0.0
  num_samples: 772
  rmse: 204.64333493124678
  std: 126.6049324739611
