rot:
  max: 57.95604926074069
  mean: 57.95604926074069
  median: 57.95604926074069
  min: 57.95604926074069
  num_samples: 1
  rmse: 57.95604926074069
  std: 0.0
scale:
  max: 12419.441433817774
  mean: 12419.441433817774
  median: 12419.441433817774
  min: 12419.441433817774
  num_samples: 1
  rmse: 12419.441433817774
  std: 0.0
trans:
  max: 204.64333493124678
  mean: 204.64333493124678
  median: 204.64333493124678
  min: 204.64333493124678
  num_samples: 1
  rmse: 204.64333493124678
  std: 0.0
