rot:
  max: 33.0257419428457
  mean: 15.076824178270806
  median: 10.709967302914688
  min: 0.0007801794054116189
  num_samples: 1101
  rmse: 18.614492332813203
  std: 10.917357624712603
scale:
  max: 1075.418366396347
  mean: 9.379936352271905
  median: 4.262741764096711
  min: 0.004404482168096635
  num_samples: 1101
  rmse: 44.06822042798962
  std: 43.05838879611277
trans:
  max: 307.3379535783201
  mean: 129.59449680540675
  median: 117.80539098291366
  min: 1.2476799491734092e-08
  num_samples: 1101
  rmse: 162.80121353849236
  std: 98.53680290814805
