rot:
  max: 9.398687037246987
  mean: 5.489337262461577
  median: 5.0869428130208965
  min: 0.0007801794054116189
  num_samples: 1101
  rmse: 6.088945938028236
  std: 2.6348508601401726
scale:
  max: 1075.418366396347
  mean: 5.735666899322903
  median: 2.9030486947574152
  min: 0.00309108215673648
  num_samples: 1101
  rmse: 42.83888363205531
  std: 42.45317509987667
trans:
  max: 152.36407978406572
  mean: 55.98548725630684
  median: 42.695518891115654
  min: 1.2476799491734092e-08
  num_samples: 1101
  rmse: 73.46229689872736
  std: 47.56400195852609
