rot:
  max: 6.088945938028236
  mean: 6.088945938028236
  median: 6.088945938028236
  min: 6.088945938028236
  num_samples: 1
  rmse: 6.088945938028236
  std: 0.0
scale:
  max: 42.83888363205531
  mean: 42.83888363205531
  median: 42.83888363205531
  min: 42.83888363205531
  num_samples: 1
  rmse: 42.83888363205531
  std: 0.0
trans:
  max: 73.46229689872736
  mean: 73.46229689872736
  median: 73.46229689872736
  min: 73.46229689872736
  num_samples: 1
  rmse: 73.46229689872736
  std: 0.0
