rot:
  max: 93.76564843363347
  mean: 11.98832177253947
  median: 9.87745186949947
  min: 0.03371887288229111
  num_samples: 2592
  rmse: 17.0236913778765
  std: 12.086612809519583
scale:
  max: 1227981.1363360449
  mean: 581.6178734067616
  median: 8.58941955598086
  min: 0.1958077083870413
  num_samples: 2592
  rmse: 24122.975824186473
  std: 24115.963245610135
trans:
  max: 307.8852563463491
  mean: 214.37467572790973
  median: 254.35306296509532
  min: 0.001228081136336045
  num_samples: 2592
  rmse: 230.87277396559338
  std: 85.70727019991672
