rot:
  max: 17.0236913778765
  mean: 17.0236913778765
  median: 17.0236913778765
  min: 17.0236913778765
  num_samples: 1
  rmse: 17.0236913778765
  std: 0.0
scale:
  max: 24122.975824186473
  mean: 24122.975824186473
  median: 24122.975824186473
  min: 24122.975824186473
  num_samples: 1
  rmse: 24122.975824186473
  std: 0.0
trans:
  max: 230.87277396559338
  mean: 230.87277396559338
  median: 230.87277396559338
  min: 230.87277396559338
  num_samples: 1
  rmse: 230.87277396559338
  std: 0.0
