rot:
  max: 93.70903943712888
  mean: 10.86236776581648
  median: 9.362726834651383
  min: 0.006610887093053061
  num_samples: 2592
  rmse: 16.575524289856173
  std: 12.520262457463224
scale:
  max: 1227967.965611622
  mean: 545.3457437020701
  median: 6.594883609946001
  min: 0.00016454314127889447
  num_samples: 2592
  rmse: 24120.882101302923
  std: 24114.716489413306
trans:
  max: 249.6610928687183
  mean: 147.50659600770285
  median: 170.4615399153863
  min: 0.001228067965611622
  num_samples: 2592
  rmse: 162.58660649158585
  std: 68.38281030105549
