rot:
  max: 16.575524289856173
  mean: 16.575524289856173
  median: 16.575524289856173
  min: 16.575524289856173
  num_samples: 1
  rmse: 16.575524289856173
  std: 0.0
scale:
  max: 24120.882101302923
  mean: 24120.882101302923
  median: 24120.882101302923
  min: 24120.882101302923
  num_samples: 1
  rmse: 24120.882101302923
  std: 0.0
trans:
  max: 162.58660649158585
  mean: 162.58660649158585
  median: 162.58660649158585
  min: 162.58660649158585
  num_samples: 1
  rmse: 162.58660649158585
  std: 0.0
