rot:
  max: 14.054619549975857
  mean: 5.24115376406719
  median: 4.97170998950941
  min: 0.0006741862031264913
  num_samples: 1330
  rmse: 5.966340778936233
  std: 2.8508822339412303
scale:
  max: 11823403.664613226
  mean: 17079.666149818557
  median: 3.243123302203932
  min: 0.039676463360271974
  num_samples: 1330
  rmse: 399061.5251454037
  std: 398695.8563310966
trans:
  max: 149.7907855672906
  mean: 57.0818676670746
  median: 64.82332960116398
  min: 0.0
  num_samples: 1330
  rmse: 70.7578749399691
  std: 41.813122935974185
