rot:
  max: 5.966340778936233
  mean: 5.966340778936233
  median: 5.966340778936233
  min: 5.966340778936233
  num_samples: 1
  rmse: 5.966340778936233
  std: 0.0
scale:
  max: 399061.5251454037
  mean: 399061.5251454037
  median: 399061.5251454037
  min: 399061.5251454037
  num_samples: 1
  rmse: 399061.5251454037
  std: 0.0
trans:
  max: 70.7578749399691
  mean: 70.7578749399691
  median: 70.7578749399691
  min: 70.7578749399691
  num_samples: 1
  rmse: 70.7578749399691
  std: 0.0
