rot:
  max: 19.754112410224803
  mean: 9.652864829311483
  median: 6.910859580229721
  min: 0.0007801794054116189
  num_samples: 1101
  rmse: 11.615418144539222
  std: 6.460660899593196
scale:
  max: 1075.418366396347
  mean: 7.0605266219543275
  median: 3.2390343097708163
  min: 0.0004631611965066895
  num_samples: 1101
  rmse: 43.04523095586706
  std: 42.46222876704201
trans:
  max: 209.19610125889673
  mean: 85.73346141267183
  median: 79.87206879673803
  min: 1.2476799491734092e-08
  num_samples: 1101
  rmse: 106.31953664963763
  std: 62.87779789079406
