rot:
  max: 11.615418144539222
  mean: 11.615418144539222
  median: 11.615418144539222
  min: 11.615418144539222
  num_samples: 1
  rmse: 11.615418144539222
  std: 0.0
scale:
  max: 43.04523095586706
  mean: 43.04523095586706
  median: 43.04523095586706
  min: 43.04523095586706
  num_samples: 1
  rmse: 43.04523095586706
  std: 0.0
trans:
  max: 106.31953664963763
  mean: 106.31953664963763
  median: 106.31953664963763
  min: 106.31953664963763
  num_samples: 1
  rmse: 106.31953664963763
  std: 0.0
