rot:
  max: 17.54652469436345
  mean: 11.6449269589406
  median: 12.965299177067386
  min: 1.1459155902616465e-14
  num_samples: 2095
  rmse: 12.427638904547532
  std: 4.340724002140863
scale:
  max: 41910.15621326477
  mean: 287.661881448107
  median: 9.810011232777205
  min: 0.006449907136119037
  num_samples: 2095
  rmse: 2633.325537686208
  std: 2617.5664326607057
trans:
  max: 417.3274384031325
  mean: 214.90864279625683
  median: 212.66453096176403
  min: 0.0
  num_samples: 2095
  rmse: 250.75337864234956
  std: 129.19571259149595
