rot:
  max: 12.427638904547532
  mean: 12.427638904547532
  median: 12.427638904547532
  min: 12.427638904547532
  num_samples: 1
  rmse: 12.427638904547532
  std: 0.0
scale:
  max: 2633.325537686208
  mean: 2633.325537686208
  median: 2633.325537686208
  min: 2633.325537686208
  num_samples: 1
  rmse: 2633.325537686208
  std: 0.0
trans:
  max: 250.75337864234956
  mean: 250.75337864234956
  median: 250.75337864234956
  min: 250.75337864234956
  num_samples: 1
  rmse: 250.75337864234956
  std: 0.0
