rot:
  max: 3.726581159167259
  mean: 1.3648577631279946
  median: 0.6105646696435458
  min: 5.109599479759417e-05
  num_samples: 1330
  rmse: 1.882813723976716
  std: 1.2969775655825029
scale:
  max: 2176276.0445006993
  mean: 2825.626441095636
  median: 1.6172971918823054
  min: 0.018343832226319634
  num_samples: 1330
  rmse: 68765.48540165908
  std: 68707.40729893078
trans:
  max: 37.957999129648826
  mean: 13.842605910077658
  median: 12.218911716504756
  min: 0.0
  num_samples: 1330
  rmse: 16.821281679416664
  std: 9.55708004343177
