rot:
  max: 3.563937975101995
  mean: 0.8547244847566019
  median: 0.37784774157333745
  min: 0.0003022831184233364
  num_samples: 1101
  rmse: 1.3401166435031275
  std: 1.0321621352053418
scale:
  max: 13823.080277924504
  mean: 35.893408373469946
  median: 1.7329914455679996
  min: 0.0027727521345499717
  num_samples: 1101
  rmse: 604.3735250971306
  std: 603.3067387935157
trans:
  max: 30.83548767532047
  mean: 14.17362596995196
  median: 13.96336674608024
  min: 0.0
  num_samples: 1101
  rmse: 16.86269701580131
  std: 9.13558304163547
