rot:
  max: 1.3401166435031275
  mean: 1.3401166435031275
  median: 1.3401166435031275
  min: 1.3401166435031275
  num_samples: 1
  rmse: 1.3401166435031275
  std: 0.0
scale:
  max: 604.3735250971306
  mean: 604.3735250971306
  median: 604.3735250971306
  min: 604.3735250971306
  num_samples: 1
  rmse: 604.3735250971306
  std: 0.0
trans:
  max: 16.86269701580131
  mean: 16.86269701580131
  median: 16.86269701580131
  min: 16.86269701580131
  num_samples: 1
  rmse: 16.86269701580131
  std: 0.0
