rot:
  max: 13.848940134582849
  mean: 3.4880049005517226
  median: 3.2746135109449575
  min: 0.0005860310670338717
  num_samples: 1101
  rmse: 3.9301872568945715
  std: 1.8111304999871336
scale:
  max: 331.15703572743234
  mean: 5.324686807325524
  median: 1.8948545337820422
  min: 0.07996162398479223
  num_samples: 1101
  rmse: 26.330048819560936
  std: 25.78602686038227
trans:
  max: 102.03050311130359
  mean: 52.196360595983215
  median: 55.977586695061966
  min: 0.0
  num_samples: 1101
  rmse: 61.68541708753321
  std: 32.872946655221305
