rot:
  max: 3.9301872568945715
  mean: 3.9301872568945715
  median: 3.9301872568945715
  min: 3.9301872568945715
  num_samples: 1
  rmse: 3.9301872568945715
  std: 0.0
scale:
  max: 26.330048819560936
  mean: 26.330048819560936
  median: 26.330048819560936
  min: 26.330048819560936
  num_samples: 1
  rmse: 26.330048819560936
  std: 0.0
trans:
  max: 61.68541708753321
  mean: 61.68541708753321
  median: 61.68541708753321
  min: 61.68541708753321
  num_samples: 1
  rmse: 61.68541708753321
  std: 0.0
