rot:
  max: 6.169667593117734
  mean: 3.109114140202791
  median: 4.180592905051837
  min: 0.00024820228020695794
  num_samples: 535
  rmse: 3.787064489078962
  std: 2.1622365059433153
scale:
  max: 2557283.399747455
  mean: 8011.246918625585
  median: 6.115128642470302
  min: 0.01286280704559939
  num_samples: 535
  rmse: 126337.56051134545
  std: 126083.30229957768
trans:
  max: 23.814454912319928
  mean: 6.38625229107167
  median: 5.525949367356945
  min: 0.0
  num_samples: 535
  rmse: 8.7263773236739
  std: 5.946885140131084
