rot:
  max: 3.787064489078962
  mean: 3.787064489078962
  median: 3.787064489078962
  min: 3.787064489078962
  num_samples: 1
  rmse: 3.787064489078962
  std: 0.0
scale:
  max: 126337.56051134545
  mean: 126337.56051134545
  median: 126337.56051134545
  min: 126337.56051134545
  num_samples: 1
  rmse: 126337.56051134545
  std: 0.0
trans:
  max: 8.7263773236739
  mean: 8.7263773236739
  median: 8.7263773236739
  min: 8.7263773236739
  num_samples: 1
  rmse: 8.7263773236739
  std: 0.0
