rot:
  max: 12.10889315978876
  mean: 2.4638675894119735
  median: 1.9281751623476926
  min: 0.0012266839666905157
  num_samples: 1082
  rmse: 3.074180471010032
  std: 1.8384618761847349
scale:
  max: 3489150.176007629
  mean: 3226.342234943239
  median: 1.3032914249839544
  min: 0.018415923969716808
  num_samples: 1082
  rmse: 106073.28825956602
  std: 106024.21043318365
trans:
  max: 63.347787097434406
  mean: 31.78025355493826
  median: 34.3010546122067
  min: 0.0
  num_samples: 1082
  rmse: 37.59017599278701
  std: 20.075776825630815
