rot:
  max: 3.074180471010032
  mean: 3.074180471010032
  median: 3.074180471010032
  min: 3.074180471010032
  num_samples: 1
  rmse: 3.074180471010032
  std: 0.0
scale:
  max: 106073.28825956602
  mean: 106073.28825956602
  median: 106073.28825956602
  min: 106073.28825956602
  num_samples: 1
  rmse: 106073.28825956602
  std: 0.0
trans:
  max: 37.59017599278701
  mean: 37.59017599278701
  median: 37.59017599278701
  min: 37.59017599278701
  num_samples: 1
  rmse: 37.59017599278701
  std: 0.0
