rot:
  max: 93.78027725255359
  mean: 10.745642834917325
  median: 9.231339511818803
  min: 0.006610887093053061
  num_samples: 2592
  rmse: 16.516127294580087
  std: 12.542472677871906
scale:
  max: 1227967.965611622
  mean: 545.1995778269049
  median: 6.799219074721863
  min: 0.14369642574793007
  num_samples: 2592
  rmse: 24120.861704891897
  std: 24114.699392836275
trans:
  max: 249.70087207929907
  mean: 147.7311757890787
  median: 171.48288131670938
  min: 0.001228067965611622
  num_samples: 2592
  rmse: 162.8964191217925
  std: 68.63485311908961
