rot:
  max: 16.516127294580087
  mean: 16.516127294580087
  median: 16.516127294580087
  min: 16.516127294580087
  num_samples: 1
  rmse: 16.516127294580087
  std: 0.0
scale:
  max: 24120.861704891897
  mean: 24120.861704891897
  median: 24120.861704891897
  min: 24120.861704891897
  num_samples: 1
  rmse: 24120.861704891897
  std: 0.0
trans:
  max: 162.8964191217925
  mean: 162.8964191217925
  median: 162.8964191217925
  min: 162.8964191217925
  num_samples: 1
  rmse: 162.8964191217925
  std: 0.0
