rot:
  max: 6.231415660421445
  mean: 3.155882322423554
  median: 3.2853287013940835
  min: 0.00028484216398121505
  num_samples: 535
  rmse: 3.8821143113426504
  std: 2.260800365655034
scale:
  max: 2557282.951710896
  mean: 8103.535491660551
  median: 12.677355175952943
  min: 0.004773855103890057
  num_samples: 535
  rmse: 126338.45111797513
  std: 126078.29687707707
trans:
  max: 25.914008660034575
  mean: 14.814811795631858
  median: 21.51244740888229
  min: 0.0
  num_samples: 535
  rmse: 18.006708076769485
  std: 10.235374307860098
