rot:
  max: 3.8821143113426504
  mean: 3.8821143113426504
  median: 3.8821143113426504
  min: 3.8821143113426504
  num_samples: 1
  rmse: 3.8821143113426504
  std: 0.0
scale:
  max: 126338.45111797513
  mean: 126338.45111797513
  median: 126338.45111797513
  min: 126338.45111797513
  num_samples: 1
  rmse: 126338.45111797513
  std: 0.0
trans:
  max: 18.006708076769485
  mean: 18.006708076769485
  median: 18.006708076769485
  min: 18.006708076769485
  num_samples: 1
  rmse: 18.006708076769485
  std: 0.0
