rot:
  max: 11.78704591183536
  mean: 6.331349917523093
  median: 5.246016186728699
  min: 0.0
  num_samples: 792
  rmse: 7.116223632154435
  std: 3.2487916222364235
scale:
  max: 3456.7328224166467
  mean: 81.58656628074246
  median: 6.084004823900225
  min: 0.008834574403659978
  num_samples: 792
  rmse: 281.7219073500518
  std: 269.6495230544071
trans:
  max: 29.841475141155097
  mean: 15.632243964263047
  median: 16.98801114792566
  min: 0.0
  num_samples: 792
  rmse: 17.621302712789046
  std: 8.132850541938424
