rot:
  max: 7.116223632154435
  mean: 7.116223632154435
  median: 7.116223632154435
  min: 7.116223632154435
  num_samples: 1
  rmse: 7.116223632154435
  std: 0.0
scale:
  max: 281.7219073500518
  mean: 281.7219073500518
  median: 281.7219073500518
  min: 281.7219073500518
  num_samples: 1
  rmse: 281.7219073500518
  std: 0.0
trans:
  max: 17.621302712789046
  mean: 17.621302712789046
  median: 17.621302712789046
  min: 17.621302712789046
  num_samples: 1
  rmse: 17.621302712789046
  std: 0.0
