rot:
  max: 13.243067133975453
  mean: 7.384875342290546
  median: 9.918628087307907
  min: 0.0006785081735415092
  num_samples: 535
  rmse: 8.826401934390521
  std: 4.834148041407278
scale:
  max: 3152900.0099882293
  mean: 13646.436847314662
  median: 8.530710831579501
  min: 0.023451693222620307
  num_samples: 535
  rmse: 192945.75132689817
  std: 192462.56185677636
trans:
  max: 42.47372007490546
  mean: 17.98969941513527
  median: 19.641189182248812
  min: 3.8474106316268337e-08
  num_samples: 535
  rmse: 22.893897225065306
  std: 14.159846224621743
