rot:
  max: 8.826401934390521
  mean: 8.826401934390521
  median: 8.826401934390521
  min: 8.826401934390521
  num_samples: 1
  rmse: 8.826401934390521
  std: 0.0
scale:
  max: 192945.75132689817
  mean: 192945.75132689817
  median: 192945.75132689817
  min: 192945.75132689817
  num_samples: 1
  rmse: 192945.75132689817
  std: 0.0
trans:
  max: 22.893897225065306
  mean: 22.893897225065306
  median: 22.893897225065306
  min: 22.893897225065306
  num_samples: 1
  rmse: 22.893897225065306
  std: 0.0
