rot:
  max: 2.655659802365044
  mean: 1.0932365576599217
  median: 1.1734036051792969
  min: 5.109599479759417e-05
  num_samples: 1330
  rmse: 1.3373283156941327
  std: 0.7702472674104016
scale:
  max: 2176276.0445006993
  mean: 2827.4517248572633
  median: 1.1463640902134364
  min: 0.004537150741046325
  num_samples: 1330
  rmse: 68765.4896305542
  std: 68707.3364414126
trans:
  max: 45.4926604666469
  mean: 16.660111357656124
  median: 18.07786497791948
  min: 0.0
  num_samples: 1330
  rmse: 20.5965085527306
  std: 12.110196287145893
