rot:
  max: 1.3373283156941327
  mean: 1.3373283156941327
  median: 1.3373283156941327
  min: 1.3373283156941327
  num_samples: 1
  rmse: 1.3373283156941327
  std: 0.0
scale:
  max: 68765.4896305542
  mean: 68765.4896305542
  median: 68765.4896305542
  min: 68765.4896305542
  num_samples: 1
  rmse: 68765.4896305542
  std: 0.0
trans:
  max: 20.5965085527306
  mean: 20.5965085527306
  median: 20.5965085527306
  min: 20.5965085527306
  num_samples: 1
  rmse: 20.5965085527306
  std: 0.0
