rot:
  max: 0.5720953936148137
  mean: 0.5720953936148137
  median: 0.5720953936148137
  min: 0.5720953936148137
  num_samples: 1
  rmse: 0.5720953936148137
  std: 0.0
scale:
  max: 126337.51545492912
  mean: 126337.51545492912
  median: 126337.51545492912
  min: 126337.51545492912
  num_samples: 1
  rmse: 126337.51545492912
  std: 0.0
trans:
  max: 2.853374443853172
  mean: 2.853374443853172
  median: 2.853374443853172
  min: 2.853374443853172
  num_samples: 1
  rmse: 2.853374443853172
  std: 0.0
