rot:
  max: 9.903913937094673
  mean: 3.9018654650738096
  median: 3.395156686179911
  min: 0.00016122290739021877
  num_samples: 2095
  rmse: 4.649946432185272
  std: 2.529317638150038
scale:
  max: 10959.102430127547
  mean: 76.40248708620238
  median: 1.8565916591775755
  min: 0.0010660588587008135
  num_samples: 2095
  rmse: 704.5576366420211
  std: 700.4028293186949
trans:
  max: 105.85949405418141
  mean: 56.426034465312846
  median: 46.49047890954545
  min: 0.0
  num_samples: 2095
  rmse: 65.05778156180895
  std: 32.382365204897766
