rot:
  max: 4.649946432185272
  mean: 4.649946432185272
  median: 4.649946432185272
  min: 4.649946432185272
  num_samples: 1
  rmse: 4.649946432185272
  std: 0.0
scale:
  max: 704.5576366420211
  mean: 704.5576366420211
  median: 704.5576366420211
  min: 704.5576366420211
  num_samples: 1
  rmse: 704.5576366420211
  std: 0.0
trans:
  max: 65.05778156180895
  mean: 65.05778156180895
  median: 65.05778156180895
  min: 65.05778156180895
  num_samples: 1
  rmse: 65.05778156180895
  std: 0.0
