rot:
  max: 8.358568495895824
  mean: 1.4499351899966906
  median: 1.0737169199576175
  min: 0.00016959842872136632
  num_samples: 773
  rmse: 2.12371725084648
  std: 1.5517290054491453
scale:
  max: 4989.99017532911
  mean: 31.260739312435668
  median: 3.0838338745850846
  min: 0.011055958139483124
  num_samples: 773
  rmse: 299.3734712698679
  std: 297.73686617181005
trans:
  max: 9.367634655055166
  mean: 4.097580013560412
  median: 3.652420583806148
  min: 0.0
  num_samples: 773
  rmse: 4.778657698805092
  std: 2.458741026383102
