rot:
  max: 2.12371725084648
  mean: 2.12371725084648
  median: 2.12371725084648
  min: 2.12371725084648
  num_samples: 1
  rmse: 2.12371725084648
  std: 0.0
scale:
  max: 299.3734712698679
  mean: 299.3734712698679
  median: 299.3734712698679
  min: 299.3734712698679
  num_samples: 1
  rmse: 299.3734712698679
  std: 0.0
trans:
  max: 4.778657698805092
  mean: 4.778657698805092
  median: 4.778657698805092
  min: 4.778657698805092
  num_samples: 1
  rmse: 4.778657698805092
  std: 0.0
