rot:
  max: 25.869632425775087
  mean: 14.894938841173646
  median: 21.751383644808094
  min: 0.00014039785329892146
  num_samples: 772
  rmse: 17.98466135590845
  std: 10.079128980442873
scale:
  max: 167392.53006278645
  mean: 2843.621357731492
  median: 405.9267721818736
  min: 0.20380430633446522
  num_samples: 772
  rmse: 11920.567018856469
  std: 11576.43017622021
trans:
  max: 188.53092312332157
  mean: 106.49385650687707
  median: 166.25407168864257
  min: 0.0
  num_samples: 772
  rmse: 132.92733257957386
  std: 79.5533423120193
