rot:
  max: 17.98466135590845
  mean: 17.98466135590845
  median: 17.98466135590845
  min: 17.98466135590845
  num_samples: 1
  rmse: 17.98466135590845
  std: 0.0
scale:
  max: 11920.567018856469
  mean: 11920.567018856469
  median: 11920.567018856469
  min: 11920.567018856469
  num_samples: 1
  rmse: 11920.567018856469
  std: 0.0
trans:
  max: 132.92733257957386
  mean: 132.92733257957386
  median: 132.92733257957386
  min: 132.92733257957386
  num_samples: 1
  rmse: 132.92733257957386
  std: 0.0
