rot:
  max: 28.980225969601424
  mean: 17.341588680039543
  median: 17.13564579522219
  min: 0.0
  num_samples: 2686
  rmse: 18.910378355167193
  std: 7.541333541748447
scale:
  max: 170113.72491037918
  mean: 581.5332154260085
  median: 9.561078740430684
  min: 0.47192805536375726
  num_samples: 2686
  rmse: 4827.752797198808
  std: 4792.600149210991
trans:
  max: 459.63395368869766
  mean: 281.79711185379153
  median: 350.8198365836322
  min: 0.0
  num_samples: 2686
  rmse: 314.20765983638495
  std: 138.98503966513482
