rot:
  max: 18.910378355167193
  mean: 18.910378355167193
  median: 18.910378355167193
  min: 18.910378355167193
  num_samples: 1
  rmse: 18.910378355167193
  std: 0.0
scale:
  max: 4827.752797198808
  mean: 4827.752797198808
  median: 4827.752797198808
  min: 4827.752797198808
  num_samples: 1
  rmse: 4827.752797198808
  std: 0.0
trans:
  max: 314.20765983638495
  mean: 314.20765983638495
  median: 314.20765983638495
  min: 314.20765983638495
  num_samples: 1
  rmse: 314.20765983638495
  std: 0.0
