rot:
  max: 13.158236041590385
  mean: 7.837067195055018
  median: 10.27411960875884
  min: 0.002037169356248867
  num_samples: 772
  rmse: 8.783207071910548
  std: 3.965489156239359
scale:
  max: 13709.028207835152
  mean: 362.2548855337003
  median: 14.013976189070693
  min: 0.12041287880696361
  num_samples: 772
  rmse: 1404.343251968375
  std: 1356.816629930543
trans:
  max: 32.11783780401711
  mean: 19.017610301994893
  median: 24.81549625386782
  min: 0.0
  num_samples: 772
  rmse: 21.525088831703446
  std: 10.082655781795882
