rot:
  max: 8.783207071910548
  mean: 8.783207071910548
  median: 8.783207071910548
  min: 8.783207071910548
  num_samples: 1
  rmse: 8.783207071910548
  std: 0.0
scale:
  max: 1404.343251968375
  mean: 1404.343251968375
  median: 1404.343251968375
  min: 1404.343251968375
  num_samples: 1
  rmse: 1404.343251968375
  std: 0.0
trans:
  max: 21.525088831703446
  mean: 21.525088831703446
  median: 21.525088831703446
  min: 21.525088831703446
  num_samples: 1
  rmse: 21.525088831703446
  std: 0.0
