rot:
  max: 24.054176719838797
  mean: 13.276812650117046
  median: 18.48058552366327
  min: 0.0
  num_samples: 772
  rmse: 15.703372270854418
  std: 8.385830103855634
scale:
  max: 69430.40911373997
  mean: 1703.5074193776322
  median: 115.04505417151285
  min: 0.03299128465389378
  num_samples: 772
  rmse: 7084.6577600171095
  std: 6876.804348583432
trans:
  max: 142.4727168627114
  mean: 79.21625489491693
  median: 124.87172359686687
  min: 0.0
  num_samples: 772
  rmse: 98.72194906373089
  std: 58.913565393425515
