rot:
  max: 15.703372270854418
  mean: 15.703372270854418
  median: 15.703372270854418
  min: 15.703372270854418
  num_samples: 1
  rmse: 15.703372270854418
  std: 0.0
scale:
  max: 7084.6577600171095
  mean: 7084.6577600171095
  median: 7084.6577600171095
  min: 7084.6577600171095
  num_samples: 1
  rmse: 7084.6577600171095
  std: 0.0
trans:
  max: 98.72194906373089
  mean: 98.72194906373089
  median: 98.72194906373089
  min: 98.72194906373089
  num_samples: 1
  rmse: 98.72194906373089
  std: 0.0
