rot:
  max: 145.09054298962366
  mean: 70.5460800460968
  median: 131.63476445841084
  min: 0.0011563767715691445
  num_samples: 535
  rmse: 96.5797010908722
  std: 65.96127085594942
scale:
  max: 3375844.9481039
  mean: 18871.07073453598
  median: 122.03923553403659
  min: 0.00239249802446162
  num_samples: 535
  rmse: 206798.27753669515
  std: 205935.45173543124
trans:
  max: 777.4254302511245
  mean: 333.9505641298804
  median: 307.3955614281109
  min: 4.0797911805097564e-08
  num_samples: 535
  rmse: 472.6662647303283
  std: 334.5002519153841
