rot:
  max: 96.5797010908722
  mean: 96.5797010908722
  median: 96.5797010908722
  min: 96.5797010908722
  num_samples: 1
  rmse: 96.5797010908722
  std: 0.0
scale:
  max: 206798.27753669515
  mean: 206798.27753669515
  median: 206798.27753669515
  min: 206798.27753669515
  num_samples: 1
  rmse: 206798.27753669515
  std: 0.0
trans:
  max: 472.6662647303283
  mean: 472.6662647303283
  median: 472.6662647303283
  min: 472.6662647303283
  num_samples: 1
  rmse: 472.6662647303283
  std: 0.0
