rot:
  max: 13.146916510740594
  mean: 2.504826240995565
  median: 2.256659232650561
  min: 0.0006741862031264913
  num_samples: 1330
  rmse: 3.0740400535807058
  std: 1.7820122764556077
scale:
  max: 11823396.453366015
  mean: 17072.21899266113
  median: 1.631877421189698
  min: 0.009674104862567035
  num_samples: 1330
  rmse: 399061.35159951675
  std: 398696.0015840386
trans:
  max: 65.9145414359782
  mean: 29.876530471243722
  median: 34.30256012100323
  min: 0.0
  num_samples: 1330
  rmse: 35.08622256761235
  std: 18.39662852440294
