rot:
  max: 3.0740400535807058
  mean: 3.0740400535807058
  median: 3.0740400535807058
  min: 3.0740400535807058
  num_samples: 1
  rmse: 3.0740400535807058
  std: 0.0
scale:
  max: 399061.35159951675
  mean: 399061.35159951675
  median: 399061.35159951675
  min: 399061.35159951675
  num_samples: 1
  rmse: 399061.35159951675
  std: 0.0
trans:
  max: 35.08622256761235
  mean: 35.08622256761235
  median: 35.08622256761235
  min: 35.08622256761235
  num_samples: 1
  rmse: 35.08622256761235
  std: 0.0
