rot:
  max: 13.804385052411698
  mean: 3.237714773265631
  median: 3.1018144943910553
  min: 0.0005860310670338717
  num_samples: 1101
  rmse: 3.700039932918454
  std: 1.7909490646494333
scale:
  max: 331.15703572743234
  mean: 5.387663253486224
  median: 1.9076066751168463
  min: 0.07996162398479223
  num_samples: 1101
  rmse: 26.334166107624654
  std: 25.777148586509743
trans:
  max: 99.63482136753784
  mean: 52.06837192408837
  median: 58.98396329712775
  min: 0.0
  num_samples: 1101
  rmse: 61.3768094528104
  std: 32.49611336423792
