rot:
  max: 9.77820844762856
  mean: 2.6404372400703195
  median: 2.4871080522102744
  min: 0.0
  num_samples: 792
  rmse: 3.040873449576786
  std: 1.5083111474728457
scale:
  max: 2227.577992163233
  mean: 52.125565331314924
  median: 2.3851928084307694
  min: 0.025588416128841107
  num_samples: 792
  rmse: 196.96213318756412
  std: 189.93948338533139
trans:
  max: 15.766739533593231
  mean: 9.992019989973036
  median: 10.462526887583724
  min: 0.0
  num_samples: 792
  rmse: 11.138233969971102
  std: 4.921360837186956
