rot:
  max: 3.040873449576786
  mean: 3.040873449576786
  median: 3.040873449576786
  min: 3.040873449576786
  num_samples: 1
  rmse: 3.040873449576786
  std: 0.0
scale:
  max: 196.96213318756412
  mean: 196.96213318756412
  median: 196.96213318756412
  min: 196.96213318756412
  num_samples: 1
  rmse: 196.96213318756412
  std: 0.0
trans:
  max: 11.138233969971102
  mean: 11.138233969971102
  median: 11.138233969971102
  min: 11.138233969971102
  num_samples: 1
  rmse: 11.138233969971102
  std: 0.0
