rot:
  max: 39.43107568908005
  mean: 21.92222230655525
  median: 19.87585184987908
  min: 0.005397198463737775
  num_samples: 1345
  rmse: 25.086909726904796
  std: 12.197098375754862
scale:
  max: 8202.264971958308
  mean: 81.4820441955111
  median: 11.17500598358967
  min: 0.09963142664605185
  num_samples: 1345
  rmse: 434.5019993718655
  std: 426.79346753654676
trans:
  max: 541.3417323097494
  mean: 199.5823493469657
  median: 196.8158826425696
  min: 1.3649380589281557e-07
  num_samples: 1345
  rmse: 257.5460414944317
  std: 162.77852843233734
