rot:
  max: 25.086909726904796
  mean: 25.086909726904796
  median: 25.086909726904796
  min: 25.086909726904796
  num_samples: 1
  rmse: 25.086909726904796
  std: 0.0
scale:
  max: 434.5019993718655
  mean: 434.5019993718655
  median: 434.5019993718655
  min: 434.5019993718655
  num_samples: 1
  rmse: 434.5019993718655
  std: 0.0
trans:
  max: 257.5460414944317
  mean: 257.5460414944317
  median: 257.5460414944317
  min: 257.5460414944317
  num_samples: 1
  rmse: 257.5460414944317
  std: 0.0
