rot:
  max: 14.032540041752977
  mean: 3.7593101371835083
  median: 3.4034901393330212
  min: 0.0005860310670338717
  num_samples: 1101
  rmse: 4.211860585914694
  std: 1.8993043167567918
scale:
  max: 331.15703572743234
  mean: 5.176917013168988
  median: 1.814831021957919
  min: 0.002135077076492742
  num_samples: 1101
  rmse: 26.321583276945677
  std: 25.80746551763555
trans:
  max: 107.95450851583661
  mean: 57.348741824868306
  median: 70.09997745022444
  min: 0.0
  num_samples: 1101
  rmse: 67.50057532270594
  std: 35.60125671940387
