rot:
  max: 4.211860585914694
  mean: 4.211860585914694
  median: 4.211860585914694
  min: 4.211860585914694
  num_samples: 1
  rmse: 4.211860585914694
  std: 0.0
scale:
  max: 26.321583276945677
  mean: 26.321583276945677
  median: 26.321583276945677
  min: 26.321583276945677
  num_samples: 1
  rmse: 26.321583276945677
  std: 0.0
trans:
  max: 67.50057532270594
  mean: 67.50057532270594
  median: 67.50057532270594
  min: 67.50057532270594
  num_samples: 1
  rmse: 67.50057532270594
  std: 0.0
