rot:
  max: 26.74330486859087
  mean: 15.97137135116716
  median: 15.924113584967989
  min: 0.0
  num_samples: 2686
  rmse: 17.725707928489303
  std: 7.688694214834227
scale:
  max: 148106.1913843104
  mean: 469.19615901089253
  median: 8.744498961634083
  min: 0.10017199660338205
  num_samples: 2686
  rmse: 4026.6879433340346
  std: 3999.2587759935095
trans:
  max: 409.3492312258524
  mean: 240.38072331903743
  median: 286.5948077199255
  min: 0.0
  num_samples: 2686
  rmse: 268.23759549866804
  std: 119.03157352368089
