rot:
  max: 17.725707928489303
  mean: 17.725707928489303
  median: 17.725707928489303
  min: 17.725707928489303
  num_samples: 1
  rmse: 17.725707928489303
  std: 0.0
scale:
  max: 4026.6879433340346
  mean: 4026.6879433340346
  median: 4026.6879433340346
  min: 4026.6879433340346
  num_samples: 1
  rmse: 4026.6879433340346
  std: 0.0
trans:
  max: 268.23759549866804
  mean: 268.23759549866804
  median: 268.23759549866804
  min: 268.23759549866804
  num_samples: 1
  rmse: 268.23759549866804
  std: 0.0
