rot:
  max: 15.950086359666372
  mean: 8.605952141805004
  median: 7.387721805426267
  min: 0.00042243057245074247
  num_samples: 1330
  rmse: 10.185851468069716
  std: 5.448775813202438
scale:
  max: 23085730.07557089
  mean: 28516.744107547984
  median: 4.650228883790309
  min: 0.023575125210417713
  num_samples: 1330
  rmse: 711844.8670036361
  std: 711273.4424853278
trans:
  max: 228.57875688132415
  mean: 70.74947840814058
  median: 47.05940363500446
  min: 9.678172040897828e-08
  num_samples: 1330
  rmse: 96.92475553951114
  std: 66.24892105815798
