rot:
  max: 10.185851468069716
  mean: 10.185851468069716
  median: 10.185851468069716
  min: 10.185851468069716
  num_samples: 1
  rmse: 10.185851468069716
  std: 0.0
scale:
  max: 711844.8670036361
  mean: 711844.8670036361
  median: 711844.8670036361
  min: 711844.8670036361
  num_samples: 1
  rmse: 711844.8670036361
  std: 0.0
trans:
  max: 96.92475553951114
  mean: 96.92475553951114
  median: 96.92475553951114
  min: 96.92475553951114
  num_samples: 1
  rmse: 96.92475553951114
  std: 0.0
