rot:
  max: 178.27842641568404
  mean: 11.877099952589221
  median: 8.210906767787975
  min: 0.03371887288229111
  num_samples: 2592
  rmse: 26.74865653522603
  std: 23.967167608119556
scale:
  max: 1227981.1363360449
  mean: 614.3007402695844
  median: 9.379141152363946
  min: 0.1958077083870413
  num_samples: 2592
  rmse: 24125.6327503379
  std: 24117.810642856475
trans:
  max: 345.65676734009384
  mean: 237.32510770890795
  median: 276.89794465569685
  min: 0.001228081136336045
  num_samples: 2592
  rmse: 259.6771210166393
  std: 105.39924302596093
