rot:
  max: 26.74865653522603
  mean: 26.74865653522603
  median: 26.74865653522603
  min: 26.74865653522603
  num_samples: 1
  rmse: 26.74865653522603
  std: 0.0
scale:
  max: 24125.6327503379
  mean: 24125.6327503379
  median: 24125.6327503379
  min: 24125.6327503379
  num_samples: 1
  rmse: 24125.6327503379
  std: 0.0
trans:
  max: 259.6771210166393
  mean: 259.6771210166393
  median: 259.6771210166393
  min: 259.6771210166393
  num_samples: 1
  rmse: 259.6771210166393
  std: 0.0
