rot:
  max: 27.094406158076854
  mean: 16.282023686833465
  median: 16.2482324902316
  min: 0.0
  num_samples: 2686
  rmse: 18.022164539411087
  std: 7.7261969523822245
scale:
  max: 161489.95374671405
  mean: 510.62379355779547
  median: 9.018853432402697
  min: 0.47032605180705733
  num_samples: 2686
  rmse: 4391.328155255464
  std: 4361.539442512471
trans:
  max: 412.09030255002625
  mean: 245.6712898416225
  median: 301.34207477212726
  min: 0.0
  num_samples: 2686
  rmse: 273.29612916998775
  std: 119.73467153190059
