rot:
  max: 18.022164539411087
  mean: 18.022164539411087
  median: 18.022164539411087
  min: 18.022164539411087
  num_samples: 1
  rmse: 18.022164539411087
  std: 0.0
scale:
  max: 4391.328155255464
  mean: 4391.328155255464
  median: 4391.328155255464
  min: 4391.328155255464
  num_samples: 1
  rmse: 4391.328155255464
  std: 0.0
trans:
  max: 273.29612916998775
  mean: 273.29612916998775
  median: 273.29612916998775
  min: 273.29612916998775
  num_samples: 1
  rmse: 273.29612916998775
  std: 0.0
