rot:
  max: 9.760387686307855
  mean: 2.7709090093409734
  median: 2.610079977669897
  min: 0.0
  num_samples: 792
  rmse: 3.223222581700093
  std: 1.6465804180587216
scale:
  max: 2717.1664010801574
  mean: 62.39666530838618
  median: 4.8580114389841995
  min: 0.059815830693121796
  num_samples: 792
  rmse: 234.15316971969693
  std: 225.68642637113652
trans:
  max: 19.129388832006292
  mean: 12.516461807386458
  median: 13.044482426524166
  min: 0.0
  num_samples: 792
  rmse: 14.033303020056989
  std: 6.346004843756164
