rot:
  max: 3.223222581700093
  mean: 3.223222581700093
  median: 3.223222581700093
  min: 3.223222581700093
  num_samples: 1
  rmse: 3.223222581700093
  std: 0.0
scale:
  max: 234.15316971969693
  mean: 234.15316971969693
  median: 234.15316971969693
  min: 234.15316971969693
  num_samples: 1
  rmse: 234.15316971969693
  std: 0.0
trans:
  max: 14.033303020056989
  mean: 14.033303020056989
  median: 14.033303020056989
  min: 14.033303020056989
  num_samples: 1
  rmse: 14.033303020056989
  std: 0.0
