rot:
  max: 43.27914464060682
  mean: 22.525133254775206
  median: 20.9951334761219
  min: 0.0
  num_samples: 2686
  rmse: 25.680670094111907
  std: 12.333498625176631
scale:
  max: 252016.47415853664
  mean: 798.5408234822731
  median: 11.831780830510597
  min: 0.09104658821311729
  num_samples: 2686
  rmse: 6863.084135646422
  std: 6816.469497195291
trans:
  max: 552.4431252158848
  mean: 329.3574560658938
  median: 389.3182872759791
  min: 0.0
  num_samples: 2686
  rmse: 371.74327723923477
  std: 172.3854121043001
