rot:
  max: 25.680670094111907
  mean: 25.680670094111907
  median: 25.680670094111907
  min: 25.680670094111907
  num_samples: 1
  rmse: 25.680670094111907
  std: 0.0
scale:
  max: 6863.084135646422
  mean: 6863.084135646422
  median: 6863.084135646422
  min: 6863.084135646422
  num_samples: 1
  rmse: 6863.084135646422
  std: 0.0
trans:
  max: 371.74327723923477
  mean: 371.74327723923477
  median: 371.74327723923477
  min: 371.74327723923477
  num_samples: 1
  rmse: 371.74327723923477
  std: 0.0
