rot:
  max: 4.862923481088686
  mean: 2.631267798533604
  median: 2.879438129074274
  min: 0.00016122290739021877
  num_samples: 2095
  rmse: 2.915768390934587
  std: 1.2562384654090926
scale:
  max: 10959.102430127547
  mean: 67.94195253399914
  median: 2.7763530289845573
  min: 0.11648945602051874
  num_samples: 2095
  rmse: 623.7234124093837
  std: 620.0119242994233
trans:
  max: 85.42658765729149
  mean: 51.495797087526
  median: 51.74017894934354
  min: 0.0
  num_samples: 2095
  rmse: 56.95580265958072
  std: 24.33405718160149
