rot:
  max: 2.915768390934587
  mean: 2.915768390934587
  median: 2.915768390934587
  min: 2.915768390934587
  num_samples: 1
  rmse: 2.915768390934587
  std: 0.0
scale:
  max: 623.7234124093837
  mean: 623.7234124093837
  median: 623.7234124093837
  min: 623.7234124093837
  num_samples: 1
  rmse: 623.7234124093837
  std: 0.0
trans:
  max: 56.95580265958072
  mean: 56.95580265958072
  median: 56.95580265958072
  min: 56.95580265958072
  num_samples: 1
  rmse: 56.95580265958072
  std: 0.0
