rot:
  max: 25.62196308124311
  mean: 14.715751090788107
  median: 21.245427789605582
  min: 0.0
  num_samples: 772
  rmse: 17.734669423669786
  std: 9.897735569352044
scale:
  max: 155202.5393270839
  mean: 2501.901363978255
  median: 202.30493062674987
  min: 0.04054322566044988
  num_samples: 772
  rmse: 10885.427613039874
  std: 10594.008867452147
trans:
  max: 180.66279575881808
  mean: 101.08768864985818
  median: 160.72122771651686
  min: 0.0
  num_samples: 772
  rmse: 126.91101764037195
  std: 76.73125570420531
