rot:
  max: 17.734669423669786
  mean: 17.734669423669786
  median: 17.734669423669786
  min: 17.734669423669786
  num_samples: 1
  rmse: 17.734669423669786
  std: 0.0
scale:
  max: 10885.427613039874
  mean: 10885.427613039874
  median: 10885.427613039874
  min: 10885.427613039874
  num_samples: 1
  rmse: 10885.427613039874
  std: 0.0
trans:
  max: 126.91101764037195
  mean: 126.91101764037195
  median: 126.91101764037195
  min: 126.91101764037195
  num_samples: 1
  rmse: 126.91101764037195
  std: 0.0
