rot:
  max: 1.0679375404149103
  mean: 0.4851968052050488
  median: 0.49336525827366473
  min: 0.00028484216398121505
  num_samples: 535
  rmse: 0.5720953936148137
  std: 0.3031125197251053
scale:
  max: 2557282.951710896
  mean: 8001.3199196782325
  median: 3.660179013061504
  min: 0.013053504847548858
  num_samples: 535
  rmse: 126337.51545492912
  std: 126083.88751488992
trans:
  max: 4.8955648016533635
  mean: 2.356123442213043
  median: 2.6157216343986263
  min: 0.0
  num_samples: 535
  rmse: 2.853374443853172
  std: 1.6094806745930696
