rot:
  max: 6.000216759899733
  mean: 3.1155961589378953
  median: 3.233084408065241
  min: 0.00016122290760794272
  num_samples: 2095
  rmse: 3.3951430502267375
  std: 1.3490948468934074
scale:
  max: 11235.236014223476
  mean: 82.21728594052477
  median: 2.0459880282620135
  min: 0.0023420298210119483
  num_samples: 2095
  rmse: 771.3676778458835
  std: 766.9735408199715
trans:
  max: 80.71561949597722
  mean: 48.33022305024849
  median: 51.44402005140132
  min: 0.0
  num_samples: 2095
  rmse: 54.76128450179663
  std: 25.748549865962183
