rot:
  max: 3.3951430502267375
  mean: 3.3951430502267375
  median: 3.3951430502267375
  min: 3.3951430502267375
  num_samples: 1
  rmse: 3.3951430502267375
  std: 0.0
scale:
  max: 771.3676778458835
  mean: 771.3676778458835
  median: 771.3676778458835
  min: 771.3676778458835
  num_samples: 1
  rmse: 771.3676778458835
  std: 0.0
trans:
  max: 54.76128450179663
  mean: 54.76128450179663
  median: 54.76128450179663
  min: 54.76128450179663
  num_samples: 1
  rmse: 54.76128450179663
  std: 0.0
