rot:
  max: 28.96055626676063
  mean: 16.173673597531327
  median: 16.359884568697844
  min: 0.0
  num_samples: 2686
  rmse: 17.890087831084756
  std: 7.646406016191198
scale:
  max: 157188.3043982075
  mean: 497.64890026184577
  median: 9.170129174157417
  min: 0.09669932391582758
  num_samples: 2686
  rmse: 4273.763207480911
  std: 4244.690510000192
trans:
  max: 413.41263492896115
  mean: 245.62911277327495
  median: 297.6017700416459
  min: 0.0
  num_samples: 2686
  rmse: 273.42682153289223
  std: 120.11896474659554
