rot:
  max: 114.2015954213527
  mean: 55.41683735074556
  median: 102.19867821659821
  min: 0.0011563767715691445
  num_samples: 535
  rmse: 75.26449612833177
  std: 50.92856286498452
scale:
  max: 3375844.9481039
  mean: 18180.037130509514
  median: 89.26035868240605
  min: 0.00239249802446162
  num_samples: 535
  rmse: 206610.9491768385
  std: 205809.5492674901
trans:
  max: 657.89450677797
  mean: 282.5664450211082
  median: 254.89957103834215
  min: 4.0797911805097564e-08
  num_samples: 535
  rmse: 399.2090797022792
  std: 282.00016571781254
