rot:
  max: 75.26449612833177
  mean: 75.26449612833177
  median: 75.26449612833177
  min: 75.26449612833177
  num_samples: 1
  rmse: 75.26449612833177
  std: 0.0
scale:
  max: 206610.9491768385
  mean: 206610.9491768385
  median: 206610.9491768385
  min: 206610.9491768385
  num_samples: 1
  rmse: 206610.9491768385
  std: 0.0
trans:
  max: 399.2090797022792
  mean: 399.2090797022792
  median: 399.2090797022792
  min: 399.2090797022792
  num_samples: 1
  rmse: 399.2090797022792
  std: 0.0
