rot:
  max: 4.472855311023239
  mean: 1.7359792252696715
  median: 0.7723537153813441
  min: 5.109599479759417e-05
  num_samples: 1330
  rmse: 2.3429934977004705
  std: 1.5735293641043993
scale:
  max: 2177593.1645375923
  mean: 2829.3984805547407
  median: 2.917554597644123
  min: 0.07027397091030618
  num_samples: 1330
  rmse: 68801.3187404891
  std: 68743.1157620064
trans:
  max: 67.02762449471325
  mean: 22.1338689629524
  median: 17.935796187035187
  min: 0.0
  num_samples: 1330
  rmse: 27.708818105608476
  std: 16.66944646773097
