rot:
  max: 2.3429934977004705
  mean: 2.3429934977004705
  median: 2.3429934977004705
  min: 2.3429934977004705
  num_samples: 1
  rmse: 2.3429934977004705
  std: 0.0
scale:
  max: 68801.3187404891
  mean: 68801.3187404891
  median: 68801.3187404891
  min: 68801.3187404891
  num_samples: 1
  rmse: 68801.3187404891
  std: 0.0
trans:
  max: 27.708818105608476
  mean: 27.708818105608476
  median: 27.708818105608476
  min: 27.708818105608476
  num_samples: 1
  rmse: 27.708818105608476
  std: 0.0
