rot:
  max: 10.622609389139798
  mean: 5.008415154614206
  median: 4.73743540252712
  min: 0.0011563767715691445
  num_samples: 535
  rmse: 5.670705976378177
  std: 2.6594518062115626
scale:
  max: 3375844.9481039
  mean: 14575.24926860847
  median: 5.903446043591454
  min: 0.00239249802446162
  num_samples: 535
  rmse: 206147.8262155064
  std: 205631.92447219024
trans:
  max: 25.2938325811567
  mean: 13.612198296545406
  median: 18.803365621697655
  min: 4.0797911805097564e-08
  num_samples: 535
  rmse: 16.546498607564253
  std: 9.407160767503235
