rot:
  max: 5.670705976378177
  mean: 5.670705976378177
  median: 5.670705976378177
  min: 5.670705976378177
  num_samples: 1
  rmse: 5.670705976378177
  std: 0.0
scale:
  max: 206147.8262155064
  mean: 206147.8262155064
  median: 206147.8262155064
  min: 206147.8262155064
  num_samples: 1
  rmse: 206147.8262155064
  std: 0.0
trans:
  max: 16.546498607564253
  mean: 16.546498607564253
  median: 16.546498607564253
  min: 16.546498607564253
  num_samples: 1
  rmse: 16.546498607564253
  std: 0.0
