rot:
  max: 25.90461509917422
  mean: 15.32457033788619
  median: 14.549002691585445
  min: 0.0
  num_samples: 2405
  rmse: 17.023201513925084
  std: 7.412619897369622
scale:
  max: 100.0
  mean: 13.84533780235183
  median: 8.787841550400511
  min: 0.0013863152649729038
  num_samples: 2405
  rmse: 20.861557473999692
  std: 15.604845445558245
trans:
  max: 423.75303487654315
  mean: 244.1472452113553
  median: 295.5728980997762
  min: 0.0
  num_samples: 2405
  rmse: 276.0630583130053
  std: 128.8523760775722
