rot:
  max: 17.023201513925084
  mean: 17.023201513925084
  median: 17.023201513925084
  min: 17.023201513925084
  num_samples: 1
  rmse: 17.023201513925084
  std: 0.0
scale:
  max: 20.861557473999692
  mean: 20.861557473999692
  median: 20.861557473999692
  min: 20.861557473999692
  num_samples: 1
  rmse: 20.861557473999692
  std: 0.0
trans:
  max: 276.0630583130053
  mean: 276.0630583130053
  median: 276.0630583130053
  min: 276.0630583130053
  num_samples: 1
  rmse: 276.0630583130053
  std: 0.0
