rot:
  max: 10.392383000660763
  mean: 5.747910261847998
  median: 5.020899610777831
  min: 0.0
  num_samples: 792
  rmse: 6.544896510194769
  std: 3.130047595628883
scale:
  max: 80473.5457920929
  mean: 242.57759346747133
  median: 6.071900375922656
  min: 0.010045109367928795
  num_samples: 792
  rmse: 3216.3728013637683
  std: 3207.212201975439
trans:
  max: 27.509257571562514
  mean: 14.557230759084696
  median: 17.0116888094598
  min: 0.0
  num_samples: 792
  rmse: 16.355377726672675
  std: 7.455562568237151
