rot:
  max: 6.544896510194769
  mean: 6.544896510194769
  median: 6.544896510194769
  min: 6.544896510194769
  num_samples: 1
  rmse: 6.544896510194769
  std: 0.0
scale:
  max: 3216.3728013637683
  mean: 3216.3728013637683
  median: 3216.3728013637683
  min: 3216.3728013637683
  num_samples: 1
  rmse: 3216.3728013637683
  std: 0.0
trans:
  max: 16.355377726672675
  mean: 16.355377726672675
  median: 16.355377726672675
  min: 16.355377726672675
  num_samples: 1
  rmse: 16.355377726672675
  std: 0.0
