rot:
  max: 9.165463431187302
  mean: 4.560101946298443
  median: 4.324205746662294
  min: 0.0
  num_samples: 772
  rmse: 5.039050935698561
  std: 2.144179230365244
scale:
  max: 73383.78938746956
  mean: 1195.6513383952579
  median: 4.627157012794669
  min: 0.034601406231227205
  num_samples: 772
  rmse: 5317.532744228449
  std: 5181.367808111616
trans:
  max: 82.61350613533985
  mean: 49.791639278040684
  median: 77.17391047902561
  min: 0.0
  num_samples: 772
  rmse: 60.94912000500408
  std: 35.15093010703793
