rot:
  max: 6.83490968806865
  mean: 2.598433539765192
  median: 2.7163675768759603
  min: 0.00016122290739021877
  num_samples: 2095
  rmse: 2.9484850443998747
  std: 1.3934515407695613
scale:
  max: 10959.102430127547
  mean: 64.82569632970053
  median: 2.4045915444219412
  min: 0.020655087309917608
  num_samples: 2095
  rmse: 607.8347388812134
  std: 604.3680161012513
trans:
  max: 72.62362800982172
  mean: 45.80024295436752
  median: 49.63398603484525
  min: 0.0
  num_samples: 2095
  rmse: 50.654320933234885
  std: 21.63788285688013
