rot:
  max: 11.059971705237144
  mean: 3.7878288985704716
  median: 4.387402731465107
  min: 0.00260916829651933
  num_samples: 535
  rmse: 4.347781120443004
  std: 2.1343741252261834
scale:
  max: 2562392.305604331
  mean: 8236.41353014004
  median: 5.5846303374046835
  min: 0.006256643716318067
  num_samples: 535
  rmse: 127007.48403680758
  std: 126740.13765780932
trans:
  max: 26.586457118400837
  mean: 13.786637792590707
  median: 19.409773542109768
  min: 0.0
  num_samples: 535
  rmse: 16.71236878911426
  std: 9.44626322517376
