rot:
  max: 4.347781120443004
  mean: 4.347781120443004
  median: 4.347781120443004
  min: 4.347781120443004
  num_samples: 1
  rmse: 4.347781120443004
  std: 0.0
scale:
  max: 127007.48403680758
  mean: 127007.48403680758
  median: 127007.48403680758
  min: 127007.48403680758
  num_samples: 1
  rmse: 127007.48403680758
  std: 0.0
trans:
  max: 16.71236878911426
  mean: 16.71236878911426
  median: 16.71236878911426
  min: 16.71236878911426
  num_samples: 1
  rmse: 16.71236878911426
  std: 0.0
