rot:
  max: 19.451724896192065
  mean: 10.858680196692543
  median: 10.289051059647402
  min: 0.00212969360678017
  num_samples: 1330
  rmse: 12.424419316091573
  std: 6.03781912018128
scale:
  max: 24538392.18286648
  mean: 30688.057600655873
  median: 5.021803885989007
  min: 0.03211998797393312
  num_samples: 1330
  rmse: 762505.2750084907
  std: 761887.4835147725
trans:
  max: 266.7240745646302
  mean: 89.74623219532208
  median: 66.49320196449283
  min: 9.938361130639345e-08
  num_samples: 1330
  rmse: 117.4637884619039
  std: 75.78492862414164
