rot:
  max: 12.424419316091573
  mean: 12.424419316091573
  median: 12.424419316091573
  min: 12.424419316091573
  num_samples: 1
  rmse: 12.424419316091573
  std: 0.0
scale:
  max: 762505.2750084907
  mean: 762505.2750084907
  median: 762505.2750084907
  min: 762505.2750084907
  num_samples: 1
  rmse: 762505.2750084907
  std: 0.0
trans:
  max: 117.4637884619039
  mean: 117.4637884619039
  median: 117.4637884619039
  min: 117.4637884619039
  num_samples: 1
  rmse: 117.4637884619039
  std: 0.0
