rot:
  max: 38.172017906897544
  mean: 21.23824956769827
  median: 30.06836793526368
  min: 0.0
  num_samples: 772
  rmse: 25.42851272872555
  std: 13.983776846586252
scale:
  max: 219135.90603870456
  mean: 3526.8702917458495
  median: 363.7504114361619
  min: 0.013752857834559151
  num_samples: 772
  rmse: 15296.338664380339
  std: 14884.19169725442
trans:
  max: 254.6316925792611
  mean: 143.48384373204684
  median: 225.90118697364557
  min: 0.0
  num_samples: 772
  rmse: 178.78204805696137
  std: 106.65555445132343
