rot:
  max: 25.42851272872555
  mean: 25.42851272872555
  median: 25.42851272872555
  min: 25.42851272872555
  num_samples: 1
  rmse: 25.42851272872555
  std: 0.0
scale:
  max: 15296.338664380339
  mean: 15296.338664380339
  median: 15296.338664380339
  min: 15296.338664380339
  num_samples: 1
  rmse: 15296.338664380339
  std: 0.0
trans:
  max: 178.78204805696137
  mean: 178.78204805696137
  median: 178.78204805696137
  min: 178.78204805696137
  num_samples: 1
  rmse: 178.78204805696137
  std: 0.0
