rot:
  max: 10.12822543938153
  mean: 4.611642010212524
  median: 4.579361079371238
  min: 0.0023198233863703107
  num_samples: 2095
  rmse: 4.7699345453647455
  std: 1.2186195208952535
scale:
  max: 30472.578497751085
  mean: 200.23131059364516
  median: 2.8816215991289695
  min: 0.11144497197890235
  num_samples: 2095
  rmse: 1930.5669745446226
  std: 1920.155271185205
trans:
  max: 164.96706651549286
  mean: 93.7808046192057
  median: 101.97328990680568
  min: 0.0
  num_samples: 2095
  rmse: 105.84071678055652
  std: 49.06544622844415
