rot:
  max: 5.668156417138481
  mean: 5.668156417138481
  median: 5.668156417138481
  min: 5.668156417138481
  num_samples: 1
  rmse: 5.668156417138481
  std: 0.0
scale:
  max: 2048.459687537931
  mean: 2048.459687537931
  median: 2048.459687537931
  min: 2048.459687537931
  num_samples: 1
  rmse: 2048.459687537931
  std: 0.0
trans:
  max: 104.89933048318858
  mean: 104.89933048318858
  median: 104.89933048318858
  min: 104.89933048318858
  num_samples: 1
  rmse: 104.89933048318858
  std: 0.0
