rot:
  max: 16.845550178750123
  mean: 9.077175230688379
  median: 13.520396148935989
  min: 0.0011563767715691445
  num_samples: 535
  rmse: 10.865232063289033
  std: 5.9714451869293255
scale:
  max: 3375844.9481039
  mean: 14724.332155226592
  median: 13.940888585680389
  min: 0.035648776424346273
  num_samples: 535
  rmse: 206149.95532465586
  std: 205623.43767902572
trans:
  max: 59.97378345226156
  mean: 24.828049846008728
  median: 21.723026810727646
  min: 4.0797911805097564e-08
  num_samples: 535
  rmse: 32.7592910147452
  std: 21.37145499569161
