rot:
  max: 10.865232063289033
  mean: 10.865232063289033
  median: 10.865232063289033
  min: 10.865232063289033
  num_samples: 1
  rmse: 10.865232063289033
  std: 0.0
scale:
  max: 206149.95532465586
  mean: 206149.95532465586
  median: 206149.95532465586
  min: 206149.95532465586
  num_samples: 1
  rmse: 206149.95532465586
  std: 0.0
trans:
  max: 32.7592910147452
  mean: 32.7592910147452
  median: 32.7592910147452
  min: 32.7592910147452
  num_samples: 1
  rmse: 32.7592910147452
  std: 0.0
