rot:
  max: 14.570577411205939
  mean: 2.253253631141752
  median: 1.2272981894799493
  min: 0.0
  num_samples: 792
  rmse: 4.025768648340115
  std: 3.3361146988232737
scale:
  max: 95045.45683651343
  mean: 234.2077027725569
  median: 2.5526761186696834
  min: 0.01075680388453737
  num_samples: 792
  rmse: 3824.143692262491
  std: 3816.964989495318
trans:
  max: 10.642672340912236
  mean: 5.540876682075115
  median: 6.362857177971149
  min: 0.0
  num_samples: 792
  rmse: 6.1649740393909855
  std: 2.702885587737866
