rot:
  max: 4.025768648340115
  mean: 4.025768648340115
  median: 4.025768648340115
  min: 4.025768648340115
  num_samples: 1
  rmse: 4.025768648340115
  std: 0.0
scale:
  max: 3824.143692262491
  mean: 3824.143692262491
  median: 3824.143692262491
  min: 3824.143692262491
  num_samples: 1
  rmse: 3824.143692262491
  std: 0.0
trans:
  max: 6.1649740393909855
  mean: 6.1649740393909855
  median: 6.1649740393909855
  min: 6.1649740393909855
  num_samples: 1
  rmse: 6.1649740393909855
  std: 0.0
