rot:
  max: 6.436176993572825
  mean: 1.8726537140307071
  median: 1.2896297426693812
  min: 0.0004746431245258161
  num_samples: 1101
  rmse: 2.6385993708222704
  std: 1.858863821540104
scale:
  max: 13823.080277924504
  mean: 36.79197019453327
  median: 2.54250741498121
  min: 0.034944189788388424
  num_samples: 1101
  rmse: 604.3768043334209
  std: 603.2558930880682
trans:
  max: 59.91792402579456
  mean: 25.949376451795366
  median: 24.17560375937368
  min: 0.0
  num_samples: 1101
  rmse: 31.808997338528517
  std: 18.396797912830436
