rot:
  max: 2.6385993708222704
  mean: 2.6385993708222704
  median: 2.6385993708222704
  min: 2.6385993708222704
  num_samples: 1
  rmse: 2.6385993708222704
  std: 0.0
scale:
  max: 604.3768043334209
  mean: 604.3768043334209
  median: 604.3768043334209
  min: 604.3768043334209
  num_samples: 1
  rmse: 604.3768043334209
  std: 0.0
trans:
  max: 31.808997338528517
  mean: 31.808997338528517
  median: 31.808997338528517
  min: 31.808997338528517
  num_samples: 1
  rmse: 31.808997338528517
  std: 0.0
