rot:
  max: 7.872893778902437
  mean: 3.828497916983161
  median: 4.008640956361273
  min: 0.0010292157793350173
  num_samples: 753
  rmse: 4.157752357884508
  std: 1.6215758906538342
scale:
  max: 75535.70001216215
  mean: 1202.137043600469
  median: 5.927979472226141
  min: 0.011528112805780921
  num_samples: 753
  rmse: 5370.964474911396
  std: 5234.703995372018
trans:
  max: 82.7417998829653
  mean: 52.02666642610842
  median: 78.56381451468336
  min: 0.0
  num_samples: 753
  rmse: 62.55892474173317
  std: 34.73967537885577
