rot:
  max: 4.157752357884508
  mean: 4.157752357884508
  median: 4.157752357884508
  min: 4.157752357884508
  num_samples: 1
  rmse: 4.157752357884508
  std: 0.0
scale:
  max: 5370.964474911396
  mean: 5370.964474911396
  median: 5370.964474911396
  min: 5370.964474911396
  num_samples: 1
  rmse: 5370.964474911396
  std: 0.0
trans:
  max: 62.55892474173317
  mean: 62.55892474173317
  median: 62.55892474173317
  min: 62.55892474173317
  num_samples: 1
  rmse: 62.55892474173317
  std: 0.0
