rot:
  max: 1.275025014398032
  mean: 1.275025014398032
  median: 1.275025014398032
  min: 1.275025014398032
  num_samples: 1
  rmse: 1.275025014398032
  std: 0.0
scale:
  max: 604.3764860938934
  mean: 604.3764860938934
  median: 604.3764860938934
  min: 604.3764860938934
  num_samples: 1
  rmse: 604.3764860938934
  std: 0.0
trans:
  max: 23.72775415933549
  mean: 23.72775415933549
  median: 23.72775415933549
  min: 23.72775415933549
  num_samples: 1
  rmse: 23.72775415933549
  std: 0.0
