rot:
  max: 6.508552214329482
  mean: 3.3374098759873534
  median: 3.043942471714101
  min: 0.0
  num_samples: 792
  rmse: 3.808428197454234
  std: 1.8346173047332202
scale:
  max: 80473.5457920929
  mean: 206.45885804134278
  median: 4.815481110583237
  min: 0.005908005767873981
  num_samples: 792
  rmse: 3209.0466052356737
  std: 3202.3982972938993
trans:
  max: 16.819859591818894
  mean: 8.656185716425403
  median: 7.995805953992062
  min: 0.0
  num_samples: 792
  rmse: 9.890628331666054
  std: 4.7848696573582945
