rot:
  max: 3.808428197454234
  mean: 3.808428197454234
  median: 3.808428197454234
  min: 3.808428197454234
  num_samples: 1
  rmse: 3.808428197454234
  std: 0.0
scale:
  max: 3209.0466052356737
  mean: 3209.0466052356737
  median: 3209.0466052356737
  min: 3209.0466052356737
  num_samples: 1
  rmse: 3209.0466052356737
  std: 0.0
trans:
  max: 9.890628331666054
  mean: 9.890628331666054
  median: 9.890628331666054
  min: 9.890628331666054
  num_samples: 1
  rmse: 9.890628331666054
  std: 0.0
