rot:
  max: 9.82972337223163
  mean: 1.9923086902416534
  median: 1.7738336727964554
  min: 0.0
  num_samples: 792
  rmse: 2.2374322102582767
  std: 1.0182381736552721
scale:
  max: 2523.2568322315883
  mean: 60.90615810194137
  median: 8.82876497318451
  min: 0.007011768567355414
  num_samples: 792
  rmse: 218.86035941906792
  std: 210.2148825138337
trans:
  max: 17.77044184758579
  mean: 10.517917319007156
  median: 9.137926853091184
  min: 0.0
  num_samples: 792
  rmse: 12.041768550406577
  std: 5.863241858570244
