rot:
  max: 2.2374322102582767
  mean: 2.2374322102582767
  median: 2.2374322102582767
  min: 2.2374322102582767
  num_samples: 1
  rmse: 2.2374322102582767
  std: 0.0
scale:
  max: 218.86035941906792
  mean: 218.86035941906792
  median: 218.86035941906792
  min: 218.86035941906792
  num_samples: 1
  rmse: 218.86035941906792
  std: 0.0
trans:
  max: 12.041768550406577
  mean: 12.041768550406577
  median: 12.041768550406577
  min: 12.041768550406577
  num_samples: 1
  rmse: 12.041768550406577
  std: 0.0
