rot:
  max: 3.100555615689291
  mean: 3.100555615689291
  median: 3.100555615689291
  min: 3.100555615689291
  num_samples: 1
  rmse: 3.100555615689291
  std: 0.0
scale:
  max: 2012.225237800467
  mean: 2012.225237800467
  median: 2012.225237800467
  min: 2012.225237800467
  num_samples: 1
  rmse: 2012.225237800467
  std: 0.0
trans:
  max: 15.18667291035557
  mean: 15.18667291035557
  median: 15.18667291035557
  min: 15.18667291035557
  num_samples: 1
  rmse: 15.18667291035557
  std: 0.0
