rot:
  max: 9.294087408824485
  mean: 1.993403613525423
  median: 1.825357182215273
  min: 0.00260916829651933
  num_samples: 535
  rmse: 2.329146533188327
  std: 1.2046848578142706
scale:
  max: 2560728.270745317
  mean: 8178.173778746648
  median: 3.8027824846296188
  min: 0.007034437110986502
  num_samples: 535
  rmse: 126935.52715813198
  std: 126671.80242089192
trans:
  max: 11.02516581353802
  mean: 5.200336347933902
  median: 4.9983946410488755
  min: 0.0
  num_samples: 535
  rmse: 6.617149837222084
  std: 4.091842352364731
