rot:
  max: 2.329146533188327
  mean: 2.329146533188327
  median: 2.329146533188327
  min: 2.329146533188327
  num_samples: 1
  rmse: 2.329146533188327
  std: 0.0
scale:
  max: 126935.52715813198
  mean: 126935.52715813198
  median: 126935.52715813198
  min: 126935.52715813198
  num_samples: 1
  rmse: 126935.52715813198
  std: 0.0
trans:
  max: 6.617149837222084
  mean: 6.617149837222084
  median: 6.617149837222084
  min: 6.617149837222084
  num_samples: 1
  rmse: 6.617149837222084
  std: 0.0
