rot:
  max: 20.141657877338996
  mean: 11.04438719829619
  median: 17.062666350152252
  min: 0.0006785081735415092
  num_samples: 535
  rmse: 13.733528669938451
  std: 8.162801059815964
scale:
  max: 3152900.0099882293
  mean: 13849.061879926458
  median: 15.30534375903283
  min: 0.016270009872831892
  num_samples: 535
  rmse: 192950.22849675338
  std: 192452.57639739537
trans:
  max: 78.29383392012207
  mean: 31.45809103482904
  median: 22.65588926896886
  min: 3.8474106316268337e-08
  num_samples: 535
  rmse: 42.81752148759793
  std: 29.04700767351638
