rot:
  max: 51.782221819760835
  mean: 22.501277931665715
  median: 18.769336874038807
  min: 1.1459155902616465e-14
  num_samples: 2095
  rmse: 26.810777796572204
  std: 14.57773293413975
scale:
  max: 185762.58000171283
  mean: 1244.7345945842062
  median: 13.235586726501381
  min: 0.013329403109896276
  num_samples: 2095
  rmse: 11792.898261919658
  std: 11727.023714695599
trans:
  max: 772.0661286213385
  mean: 382.4803731009674
  median: 451.9765923035171
  min: 0.0
  num_samples: 2095
  rmse: 456.5447792472465
  std: 249.28277046451026
