rot:
  max: 26.810777796572204
  mean: 26.810777796572204
  median: 26.810777796572204
  min: 26.810777796572204
  num_samples: 1
  rmse: 26.810777796572204
  std: 0.0
scale:
  max: 11792.898261919658
  mean: 11792.898261919658
  median: 11792.898261919658
  min: 11792.898261919658
  num_samples: 1
  rmse: 11792.898261919658
  std: 0.0
trans:
  max: 456.5447792472465
  mean: 456.5447792472465
  median: 456.5447792472465
  min: 456.5447792472465
  num_samples: 1
  rmse: 456.5447792472465
  std: 0.0
