rot:
  max: 9.924555070508628
  mean: 4.572833140275127
  median: 4.548647044604502
  min: 0.0023198233863703107
  num_samples: 2095
  rmse: 4.729991791464655
  std: 1.209139949933231
scale:
  max: 28483.143643242773
  mean: 186.42369294415698
  median: 2.4649283540858047
  min: 0.015671806560102475
  num_samples: 2095
  rmse: 1804.2393295147465
  std: 1794.5823371684241
trans:
  max: 156.8016382713005
  mean: 90.10070134793683
  median: 95.59560399275307
  min: 0.0
  num_samples: 2095
  rmse: 101.07105656647072
  std: 45.795437459124884
