rot:
  max: 4.729991791464655
  mean: 4.729991791464655
  median: 4.729991791464655
  min: 4.729991791464655
  num_samples: 1
  rmse: 4.729991791464655
  std: 0.0
scale:
  max: 1804.2393295147465
  mean: 1804.2393295147465
  median: 1804.2393295147465
  min: 1804.2393295147465
  num_samples: 1
  rmse: 1804.2393295147465
  std: 0.0
trans:
  max: 101.07105656647072
  mean: 101.07105656647072
  median: 101.07105656647072
  min: 101.07105656647072
  num_samples: 1
  rmse: 101.07105656647072
  std: 0.0
