rot:
  max: 18.09748847008013
  mean: 10.087298805276577
  median: 15.5936459111673
  min: 0.0006785081735415092
  num_samples: 535
  rmse: 12.436009152421505
  std: 7.273288558291717
scale:
  max: 3152900.0099882293
  mean: 13782.31511753386
  median: 15.010331302229263
  min: 0.08862186269679162
  num_samples: 535
  rmse: 192948.34934522756
  std: 192455.48395680747
trans:
  max: 68.21965099017456
  mean: 27.85895462737693
  median: 24.476295516992476
  min: 3.8474106316268337e-08
  num_samples: 535
  rmse: 36.86858195517636
  std: 24.148933360612627
