rot:
  max: 12.436009152421505
  mean: 12.436009152421505
  median: 12.436009152421505
  min: 12.436009152421505
  num_samples: 1
  rmse: 12.436009152421505
  std: 0.0
scale:
  max: 192948.34934522756
  mean: 192948.34934522756
  median: 192948.34934522756
  min: 192948.34934522756
  num_samples: 1
  rmse: 192948.34934522756
  std: 0.0
trans:
  max: 36.86858195517636
  mean: 36.86858195517636
  median: 36.86858195517636
  min: 36.86858195517636
  num_samples: 1
  rmse: 36.86858195517636
  std: 0.0
