rot:
  max: 149.01919878192373
  mean: 72.44082088327833
  median: 133.8564082502015
  min: 0.00260916829651933
  num_samples: 535
  rmse: 99.97292133196966
  std: 68.89784081816336
scale:
  max: 2560772.933327428
  mean: 12273.529060774945
  median: 103.28946815836457
  min: 0.004070407327194658
  num_samples: 535
  rmse: 127872.91207655342
  std: 127282.5287591831
trans:
  max: 740.0006331023378
  mean: 311.06243313170546
  median: 253.6102287809117
  min: 0.0
  num_samples: 535
  rmse: 444.2208308007876
  std: 317.1313753186922
