rot:
  max: 99.97292133196966
  mean: 99.97292133196966
  median: 99.97292133196966
  min: 99.97292133196966
  num_samples: 1
  rmse: 99.97292133196966
  std: 0.0
scale:
  max: 127872.91207655342
  mean: 127872.91207655342
  median: 127872.91207655342
  min: 127872.91207655342
  num_samples: 1
  rmse: 127872.91207655342
  std: 0.0
trans:
  max: 444.2208308007876
  mean: 444.2208308007876
  median: 444.2208308007876
  min: 444.2208308007876
  num_samples: 1
  rmse: 444.2208308007876
  std: 0.0
