rot:
  max: 119.61739906936312
  mean: 59.60756724305546
  median: 111.9662543713153
  min: 0.00260916829651933
  num_samples: 535
  rmse: 81.86670222138001
  std: 56.11679659396755
scale:
  max: 2560772.933327428
  mean: 11910.355370697343
  median: 92.9636819144804
  min: 0.019191743975421893
  num_samples: 535
  rmse: 127717.0398980544
  std: 127160.47229884341
trans:
  max: 675.2086416429407
  mean: 283.87791344458986
  median: 229.641539545527
  min: 0.0
  num_samples: 535
  rmse: 405.4333586767076
  std: 289.4642267815175
