rot:
  max: 81.86670222138001
  mean: 81.86670222138001
  median: 81.86670222138001
  min: 81.86670222138001
  num_samples: 1
  rmse: 81.86670222138001
  std: 0.0
scale:
  max: 127717.0398980544
  mean: 127717.0398980544
  median: 127717.0398980544
  min: 127717.0398980544
  num_samples: 1
  rmse: 127717.0398980544
  std: 0.0
trans:
  max: 405.4333586767076
  mean: 405.4333586767076
  median: 405.4333586767076
  min: 405.4333586767076
  num_samples: 1
  rmse: 405.4333586767076
  std: 0.0
