rot:
  max: 16.90000263864858
  mean: 11.272448431873496
  median: 12.32507571236721
  min: 0.0023198233863703107
  num_samples: 2006
  rmse: 11.905852901932057
  std: 3.831610584753719
scale:
  max: 1230.2469250969007
  mean: 30.82684588636269
  median: 12.091032638767096
  min: 0.17293993436582333
  num_samples: 2006
  rmse: 112.69825078652389
  std: 108.40019051201283
trans:
  max: 514.8333890189555
  mean: 266.99933302725265
  median: 297.76486209186197
  min: 0.0
  num_samples: 2006
  rmse: 318.290395954177
  std: 173.2631880108091
