rot:
  max: 11.905852901932057
  mean: 11.905852901932057
  median: 11.905852901932057
  min: 11.905852901932057
  num_samples: 1
  rmse: 11.905852901932057
  std: 0.0
scale:
  max: 112.69825078652389
  mean: 112.69825078652389
  median: 112.69825078652389
  min: 112.69825078652389
  num_samples: 1
  rmse: 112.69825078652389
  std: 0.0
trans:
  max: 318.290395954177
  mean: 318.290395954177
  median: 318.290395954177
  min: 318.290395954177
  num_samples: 1
  rmse: 318.290395954177
  std: 0.0
