rot:
  max: 14.631765152349493
  mean: 7.909887204680949
  median: 7.69109087827707
  min: 0.0023198233863703107
  num_samples: 2095
  rmse: 8.19122039577981
  std: 2.128327038183695
scale:
  max: 41322.60449830956
  mean: 268.02153930529647
  median: 1.2253516709813894
  min: 0.00118599357661342
  num_samples: 2095
  rmse: 2618.5987940593773
  std: 2604.8462716094486
trans:
  max: 227.1011592514085
  mean: 133.95641026557294
  median: 138.04029832834718
  min: 0.0
  num_samples: 2095
  rmse: 148.01752125314104
  std: 62.96718785753067
