rot:
  max: 8.19122039577981
  mean: 8.19122039577981
  median: 8.19122039577981
  min: 8.19122039577981
  num_samples: 1
  rmse: 8.19122039577981
  std: 0.0
scale:
  max: 2618.5987940593773
  mean: 2618.5987940593773
  median: 2618.5987940593773
  min: 2618.5987940593773
  num_samples: 1
  rmse: 2618.5987940593773
  std: 0.0
trans:
  max: 148.01752125314104
  mean: 148.01752125314104
  median: 148.01752125314104
  min: 148.01752125314104
  num_samples: 1
  rmse: 148.01752125314104
  std: 0.0
