rot:
  max: 17.576605452991576
  mean: 9.819921066259843
  median: 8.76791774769582
  min: 0.00042243057245074247
  num_samples: 1330
  rmse: 11.556887919118939
  std: 6.093505446580272
scale:
  max: 23085730.07557089
  mean: 28519.543324321083
  median: 4.4956949102759935
  min: 0.0013579052097645317
  num_samples: 1330
  rmse: 711844.8700141138
  std: 711273.3332650557
trans:
  max: 274.75104318329835
  mean: 84.13560984048873
  median: 60.271342128741495
  min: 9.678172040897828e-08
  num_samples: 1330
  rmse: 114.99152752508256
  std: 78.38527004049216
