rot:
  max: 11.556887919118939
  mean: 11.556887919118939
  median: 11.556887919118939
  min: 11.556887919118939
  num_samples: 1
  rmse: 11.556887919118939
  std: 0.0
scale:
  max: 711844.8700141138
  mean: 711844.8700141138
  median: 711844.8700141138
  min: 711844.8700141138
  num_samples: 1
  rmse: 711844.8700141138
  std: 0.0
trans:
  max: 114.99152752508256
  mean: 114.99152752508256
  median: 114.99152752508256
  min: 114.99152752508256
  num_samples: 1
  rmse: 114.99152752508256
  std: 0.0
