rot:
  max: 82.22580425320447
  mean: 46.49951420843196
  median: 66.0394759443081
  min: 0.0020180621324767966
  num_samples: 788
  rmse: 56.36705896715423
  std: 31.859700484883337
scale:
  max: 258695.3172242529
  mean: 3464.312017401814
  median: 386.8091994858013
  min: 0.003303405720056496
  num_samples: 788
  rmse: 16117.265324921664
  std: 15740.545854575932
trans:
  max: 287.5830016549294
  mean: 147.95107940048638
  median: 228.18963579033448
  min: 0.0
  num_samples: 788
  rmse: 182.56658266426516
  std: 106.96277487957641
