rot:
  max: 56.36705896715423
  mean: 56.36705896715423
  median: 56.36705896715423
  min: 56.36705896715423
  num_samples: 1
  rmse: 56.36705896715423
  std: 0.0
scale:
  max: 16117.265324921664
  mean: 16117.265324921664
  median: 16117.265324921664
  min: 16117.265324921664
  num_samples: 1
  rmse: 16117.265324921664
  std: 0.0
trans:
  max: 182.56658266426516
  mean: 182.56658266426516
  median: 182.56658266426516
  min: 182.56658266426516
  num_samples: 1
  rmse: 182.56658266426516
  std: 0.0
