rot:
  max: 5.569615615253061
  mean: 3.298020192737733
  median: 3.951551715398281
  min: 4.899463357895689e-05
  num_samples: 535
  rmse: 3.7515367792731946
  std: 1.7880411109741463
scale:
  max: 2557238.238924382
  mean: 8123.638340220541
  median: 9.334465540470926
  min: 0.027945786288241514
  num_samples: 535
  rmse: 126337.18372134099
  std: 126075.73315573925
trans:
  max: 29.128155750600406
  mean: 15.22144174573354
  median: 18.939356290118468
  min: 0.0
  num_samples: 535
  rmse: 18.787608813840524
  std: 11.012808729980668
