rot:
  max: 3.7515367792731946
  mean: 3.7515367792731946
  median: 3.7515367792731946
  min: 3.7515367792731946
  num_samples: 1
  rmse: 3.7515367792731946
  std: 0.0
scale:
  max: 126337.18372134099
  mean: 126337.18372134099
  median: 126337.18372134099
  min: 126337.18372134099
  num_samples: 1
  rmse: 126337.18372134099
  std: 0.0
trans:
  max: 18.787608813840524
  mean: 18.787608813840524
  median: 18.787608813840524
  min: 18.787608813840524
  num_samples: 1
  rmse: 18.787608813840524
  std: 0.0
