rot:
  max: 177.06568502271384
  mean: 13.31901595569302
  median: 9.719884210385581
  min: 0.033718872882299765
  num_samples: 2592
  rmse: 24.227997004092597
  std: 20.238568447454842
scale:
  max: 1227981.1202201433
  mean: 602.1903093004038
  median: 8.777294704382033
  min: 0.19583988896302307
  num_samples: 2592
  rmse: 24124.405713522687
  std: 24116.888643894974
trans:
  max: 311.100769116636
  mean: 215.94601385599114
  median: 251.81064505580252
  min: 0.0012280811202201433
  num_samples: 2592
  rmse: 233.61171290149974
  std: 89.11650523040508
