rot:
  max: 24.227997004092597
  mean: 24.227997004092597
  median: 24.227997004092597
  min: 24.227997004092597
  num_samples: 1
  rmse: 24.227997004092597
  std: 0.0
scale:
  max: 24124.405713522687
  mean: 24124.405713522687
  median: 24124.405713522687
  min: 24124.405713522687
  num_samples: 1
  rmse: 24124.405713522687
  std: 0.0
trans:
  max: 233.61171290149974
  mean: 233.61171290149974
  median: 233.61171290149974
  min: 233.61171290149974
  num_samples: 1
  rmse: 233.61171290149974
  std: 0.0
