rot:
  max: 8.304707782184707
  mean: 1.5239778262874981
  median: 1.198210279801721
  min: 0.0008821739321305877
  num_samples: 808
  rmse: 2.137760846406625
  std: 1.4991707779346561
scale:
  max: 15117344.771801308
  mean: 20507.0601523064
  median: 2.4948732056951584
  min: 0.013809315432622427
  num_samples: 808
  rmse: 533242.79891168
  std: 532848.3302733266
trans:
  max: 9.762467349735035
  mean: 4.913832843704135
  median: 5.159124978180929
  min: 1.7050386856636538e-07
  num_samples: 808
  rmse: 5.638889120941513
  std: 2.7661014627824265
