rot:
  max: 2.137760846406625
  mean: 2.137760846406625
  median: 2.137760846406625
  min: 2.137760846406625
  num_samples: 1
  rmse: 2.137760846406625
  std: 0.0
scale:
  max: 533242.79891168
  mean: 533242.79891168
  median: 533242.79891168
  min: 533242.79891168
  num_samples: 1
  rmse: 533242.79891168
  std: 0.0
trans:
  max: 5.638889120941513
  mean: 5.638889120941513
  median: 5.638889120941513
  min: 5.638889120941513
  num_samples: 1
  rmse: 5.638889120941513
  std: 0.0
