rot:
  max: 11.564400660501086
  mean: 5.78158160746807
  median: 6.476736533781031
  min: 0.0023198233863703107
  num_samples: 2095
  rmse: 6.250570531626713
  std: 2.3754885996415958
scale:
  max: 38194.07410665149
  mean: 254.02965834306843
  median: 4.542169546553776
  min: 0.05884131691685779
  num_samples: 2095
  rmse: 2421.384371651862
  std: 2408.0222606865545
trans:
  max: 209.84694468826257
  mean: 112.29042726236955
  median: 127.3549646531605
  min: 0.0
  num_samples: 2095
  rmse: 130.0961003417248
  std: 65.69516930002246
