rot:
  max: 6.250570531626713
  mean: 6.250570531626713
  median: 6.250570531626713
  min: 6.250570531626713
  num_samples: 1
  rmse: 6.250570531626713
  std: 0.0
scale:
  max: 2421.384371651862
  mean: 2421.384371651862
  median: 2421.384371651862
  min: 2421.384371651862
  num_samples: 1
  rmse: 2421.384371651862
  std: 0.0
trans:
  max: 130.0961003417248
  mean: 130.0961003417248
  median: 130.0961003417248
  min: 130.0961003417248
  num_samples: 1
  rmse: 130.0961003417248
  std: 0.0
