rot:
  max: 22.640487687049106
  mean: 13.437860688989312
  median: 14.759940956812184
  min: 0.0
  num_samples: 2686
  rmse: 14.434933650704243
  std: 5.271736867821592
scale:
  max: 7919.419824493023
  mean: 67.92684442345725
  median: 8.852376650658922
  min: 0.09221603285859414
  num_samples: 2686
  rmse: 317.5863019803182
  std: 310.23701102899577
trans:
  max: 399.47689926009355
  mean: 205.76863813447613
  median: 202.4134180955636
  min: 0.0
  num_samples: 2686
  rmse: 234.54475419993045
  std: 112.56335675071524
