rot:
  max: 14.434933650704243
  mean: 14.434933650704243
  median: 14.434933650704243
  min: 14.434933650704243
  num_samples: 1
  rmse: 14.434933650704243
  std: 0.0
scale:
  max: 317.5863019803182
  mean: 317.5863019803182
  median: 317.5863019803182
  min: 317.5863019803182
  num_samples: 1
  rmse: 317.5863019803182
  std: 0.0
trans:
  max: 234.54475419993045
  mean: 234.54475419993045
  median: 234.54475419993045
  min: 234.54475419993045
  num_samples: 1
  rmse: 234.54475419993045
  std: 0.0
