rot:
  max: 9.174839481062733
  mean: 4.047045899290855
  median: 3.888029795142536
  min: 0.0
  num_samples: 772
  rmse: 4.471692876777472
  std: 1.9019612701775659
scale:
  max: 27861.842962801842
  mean: 671.3366233443813
  median: 20.516047973444337
  min: 0.24021653626733475
  num_samples: 772
  rmse: 2837.560219305418
  std: 2757.001112865422
trans:
  max: 52.780469035752645
  mean: 32.03843872200906
  median: 50.030109958033236
  min: 0.0
  num_samples: 772
  rmse: 39.232047005623315
  std: 22.642702058444964
