rot:
  max: 4.471692876777472
  mean: 4.471692876777472
  median: 4.471692876777472
  min: 4.471692876777472
  num_samples: 1
  rmse: 4.471692876777472
  std: 0.0
scale:
  max: 2837.560219305418
  mean: 2837.560219305418
  median: 2837.560219305418
  min: 2837.560219305418
  num_samples: 1
  rmse: 2837.560219305418
  std: 0.0
trans:
  max: 39.232047005623315
  mean: 39.232047005623315
  median: 39.232047005623315
  min: 39.232047005623315
  num_samples: 1
  rmse: 39.232047005623315
  std: 0.0
