rot:
  max: 179.8523333927003
  mean: 12.949384448968107
  median: 9.944672112844135
  min: 0.006610138152580822
  num_samples: 2592
  rmse: 27.641216659506398
  std: 24.420284617722963
scale:
  max: 1227967.965611622
  mean: 564.2433129386831
  median: 7.021135488980934
  min: 0.19603544517674543
  num_samples: 2592
  rmse: 24121.718072927208
  std: 24115.117919545555
trans:
  max: 253.64343866116926
  mean: 149.50916826129995
  median: 177.2737591172263
  min: 0.001228067965611622
  num_samples: 2592
  rmse: 167.5320314960161
  std: 75.5909398208306
