rot:
  max: 8.513935328697169
  mean: 4.950224579889345
  median: 5.215137312881197
  min: 0.0006785081735415092
  num_samples: 535
  rmse: 5.617115815824166
  std: 2.6546688488475043
scale:
  max: 3152900.0099882293
  mean: 13506.380163302463
  median: 4.28488452340996
  min: 0.01210864155729574
  num_samples: 535
  rmse: 192944.67503914345
  std: 192471.3623395569
trans:
  max: 32.301267898158365
  mean: 8.618794102193444
  median: 5.124432992628105
  min: 3.8474106316268337e-08
  num_samples: 535
  rmse: 12.937747426569404
  std: 9.648922048482863
