rot:
  max: 5.617115815824166
  mean: 5.617115815824166
  median: 5.617115815824166
  min: 5.617115815824166
  num_samples: 1
  rmse: 5.617115815824166
  std: 0.0
scale:
  max: 192944.67503914345
  mean: 192944.67503914345
  median: 192944.67503914345
  min: 192944.67503914345
  num_samples: 1
  rmse: 192944.67503914345
  std: 0.0
trans:
  max: 12.937747426569404
  mean: 12.937747426569404
  median: 12.937747426569404
  min: 12.937747426569404
  num_samples: 1
  rmse: 12.937747426569404
  std: 0.0
