rot:
  max: 9.178124525754704
  mean: 4.178389226964617
  median: 4.966684901367641
  min: 0.0
  num_samples: 772
  rmse: 4.532237171502185
  std: 1.7556301565911192
scale:
  max: 23179.01678981093
  mean: 558.3379317786677
  median: 21.589169362806402
  min: 0.011735871826878963
  num_samples: 772
  rmse: 2358.999140998634
  std: 2291.972011428022
trans:
  max: 41.985139706282666
  mean: 26.363573304437
  median: 40.17278042538003
  min: 0.0
  num_samples: 772
  rmse: 31.75289725143393
  std: 17.69769720844204
