rot:
  max: 4.532237171502185
  mean: 4.532237171502185
  median: 4.532237171502185
  min: 4.532237171502185
  num_samples: 1
  rmse: 4.532237171502185
  std: 0.0
scale:
  max: 2358.999140998634
  mean: 2358.999140998634
  median: 2358.999140998634
  min: 2358.999140998634
  num_samples: 1
  rmse: 2358.999140998634
  std: 0.0
trans:
  max: 31.75289725143393
  mean: 31.75289725143393
  median: 31.75289725143393
  min: 31.75289725143393
  num_samples: 1
  rmse: 31.75289725143393
  std: 0.0
