rot:
  max: 9.012348946191787
  mean: 3.468835951633564
  median: 4.065039089836969
  min: 0.0
  num_samples: 772
  rmse: 3.9336110064113914
  std: 1.8548511235178156
scale:
  max: 12950.145014551137
  mean: 320.80272230357576
  median: 37.39943385453928
  min: 0.00023698838953478685
  num_samples: 772
  rmse: 1318.5667775780787
  std: 1278.9464258893931
trans:
  max: 25.65536643500607
  mean: 14.145380800148459
  median: 21.41220554858476
  min: 0.0
  num_samples: 772
  rmse: 17.50367398866239
  std: 10.3095492200274
