rot:
  max: 14.002749112400878
  mean: 3.581047267251474
  median: 3.315851992191229
  min: 0.0012266839666905157
  num_samples: 1082
  rmse: 3.988659391132428
  std: 1.756560334340855
scale:
  max: 3489150.176007629
  mean: 3226.735235165413
  median: 1.9178891048095892
  min: 0.028025618158156185
  num_samples: 1082
  rmse: 106073.28826655801
  std: 106024.19848035851
trans:
  max: 100.05399769989849
  mean: 51.79996069073831
  median: 54.20778704604384
  min: 0.0
  num_samples: 1082
  rmse: 60.629961302591575
  std: 31.508035165521164
