rot:
  max: 3.988659391132428
  mean: 3.988659391132428
  median: 3.988659391132428
  min: 3.988659391132428
  num_samples: 1
  rmse: 3.988659391132428
  std: 0.0
scale:
  max: 106073.28826655801
  mean: 106073.28826655801
  median: 106073.28826655801
  min: 106073.28826655801
  num_samples: 1
  rmse: 106073.28826655801
  std: 0.0
trans:
  max: 60.629961302591575
  mean: 60.629961302591575
  median: 60.629961302591575
  min: 60.629961302591575
  num_samples: 1
  rmse: 60.629961302591575
  std: 0.0
