rot:
  max: 11.181829964676808
  mean: 1.9803794904935244
  median: 1.4016984476621794
  min: 0.0
  num_samples: 792
  rmse: 2.9819318714436296
  std: 2.229352991242956
scale:
  max: 95045.45683651343
  mean: 269.9251693352243
  median: 7.035810343736381
  min: 0.023215167250234536
  num_samples: 792
  rmse: 3829.8815911733955
  std: 3820.3577588189573
trans:
  max: 21.185600794669508
  mean: 11.521835455268315
  median: 9.026849043436016
  min: 0.0
  num_samples: 792
  rmse: 13.54131236792371
  std: 7.114383204987321
