rot:
  max: 2.9819318714436296
  mean: 2.9819318714436296
  median: 2.9819318714436296
  min: 2.9819318714436296
  num_samples: 1
  rmse: 2.9819318714436296
  std: 0.0
scale:
  max: 3829.8815911733955
  mean: 3829.8815911733955
  median: 3829.8815911733955
  min: 3829.8815911733955
  num_samples: 1
  rmse: 3829.8815911733955
  std: 0.0
trans:
  max: 13.54131236792371
  mean: 13.54131236792371
  median: 13.54131236792371
  min: 13.54131236792371
  num_samples: 1
  rmse: 13.54131236792371
  std: 0.0
