rot:
  max: 14.294020294563143
  mean: 3.5472793998289074
  median: 3.3691795813544565
  min: 0.0005860310670338717
  num_samples: 1101
  rmse: 3.9806873658196773
  std: 1.8062892248878266
scale:
  max: 331.15703572743234
  mean: 5.427865726925862
  median: 1.9890178910917822
  min: 0.10426786240194108
  num_samples: 1101
  rmse: 26.337212536657578
  std: 25.77182643608203
trans:
  max: 101.88180074487593
  mean: 58.017137384095065
  median: 74.04683899197515
  min: 0.0
  num_samples: 1101
  rmse: 68.05593314775861
  std: 35.575578791738955
