rot:
  max: 3.9806873658196773
  mean: 3.9806873658196773
  median: 3.9806873658196773
  min: 3.9806873658196773
  num_samples: 1
  rmse: 3.9806873658196773
  std: 0.0
scale:
  max: 26.337212536657578
  mean: 26.337212536657578
  median: 26.337212536657578
  min: 26.337212536657578
  num_samples: 1
  rmse: 26.337212536657578
  std: 0.0
trans:
  max: 68.05593314775861
  mean: 68.05593314775861
  median: 68.05593314775861
  min: 68.05593314775861
  num_samples: 1
  rmse: 68.05593314775861
  std: 0.0
