rot:
  max: 15.919424469098235
  mean: 15.919424469098235
  median: 15.919424469098235
  min: 15.919424469098235
  num_samples: 1
  rmse: 15.919424469098235
  std: 0.0
scale:
  max: 6431.655007791868
  mean: 6431.655007791868
  median: 6431.655007791868
  min: 6431.655007791868
  num_samples: 1
  rmse: 6431.655007791868
  std: 0.0
trans:
  max: 334.1883162563437
  mean: 334.1883162563437
  median: 334.1883162563437
  min: 334.1883162563437
  num_samples: 1
  rmse: 334.1883162563437
  std: 0.0
