rot:
  max: 18.222858790072436
  mean: 11.451248040376992
  median: 11.829507354870259
  min: 0.0
  num_samples: 2078
  rmse: 12.331277041640584
  std: 4.574856478126316
scale:
  max: 38472.263141140225
  mean: 275.8441444854892
  median: 8.80477833636043
  min: 0.020218245254044476
  num_samples: 2078
  rmse: 2482.738913200211
  std: 2467.3675281707897
trans:
  max: 384.347219630482
  mean: 199.956456630309
  median: 200.862124492154
  min: 0.0
  num_samples: 2078
  rmse: 231.21153242362192
  std: 116.08698539255353
