rot:
  max: 12.331277041640584
  mean: 12.331277041640584
  median: 12.331277041640584
  min: 12.331277041640584
  num_samples: 1
  rmse: 12.331277041640584
  std: 0.0
scale:
  max: 2482.738913200211
  mean: 2482.738913200211
  median: 2482.738913200211
  min: 2482.738913200211
  num_samples: 1
  rmse: 2482.738913200211
  std: 0.0
trans:
  max: 231.21153242362192
  mean: 231.21153242362192
  median: 231.21153242362192
  min: 231.21153242362192
  num_samples: 1
  rmse: 231.21153242362192
  std: 0.0
