rot:
  max: 22.483317981747085
  mean: 13.560131128799123
  median: 14.04501362580532
  min: 1.1459155902616465e-14
  num_samples: 2095
  rmse: 14.53275450149054
  std: 5.22721696224354
scale:
  max: 78253.58717145058
  mean: 524.1464470560524
  median: 9.585951473949027
  min: 0.12714855590081342
  num_samples: 2095
  rmse: 4964.446391222497
  std: 4936.699147543894
trans:
  max: 444.5659256482551
  mean: 246.90273284420937
  median: 262.2974404878131
  min: 0.0
  num_samples: 2095
  rmse: 281.8742929158382
  std: 135.9858725047009
