rot:
  max: 14.53275450149054
  mean: 14.53275450149054
  median: 14.53275450149054
  min: 14.53275450149054
  num_samples: 1
  rmse: 14.53275450149054
  std: 0.0
scale:
  max: 4964.446391222497
  mean: 4964.446391222497
  median: 4964.446391222497
  min: 4964.446391222497
  num_samples: 1
  rmse: 4964.446391222497
  std: 0.0
trans:
  max: 281.8742929158382
  mean: 281.8742929158382
  median: 281.8742929158382
  min: 281.8742929158382
  num_samples: 1
  rmse: 281.8742929158382
  std: 0.0
