rot:
  max: 18.001362625508733
  mean: 10.070383909244734
  median: 8.5268111054875
  min: 0.0016653275185080497
  num_samples: 1101
  rmse: 11.28203308132231
  std: 5.086417046259159
scale:
  max: 288.19372804930293
  mean: 6.999990306611428
  median: 3.4160974990497195
  min: 0.012968741935281969
  num_samples: 1101
  rmse: 24.4127986588583
  std: 23.387707755684385
trans:
  max: 201.56117539440245
  mean: 99.41220428570657
  median: 112.45076343684481
  min: 9.29184417226616e-08
  num_samples: 1101
  rmse: 118.61784657079001
  std: 64.71017821137896
