rot:
  max: 11.45447698177004
  mean: 11.45447698177004
  median: 11.45447698177004
  min: 11.45447698177004
  num_samples: 1
  rmse: 11.45447698177004
  std: 0.0
scale:
  max: 24.327348468225257
  mean: 24.327348468225257
  median: 24.327348468225257
  min: 24.327348468225257
  num_samples: 1
  rmse: 24.327348468225257
  std: 0.0
trans:
  max: 117.10975486347087
  mean: 117.10975486347087
  median: 117.10975486347087
  min: 117.10975486347087
  num_samples: 1
  rmse: 117.10975486347087
  std: 0.0
