rot:
  max: 13.618907864624365
  mean: 3.8198880656521417
  median: 3.526092632083011
  min: 0.0006741862031264913
  num_samples: 1330
  rmse: 4.398598444270937
  std: 2.180853832752449
scale:
  max: 11823396.453366015
  mean: 17082.60099086051
  median: 2.39795153255441
  min: 0.036829220874601276
  num_samples: 1330
  rmse: 399061.3672308944
  std: 398695.5725357103
trans:
  max: 108.12128039521582
  mean: 47.82694822428158
  median: 45.41667588638427
  min: 0.0
  num_samples: 1330
  rmse: 59.61193636610446
  std: 35.583226116646244
