rot:
  max: 4.398598444270937
  mean: 4.398598444270937
  median: 4.398598444270937
  min: 4.398598444270937
  num_samples: 1
  rmse: 4.398598444270937
  std: 0.0
scale:
  max: 399061.3672308944
  mean: 399061.3672308944
  median: 399061.3672308944
  min: 399061.3672308944
  num_samples: 1
  rmse: 399061.3672308944
  std: 0.0
trans:
  max: 59.61193636610446
  mean: 59.61193636610446
  median: 59.61193636610446
  min: 59.61193636610446
  num_samples: 1
  rmse: 59.61193636610446
  std: 0.0
