rot:
  max: 11.252337461325554
  mean: 4.105572731516942
  median: 4.2787816320349386
  min: 0.00260916829651933
  num_samples: 535
  rmse: 4.642783164912592
  std: 2.167881007486412
scale:
  max: 2560772.933327428
  mean: 8255.876565471815
  median: 9.452495513446335
  min: 0.0966814333187127
  num_samples: 535
  rmse: 126938.12480426973
  std: 126669.3650057505
trans:
  max: 25.462251883494332
  mean: 15.497879550746683
  median: 22.546196518983997
  min: 0.0
  num_samples: 535
  rmse: 18.724341618813668
  std: 10.50793502495068
