rot:
  max: 4.642783164912592
  mean: 4.642783164912592
  median: 4.642783164912592
  min: 4.642783164912592
  num_samples: 1
  rmse: 4.642783164912592
  std: 0.0
scale:
  max: 126938.12480426973
  mean: 126938.12480426973
  median: 126938.12480426973
  min: 126938.12480426973
  num_samples: 1
  rmse: 126938.12480426973
  std: 0.0
trans:
  max: 18.724341618813668
  mean: 18.724341618813668
  median: 18.724341618813668
  min: 18.724341618813668
  num_samples: 1
  rmse: 18.724341618813668
  std: 0.0
