rot:
  max: 4.882798866705504
  mean: 4.882798866705504
  median: 4.882798866705504
  min: 4.882798866705504
  num_samples: 1
  rmse: 4.882798866705504
  std: 0.0
scale:
  max: 1812.7431397902583
  mean: 1812.7431397902583
  median: 1812.7431397902583
  min: 1812.7431397902583
  num_samples: 1
  rmse: 1812.7431397902583
  std: 0.0
trans:
  max: 101.09451949787864
  mean: 101.09451949787864
  median: 101.09451949787864
  min: 101.09451949787864
  num_samples: 1
  rmse: 101.09451949787864
  std: 0.0
