rot:
  max: 1.2645279476086773
  mean: 1.2645279476086773
  median: 1.2645279476086773
  min: 1.2645279476086773
  num_samples: 1
  rmse: 1.2645279476086773
  std: 0.0
scale:
  max: 68765.48406132635
  mean: 68765.48406132635
  median: 68765.48406132635
  min: 68765.48406132635
  num_samples: 1
  rmse: 68765.48406132635
  std: 0.0
trans:
  max: 15.873012783616007
  mean: 15.873012783616007
  median: 15.873012783616007
  min: 15.873012783616007
  num_samples: 1
  rmse: 15.873012783616007
  std: 0.0
