rot:
  max: 10.913707128699082
  mean: 4.037444568408161
  median: 4.7910272318907685
  min: 0.00260916829651933
  num_samples: 535
  rmse: 4.528936694912181
  std: 2.051903736424667
scale:
  max: 2415546.987941463
  mean: 7916.236340109144
  median: 5.922218398188539
  min: 0.034797829856580975
  num_samples: 535
  rmse: 120650.89801422005
  std: 120390.91491406343
trans:
  max: 26.693597188321817
  mean: 15.96878132998927
  median: 23.620369908636565
  min: 0.0
  num_samples: 535
  rmse: 19.510376152912386
  std: 11.20949599505341
