rot:
  max: 4.528936694912181
  mean: 4.528936694912181
  median: 4.528936694912181
  min: 4.528936694912181
  num_samples: 1
  rmse: 4.528936694912181
  std: 0.0
scale:
  max: 120650.89801422005
  mean: 120650.89801422005
  median: 120650.89801422005
  min: 120650.89801422005
  num_samples: 1
  rmse: 120650.89801422005
  std: 0.0
trans:
  max: 19.510376152912386
  mean: 19.510376152912386
  median: 19.510376152912386
  min: 19.510376152912386
  num_samples: 1
  rmse: 19.510376152912386
  std: 0.0
