rot:
  max: 7.24725890990397
  mean: 7.24725890990397
  median: 7.24725890990397
  min: 7.24725890990397
  num_samples: 1
  rmse: 7.24725890990397
  std: 0.0
scale:
  max: 3214.140898806551
  mean: 3214.140898806551
  median: 3214.140898806551
  min: 3214.140898806551
  num_samples: 1
  rmse: 3214.140898806551
  std: 0.0
trans:
  max: 18.250127276612925
  mean: 18.250127276612925
  median: 18.250127276612925
  min: 18.250127276612925
  num_samples: 1
  rmse: 18.250127276612925
  std: 0.0
