rot:
  max: 39.16232938717414
  mean: 20.48267095104606
  median: 17.600911428015007
  min: 0.0022886159675024696
  num_samples: 1345
  rmse: 24.11930634206853
  std: 12.735820709075682
scale:
  max: 39973.16292371029
  mean: 162.98721392944594
  median: 9.502140943054938
  min: 0.07731030668818306
  num_samples: 1345
  rmse: 1512.8159438180269
  std: 1504.0103882505414
trans:
  max: 515.5732492207086
  mean: 161.91577854492252
  median: 106.2735622283488
  min: 1.2845623320317398e-07
  num_samples: 1345
  rmse: 222.76178035038328
  std: 152.99049461670495
