rot:
  max: 24.11930634206853
  mean: 24.11930634206853
  median: 24.11930634206853
  min: 24.11930634206853
  num_samples: 1
  rmse: 24.11930634206853
  std: 0.0
scale:
  max: 1512.8159438180269
  mean: 1512.8159438180269
  median: 1512.8159438180269
  min: 1512.8159438180269
  num_samples: 1
  rmse: 1512.8159438180269
  std: 0.0
trans:
  max: 222.76178035038328
  mean: 222.76178035038328
  median: 222.76178035038328
  min: 222.76178035038328
  num_samples: 1
  rmse: 222.76178035038328
  std: 0.0
