rot:
  max: 4.94049424811513
  mean: 2.70930613925193
  median: 2.9618944720110543
  min: 0.00016122290739021877
  num_samples: 2095
  rmse: 2.9933668630629615
  std: 1.2727550513336008
scale:
  max: 10959.102430127547
  mean: 67.61121358715015
  median: 2.3896855514081716
  min: 0.0236259203798328
  num_samples: 2095
  rmse: 630.7469917781959
  std: 627.112821934392
trans:
  max: 77.24227513793197
  mean: 49.03665794634528
  median: 53.72452386518232
  min: 0.0
  num_samples: 2095
  rmse: 54.34410412776292
  std: 23.424086554277235
