rot:
  max: 2.9933668630629615
  mean: 2.9933668630629615
  median: 2.9933668630629615
  min: 2.9933668630629615
  num_samples: 1
  rmse: 2.9933668630629615
  std: 0.0
scale:
  max: 630.7469917781959
  mean: 630.7469917781959
  median: 630.7469917781959
  min: 630.7469917781959
  num_samples: 1
  rmse: 630.7469917781959
  std: 0.0
trans:
  max: 54.34410412776292
  mean: 54.34410412776292
  median: 54.34410412776292
  min: 54.34410412776292
  num_samples: 1
  rmse: 54.34410412776292
  std: 0.0
