rot:
  max: 18.347315521908452
  mean: 9.830253101036904
  median: 8.79622072503831
  min: 0.00042243057245074247
  num_samples: 1330
  rmse: 11.722661427366456
  std: 6.386463411796836
scale:
  max: 23102941.59570107
  mean: 28536.01632820661
  median: 4.620924709920448
  min: 0.004978900777419248
  num_samples: 1330
  rmse: 712310.0237595049
  std: 711738.2002677546
trans:
  max: 262.4352142925662
  mean: 80.61435474046924
  median: 52.39588998835278
  min: 9.678172040897828e-08
  num_samples: 1330
  rmse: 111.56937367627816
  std: 77.13009109481705
