rot:
  max: 11.722661427366456
  mean: 11.722661427366456
  median: 11.722661427366456
  min: 11.722661427366456
  num_samples: 1
  rmse: 11.722661427366456
  std: 0.0
scale:
  max: 712310.0237595049
  mean: 712310.0237595049
  median: 712310.0237595049
  min: 712310.0237595049
  num_samples: 1
  rmse: 712310.0237595049
  std: 0.0
trans:
  max: 111.56937367627816
  mean: 111.56937367627816
  median: 111.56937367627816
  min: 111.56937367627816
  num_samples: 1
  rmse: 111.56937367627816
  std: 0.0
