rot:
  max: 10.580607143668859
  mean: 10.580607143668859
  median: 10.580607143668859
  min: 10.580607143668859
  num_samples: 1
  rmse: 10.580607143668859
  std: 0.0
scale:
  max: 711844.8637081966
  mean: 711844.8637081966
  median: 711844.8637081966
  min: 711844.8637081966
  num_samples: 1
  rmse: 711844.8637081966
  std: 0.0
trans:
  max: 105.74685550137305
  mean: 105.74685550137305
  median: 105.74685550137305
  min: 105.74685550137305
  num_samples: 1
  rmse: 105.74685550137305
  std: 0.0
