rot:
  max: 10.262456017539137
  mean: 4.750786753115487
  median: 4.71548724393551
  min: 0.0023198233863703107
  num_samples: 2095
  rmse: 4.902977235973998
  std: 1.2121101447069993
scale:
  max: 28857.28421540008
  mean: 188.88548484839487
  median: 2.4577687894134614
  min: 0.01042086961732247
  num_samples: 2095
  rmse: 1827.975070260132
  std: 1818.1900701263664
trans:
  max: 159.32354505148743
  mean: 92.41336260364704
  median: 97.01168371826154
  min: 0.0
  num_samples: 2095
  rmse: 103.18217773556523
  std: 45.8947950702542
