rot:
  max: 4.902977235973998
  mean: 4.902977235973998
  median: 4.902977235973998
  min: 4.902977235973998
  num_samples: 1
  rmse: 4.902977235973998
  std: 0.0
scale:
  max: 1827.975070260132
  mean: 1827.975070260132
  median: 1827.975070260132
  min: 1827.975070260132
  num_samples: 1
  rmse: 1827.975070260132
  std: 0.0
trans:
  max: 103.18217773556523
  mean: 103.18217773556523
  median: 103.18217773556523
  min: 103.18217773556523
  num_samples: 1
  rmse: 103.18217773556523
  std: 0.0
