rot:
  max: 19.327469036258616
  mean: 19.327469036258616
  median: 19.327469036258616
  min: 19.327469036258616
  num_samples: 1
  rmse: 19.327469036258616
  std: 0.0
scale:
  max: 4811.435276123778
  mean: 4811.435276123778
  median: 4811.435276123778
  min: 4811.435276123778
  num_samples: 1
  rmse: 4811.435276123778
  std: 0.0
trans:
  max: 300.8109360271363
  mean: 300.8109360271363
  median: 300.8109360271363
  min: 300.8109360271363
  num_samples: 1
  rmse: 300.8109360271363
  std: 0.0
