rot:
  max: 15.503419117641041
  mean: 8.11253137585275
  median: 5.775042016492792
  min: 0.0
  num_samples: 792
  rmse: 9.763218269522088
  std: 5.432059062099249
scale:
  max: 80473.5457920929
  mean: 286.732191038204
  median: 5.95287542368782
  min: 0.0009793175895334016
  num_samples: 792
  rmse: 3235.3432208554746
  std: 3222.6123576002606
trans:
  max: 47.08853190070311
  mean: 21.318684738686088
  median: 16.941731113915075
  min: 0.0
  num_samples: 792
  rmse: 25.383325903175134
  std: 13.777768865796615
