rot:
  max: 42.48506989327605
  mean: 24.07358002346472
  median: 35.934876170448206
  min: 0.0
  num_samples: 772
  rmse: 30.358338595275367
  std: 18.495714831258248
scale:
  max: 125976.72460965943
  mean: 3214.7029181788994
  median: 523.3199006490181
  min: 0.22733639780032622
  num_samples: 772
  rmse: 12837.181133045373
  std: 12428.14968490757
trans:
  max: 252.69204488346622
  mean: 135.36686615036263
  median: 214.310935162388
  min: 0.0
  num_samples: 772
  rmse: 172.34461448674128
  std: 106.66994746044122
