rot:
  max: 30.358338595275367
  mean: 30.358338595275367
  median: 30.358338595275367
  min: 30.358338595275367
  num_samples: 1
  rmse: 30.358338595275367
  std: 0.0
scale:
  max: 12837.181133045373
  mean: 12837.181133045373
  median: 12837.181133045373
  min: 12837.181133045373
  num_samples: 1
  rmse: 12837.181133045373
  std: 0.0
trans:
  max: 172.34461448674128
  mean: 172.34461448674128
  median: 172.34461448674128
  min: 172.34461448674128
  num_samples: 1
  rmse: 172.34461448674128
  std: 0.0
