rot:
  max: 28.41613811939742
  mean: 13.15119528221418
  median: 10.079422268898048
  min: 0.000869411600468224
  num_samples: 1311
  rmse: 16.276048714931964
  std: 9.589359958824462
scale:
  max: 6449.51017995803
  mean: 58.38906120530335
  median: 6.201273818844988
  min: 0.04315376563468476
  num_samples: 1311
  rmse: 341.53923861416223
  std: 336.51117224351555
trans:
  max: 398.05850805660407
  mean: 115.29534918069977
  median: 83.0237464429453
  min: 6.282971232067328e-08
  num_samples: 1311
  rmse: 158.09055227650975
  std: 108.1647131757505
