rot:
  max: 16.276048714931964
  mean: 16.276048714931964
  median: 16.276048714931964
  min: 16.276048714931964
  num_samples: 1
  rmse: 16.276048714931964
  std: 0.0
scale:
  max: 341.53923861416223
  mean: 341.53923861416223
  median: 341.53923861416223
  min: 341.53923861416223
  num_samples: 1
  rmse: 341.53923861416223
  std: 0.0
trans:
  max: 158.09055227650975
  mean: 158.09055227650975
  median: 158.09055227650975
  min: 158.09055227650975
  num_samples: 1
  rmse: 158.09055227650975
  std: 0.0
