rot:
  max: 2.8804794492053136
  mean: 0.6545114970616717
  median: 0.5509006883560188
  min: 5.109599479759417e-05
  num_samples: 1330
  rmse: 0.8221686945829133
  std: 0.497570158436236
scale:
  max: 2176276.0445006993
  mean: 2825.7098112454682
  median: 1.247599100771618
  min: 0.008821577784168255
  num_samples: 1330
  rmse: 68765.48550099682
  std: 68707.4039696628
trans:
  max: 21.60144577817127
  mean: 7.422270128498272
  median: 6.781100940516039
  min: 0.0
  num_samples: 1330
  rmse: 8.910559801766652
  std: 4.930312578372895
