rot:
  max: 0.8221686945829133
  mean: 0.8221686945829133
  median: 0.8221686945829133
  min: 0.8221686945829133
  num_samples: 1
  rmse: 0.8221686945829133
  std: 0.0
scale:
  max: 68765.48550099682
  mean: 68765.48550099682
  median: 68765.48550099682
  min: 68765.48550099682
  num_samples: 1
  rmse: 68765.48550099682
  std: 0.0
trans:
  max: 8.910559801766652
  mean: 8.910559801766652
  median: 8.910559801766652
  min: 8.910559801766652
  num_samples: 1
  rmse: 8.910559801766652
  std: 0.0
