rot:
  max: 11.162828149861628
  mean: 4.341785535517462
  median: 3.894509555619513
  min: 0.0011563767715691445
  num_samples: 535
  rmse: 5.0036884296429776
  std: 2.487126105470801
scale:
  max: 3375844.9481039
  mean: 14760.361541922715
  median: 48.68287312436823
  min: 0.00239249802446162
  num_samples: 535
  rmse: 206150.54741614914
  std: 205621.4481203984
trans:
  max: 53.97471693544032
  mean: 31.0996010037941
  median: 50.22490782211753
  min: 4.0797911805097564e-08
  num_samples: 535
  rmse: 38.54153622717728
  std: 22.765430638484045
