rot:
  max: 5.0036884296429776
  mean: 5.0036884296429776
  median: 5.0036884296429776
  min: 5.0036884296429776
  num_samples: 1
  rmse: 5.0036884296429776
  std: 0.0
scale:
  max: 206150.54741614914
  mean: 206150.54741614914
  median: 206150.54741614914
  min: 206150.54741614914
  num_samples: 1
  rmse: 206150.54741614914
  std: 0.0
trans:
  max: 38.54153622717728
  mean: 38.54153622717728
  median: 38.54153622717728
  min: 38.54153622717728
  num_samples: 1
  rmse: 38.54153622717728
  std: 0.0
