rot:
  max: 11.124429726182518
  mean: 5.986050238051563
  median: 5.025075984017801
  min: 0.0
  num_samples: 792
  rmse: 6.726021130925919
  std: 3.067012031470502
scale:
  max: 3511.7921392967532
  mean: 81.87630323778596
  median: 5.824201806991919
  min: 0.008306330063079237
  num_samples: 792
  rmse: 285.81250037001377
  std: 273.83399412029405
trans:
  max: 29.730018290561368
  mean: 15.610188618183187
  median: 16.63391541816344
  min: 0.0
  num_samples: 792
  rmse: 17.63637799668395
  std: 8.207547754759748
