rot:
  max: 6.726021130925919
  mean: 6.726021130925919
  median: 6.726021130925919
  min: 6.726021130925919
  num_samples: 1
  rmse: 6.726021130925919
  std: 0.0
scale:
  max: 285.81250037001377
  mean: 285.81250037001377
  median: 285.81250037001377
  min: 285.81250037001377
  num_samples: 1
  rmse: 285.81250037001377
  std: 0.0
trans:
  max: 17.63637799668395
  mean: 17.63637799668395
  median: 17.63637799668395
  min: 17.63637799668395
  num_samples: 1
  rmse: 17.63637799668395
  std: 0.0
