rot:
  max: 14.110664489228629
  mean: 3.908805703669196
  median: 3.5215185810321583
  min: 0.0005860310670338717
  num_samples: 1101
  rmse: 4.365559024408668
  std: 1.9440533857276467
scale:
  max: 331.15703572743234
  mean: 5.55699723642758
  median: 2.1793633150157365
  min: 0.0034558179804355937
  num_samples: 1101
  rmse: 26.3579300918216
  std: 25.765485837447173
trans:
  max: 113.00410519397452
  mean: 61.024427120373886
  median: 76.40067649705469
  min: 0.0
  num_samples: 1101
  rmse: 71.81920854026342
  std: 37.868430255029324
