rot:
  max: 4.365559024408668
  mean: 4.365559024408668
  median: 4.365559024408668
  min: 4.365559024408668
  num_samples: 1
  rmse: 4.365559024408668
  std: 0.0
scale:
  max: 26.3579300918216
  mean: 26.3579300918216
  median: 26.3579300918216
  min: 26.3579300918216
  num_samples: 1
  rmse: 26.3579300918216
  std: 0.0
trans:
  max: 71.81920854026342
  mean: 71.81920854026342
  median: 71.81920854026342
  min: 71.81920854026342
  num_samples: 1
  rmse: 71.81920854026342
  std: 0.0
