rot:
  max: 9.822290232546527
  mean: 5.062540140103828
  median: 5.065330337788781
  min: 0.0
  num_samples: 772
  rmse: 5.484618117225426
  std: 2.1099107141381355
scale:
  max: 45154.84000068472
  mean: 1083.9411979135734
  median: 14.899414305497617
  min: 0.039519195084736225
  num_samples: 772
  rmse: 4606.586438276263
  std: 4477.2435820241535
trans:
  max: 86.21492807657742
  mean: 52.437079840979514
  median: 82.02485219862416
  min: 0.0
  num_samples: 772
  rmse: 64.20078138895485
  std: 37.04177356314236
