rot:
  max: 5.484618117225426
  mean: 5.484618117225426
  median: 5.484618117225426
  min: 5.484618117225426
  num_samples: 1
  rmse: 5.484618117225426
  std: 0.0
scale:
  max: 4606.586438276263
  mean: 4606.586438276263
  median: 4606.586438276263
  min: 4606.586438276263
  num_samples: 1
  rmse: 4606.586438276263
  std: 0.0
trans:
  max: 64.20078138895485
  mean: 64.20078138895485
  median: 64.20078138895485
  min: 64.20078138895485
  num_samples: 1
  rmse: 64.20078138895485
  std: 0.0
