rot:
  max: 14.913458265672592
  mean: 9.060458014682863
  median: 9.493736388047818
  min: 0.0032470340394572346
  num_samples: 788
  rmse: 9.588184314187318
  std: 3.1370972262581853
scale:
  max: 46823.391696972234
  mean: 1150.4793480395078
  median: 174.265310849478
  min: 0.041526458278662304
  num_samples: 788
  rmse: 4716.717974679772
  std: 4574.256849194395
trans:
  max: 86.24820022690514
  mean: 53.675318970654146
  median: 76.90916332377094
  min: 0.0
  num_samples: 788
  rmse: 62.537107065240825
  std: 32.09127441358366
