rot:
  max: 9.588184314187318
  mean: 9.588184314187318
  median: 9.588184314187318
  min: 9.588184314187318
  num_samples: 1
  rmse: 9.588184314187318
  std: 0.0
scale:
  max: 4716.717974679772
  mean: 4716.717974679772
  median: 4716.717974679772
  min: 4716.717974679772
  num_samples: 1
  rmse: 4716.717974679772
  std: 0.0
trans:
  max: 62.537107065240825
  mean: 62.537107065240825
  median: 62.537107065240825
  min: 62.537107065240825
  num_samples: 1
  rmse: 62.537107065240825
  std: 0.0
