rot:
  max: 3.629356977090278
  mean: 3.629356977090278
  median: 3.629356977090278
  min: 3.629356977090278
  num_samples: 1
  rmse: 3.629356977090278
  std: 0.0
scale:
  max: 5312.257324005787
  mean: 5312.257324005787
  median: 5312.257324005787
  min: 5312.257324005787
  num_samples: 1
  rmse: 5312.257324005787
  std: 0.0
trans:
  max: 59.53505663259638
  mean: 59.53505663259638
  median: 59.53505663259638
  min: 59.53505663259638
  num_samples: 1
  rmse: 59.53505663259638
  std: 0.0
