rot:
  max: 15.192448768323548
  mean: 7.824382233883737
  median: 8.675706037323545
  min: 0.0011563767715691445
  num_samples: 535
  rmse: 9.169408129777628
  std: 4.78090871158576
scale:
  max: 3508991.2189298463
  mean: 14928.944463118083
  median: 8.651202049871397
  min: 0.03916098019625114
  num_samples: 535
  rmse: 210037.96468956344
  std: 209506.73790632945
trans:
  max: 51.79559056291683
  mean: 21.977317036903507
  median: 19.181032912766522
  min: 4.0797911805097564e-08
  num_samples: 535
  rmse: 28.946344561480565
  std: 18.838481874381127
