rot:
  max: 9.169408129777628
  mean: 9.169408129777628
  median: 9.169408129777628
  min: 9.169408129777628
  num_samples: 1
  rmse: 9.169408129777628
  std: 0.0
scale:
  max: 210037.96468956344
  mean: 210037.96468956344
  median: 210037.96468956344
  min: 210037.96468956344
  num_samples: 1
  rmse: 210037.96468956344
  std: 0.0
trans:
  max: 28.946344561480565
  mean: 28.946344561480565
  median: 28.946344561480565
  min: 28.946344561480565
  num_samples: 1
  rmse: 28.946344561480565
  std: 0.0
