rot:
  max: 10.238063569653747
  mean: 5.402904086812343
  median: 5.198481937071509
  min: 0.0
  num_samples: 792
  rmse: 5.911873811593744
  std: 2.3997665288345096
scale:
  max: 2750.660805227537
  mean: 66.0600724690922
  median: 5.682501502276693
  min: 0.012156552298914214
  num_samples: 792
  rmse: 229.7654265341289
  std: 220.0641226001832
trans:
  max: 23.267695953622937
  mean: 13.40254143134882
  median: 16.05605670524886
  min: 0.0
  num_samples: 792
  rmse: 14.928883441722007
  std: 6.575974756452451
