rot:
  max: 5.911873811593744
  mean: 5.911873811593744
  median: 5.911873811593744
  min: 5.911873811593744
  num_samples: 1
  rmse: 5.911873811593744
  std: 0.0
scale:
  max: 229.7654265341289
  mean: 229.7654265341289
  median: 229.7654265341289
  min: 229.7654265341289
  num_samples: 1
  rmse: 229.7654265341289
  std: 0.0
trans:
  max: 14.928883441722007
  mean: 14.928883441722007
  median: 14.928883441722007
  min: 14.928883441722007
  num_samples: 1
  rmse: 14.928883441722007
  std: 0.0
