rot:
  max: 28.09851626036641
  mean: 16.930901319118153
  median: 16.638637642744584
  min: 0.0
  num_samples: 2686
  rmse: 18.474116988652003
  std: 7.3917236848169345
scale:
  max: 170448.8026844677
  mean: 582.3174970335774
  median: 9.481412940034305
  min: 0.47192805536375726
  num_samples: 2686
  rmse: 4837.077910226695
  std: 4801.898483126399
trans:
  max: 451.2942975762748
  mean: 275.98989724581764
  median: 342.42029622432653
  min: 0.0
  num_samples: 2686
  rmse: 308.3954505249207
  std: 137.61297367149604
