rot:
  max: 18.474116988652003
  mean: 18.474116988652003
  median: 18.474116988652003
  min: 18.474116988652003
  num_samples: 1
  rmse: 18.474116988652003
  std: 0.0
scale:
  max: 4837.077910226695
  mean: 4837.077910226695
  median: 4837.077910226695
  min: 4837.077910226695
  num_samples: 1
  rmse: 4837.077910226695
  std: 0.0
trans:
  max: 308.3954505249207
  mean: 308.3954505249207
  median: 308.3954505249207
  min: 308.3954505249207
  num_samples: 1
  rmse: 308.3954505249207
  std: 0.0
