rot:
  max: 35.05232590657515
  mean: 24.46171884388474
  median: 27.85705759575833
  min: 1.1459155902616465e-14
  num_samples: 2095
  rmse: 26.316839092276155
  std: 9.705685499308576
scale:
  max: 84401.67729137852
  mean: 570.9641112991266
  median: 19.65052329912187
  min: 0.005631986318754834
  num_samples: 2095
  rmse: 5283.489524471801
  std: 5252.548099619045
trans:
  max: 919.5933260187437
  mean: 485.6553189317855
  median: 490.19310006717967
  min: 0.0
  num_samples: 2095
  rmse: 569.7801798080808
  std: 297.97376477702653
