rot:
  max: 26.316839092276155
  mean: 26.316839092276155
  median: 26.316839092276155
  min: 26.316839092276155
  num_samples: 1
  rmse: 26.316839092276155
  std: 0.0
scale:
  max: 5283.489524471801
  mean: 5283.489524471801
  median: 5283.489524471801
  min: 5283.489524471801
  num_samples: 1
  rmse: 5283.489524471801
  std: 0.0
trans:
  max: 569.7801798080808
  mean: 569.7801798080808
  median: 569.7801798080808
  min: 569.7801798080808
  num_samples: 1
  rmse: 569.7801798080808
  std: 0.0
