rot:
  max: 9.832618917548725
  mean: 5.029475590004891
  median: 4.959880798639492
  min: 0.0
  num_samples: 772
  rmse: 5.450063450108045
  std: 2.0994206104896085
scale:
  max: 42187.91067597176
  mean: 1008.3621986469277
  median: 3.7651463176615554
  min: 0.049316074022820455
  num_samples: 772
  rmse: 4305.4722528458615
  std: 4185.725384729097
trans:
  max: 79.64244758060313
  mean: 48.51474056861462
  median: 74.80188305978733
  min: 0.0
  num_samples: 772
  rmse: 58.96458904055423
  std: 33.51332135556647
