rot:
  max: 5.450063450108045
  mean: 5.450063450108045
  median: 5.450063450108045
  min: 5.450063450108045
  num_samples: 1
  rmse: 5.450063450108045
  std: 0.0
scale:
  max: 4305.4722528458615
  mean: 4305.4722528458615
  median: 4305.4722528458615
  min: 4305.4722528458615
  num_samples: 1
  rmse: 4305.4722528458615
  std: 0.0
trans:
  max: 58.96458904055423
  mean: 58.96458904055423
  median: 58.96458904055423
  min: 58.96458904055423
  num_samples: 1
  rmse: 58.96458904055423
  std: 0.0
