rot:
  max: 13.330504510019159
  mean: 3.3760507591431974
  median: 2.937843709436472
  min: 0.0005860310670338717
  num_samples: 1101
  rmse: 3.875032981813219
  std: 1.9021466509785447
scale:
  max: 331.15703572743234
  mean: 5.857308121207849
  median: 2.0607170077973747
  min: 0.22601817643093103
  num_samples: 1101
  rmse: 26.38688821980616
  std: 25.7285796634361
trans:
  max: 76.9295971074756
  mean: 45.05986507091162
  median: 53.020435068420554
  min: 0.0
  num_samples: 1101
  rmse: 52.552192565567175
  std: 27.043326408555817
