rot:
  max: 3.875032981813219
  mean: 3.875032981813219
  median: 3.875032981813219
  min: 3.875032981813219
  num_samples: 1
  rmse: 3.875032981813219
  std: 0.0
scale:
  max: 26.38688821980616
  mean: 26.38688821980616
  median: 26.38688821980616
  min: 26.38688821980616
  num_samples: 1
  rmse: 26.38688821980616
  std: 0.0
trans:
  max: 52.552192565567175
  mean: 52.552192565567175
  median: 52.552192565567175
  min: 52.552192565567175
  num_samples: 1
  rmse: 52.552192565567175
  std: 0.0
