rot:
  max: 9.402470871046717
  mean: 6.050073185776103
  median: 7.206533757420929
  min: 0.00042243057245074247
  num_samples: 1330
  rmse: 6.756009591272955
  std: 3.0067058459591878
scale:
  max: 23085824.10276372
  mean: 28509.66592276847
  median: 6.067997501345901
  min: 0.07521190782215914
  num_samples: 1330
  rmse: 711847.3252040172
  std: 711276.1864065788
trans:
  max: 217.97007520622748
  mean: 64.01746848097292
  median: 44.859563694861656
  min: 9.678172040897828e-08
  num_samples: 1330
  rmse: 87.72463038534767
  std: 59.978116888857905
