rot:
  max: 6.756009591272955
  mean: 6.756009591272955
  median: 6.756009591272955
  min: 6.756009591272955
  num_samples: 1
  rmse: 6.756009591272955
  std: 0.0
scale:
  max: 711847.3252040172
  mean: 711847.3252040172
  median: 711847.3252040172
  min: 711847.3252040172
  num_samples: 1
  rmse: 711847.3252040172
  std: 0.0
trans:
  max: 87.72463038534767
  mean: 87.72463038534767
  median: 87.72463038534767
  min: 87.72463038534767
  num_samples: 1
  rmse: 87.72463038534767
  std: 0.0
