rot:
  max: 101.99070859270255
  mean: 46.31919884548997
  median: 32.74678828972815
  min: 0.0046776076396276445
  num_samples: 1116
  rmse: 57.43103469126343
  std: 33.95372680606746
scale:
  max: 233.72371302682856
  mean: 32.466941687420466
  median: 10.1965875755629
  min: 0.052000361679394036
  num_samples: 1116
  rmse: 61.12850989288655
  std: 51.79374884279345
trans:
  max: 995.3307955479517
  mean: 410.4683554110135
  median: 381.85358913808466
  min: 2.6361180933244528e-08
  num_samples: 1116
  rmse: 521.6202659297055
  std: 321.8748685976504
