rot:
  max: 57.43103469126343
  mean: 57.43103469126343
  median: 57.43103469126343
  min: 57.43103469126343
  num_samples: 1
  rmse: 57.43103469126343
  std: 0.0
scale:
  max: 61.12850989288655
  mean: 61.12850989288655
  median: 61.12850989288655
  min: 61.12850989288655
  num_samples: 1
  rmse: 61.12850989288655
  std: 0.0
trans:
  max: 521.6202659297055
  mean: 521.6202659297055
  median: 521.6202659297055
  min: 521.6202659297055
  num_samples: 1
  rmse: 521.6202659297055
  std: 0.0
