rot:
  max: 40.44819102219583
  mean: 22.919121384635698
  median: 34.29482730389768
  min: 0.00014039785329892146
  num_samples: 772
  rmse: 28.306695406579998
  std: 16.612732460291763
scale:
  max: 230287.97002210916
  mean: 4023.041090524724
  median: 572.1237166229291
  min: 0.007352496130319519
  num_samples: 772
  rmse: 16775.29322251954
  std: 16285.748465620474
trans:
  max: 266.5094349243987
  mean: 147.50466183845958
  median: 233.75081754341142
  min: 0.0
  num_samples: 772
  rmse: 185.99027269172265
  std: 113.29058333269822
