rot:
  max: 28.306695406579998
  mean: 28.306695406579998
  median: 28.306695406579998
  min: 28.306695406579998
  num_samples: 1
  rmse: 28.306695406579998
  std: 0.0
scale:
  max: 16775.29322251954
  mean: 16775.29322251954
  median: 16775.29322251954
  min: 16775.29322251954
  num_samples: 1
  rmse: 16775.29322251954
  std: 0.0
trans:
  max: 185.99027269172265
  mean: 185.99027269172265
  median: 185.99027269172265
  min: 185.99027269172265
  num_samples: 1
  rmse: 185.99027269172265
  std: 0.0
