rot:
  max: 13.895703791140196
  mean: 3.6524166219027623
  median: 3.4730975796017223
  min: 0.0005860310670338717
  num_samples: 1101
  rmse: 4.083905261523916
  std: 1.827056377113508
scale:
  max: 331.15703572743234
  mean: 5.1598125794445835
  median: 1.8014538062139707
  min: 0.006497676718886236
  num_samples: 1101
  rmse: 26.320197802484923
  std: 25.809477842586
trans:
  max: 105.86512982144215
  mean: 58.144770762998064
  median: 70.73594894580314
  min: 0.0
  num_samples: 1101
  rmse: 68.0714359042462
  std: 35.39641251573816
