rot:
  max: 4.083905261523916
  mean: 4.083905261523916
  median: 4.083905261523916
  min: 4.083905261523916
  num_samples: 1
  rmse: 4.083905261523916
  std: 0.0
scale:
  max: 26.320197802484923
  mean: 26.320197802484923
  median: 26.320197802484923
  min: 26.320197802484923
  num_samples: 1
  rmse: 26.320197802484923
  std: 0.0
trans:
  max: 68.0714359042462
  mean: 68.0714359042462
  median: 68.0714359042462
  min: 68.0714359042462
  num_samples: 1
  rmse: 68.0714359042462
  std: 0.0
