rot:
  max: 15.27793730198892
  mean: 8.022647734331851
  median: 10.368467986156336
  min: 0.0011563767715691445
  num_samples: 535
  rmse: 9.53026798853314
  std: 5.144232815889993
scale:
  max: 3375844.9481039
  mean: 14728.102691883689
  median: 8.895731121065186
  min: 0.00239249802446162
  num_samples: 535
  rmse: 206150.07742322344
  std: 205623.29005416276
trans:
  max: 56.47592561317576
  mean: 23.647422727971637
  median: 19.1990957366106
  min: 4.0797911805097564e-08
  num_samples: 535
  rmse: 31.519489331066133
  std: 20.839328348480958
