rot:
  max: 9.53026798853314
  mean: 9.53026798853314
  median: 9.53026798853314
  min: 9.53026798853314
  num_samples: 1
  rmse: 9.53026798853314
  std: 0.0
scale:
  max: 206150.07742322344
  mean: 206150.07742322344
  median: 206150.07742322344
  min: 206150.07742322344
  num_samples: 1
  rmse: 206150.07742322344
  std: 0.0
trans:
  max: 31.519489331066133
  mean: 31.519489331066133
  median: 31.519489331066133
  min: 31.519489331066133
  num_samples: 1
  rmse: 31.519489331066133
  std: 0.0
