rot:
  max: 9.85259804090861
  mean: 1.4804728187716512
  median: 1.058506014089159
  min: 0.0
  num_samples: 792
  rmse: 2.459291877535445
  std: 1.9637506898255024
scale:
  max: 95045.45683651343
  mean: 237.78601557766578
  median: 5.262185633142529
  min: 0.02135084471206472
  num_samples: 792
  rmse: 3824.3064969138395
  std: 3816.906861993504
trans:
  max: 9.21165190722541
  mean: 4.807085191704085
  median: 3.8840342284438485
  min: 0.0
  num_samples: 792
  rmse: 5.4995119899603315
  std: 2.6714348368277188
