rot:
  max: 2.459291877535445
  mean: 2.459291877535445
  median: 2.459291877535445
  min: 2.459291877535445
  num_samples: 1
  rmse: 2.459291877535445
  std: 0.0
scale:
  max: 3824.3064969138395
  mean: 3824.3064969138395
  median: 3824.3064969138395
  min: 3824.3064969138395
  num_samples: 1
  rmse: 3824.3064969138395
  std: 0.0
trans:
  max: 5.4995119899603315
  mean: 5.4995119899603315
  median: 5.4995119899603315
  min: 5.4995119899603315
  num_samples: 1
  rmse: 5.4995119899603315
  std: 0.0
