rot:
  max: 13.357423942976617
  mean: 3.529901814421164
  median: 3.3692160379081937
  min: 0.0006741862031264913
  num_samples: 1330
  rmse: 4.075533661918632
  std: 2.037097889149677
scale:
  max: 11823396.453366015
  mean: 17078.223691335043
  median: 2.4683620183139854
  min: 0.04278568855060616
  num_samples: 1330
  rmse: 399061.3579414886
  std: 398695.7507644816
trans:
  max: 95.65986722448052
  mean: 44.40252526022453
  median: 48.15953597120287
  min: 0.0
  num_samples: 1330
  rmse: 53.497327341426455
  std: 29.83923228219615
