rot:
  max: 16.480368991719057
  mean: 9.047083710681187
  median: 11.196093415472884
  min: 0.0
  num_samples: 772
  rmse: 10.59072281337902
  std: 5.5057865960963275
scale:
  max: 122257.95847974157
  mean: 1970.9913330348993
  median: 116.62963729502897
  min: 0.027303334435946347
  num_samples: 772
  rmse: 8626.458685867567
  std: 8398.272597628711
trans:
  max: 137.79222181130982
  mean: 79.95692487754366
  median: 126.33139619624716
  min: 0.0
  num_samples: 772
  rmse: 99.4379969666077
  std: 59.1168791874023
