rot:
  max: 10.59072281337902
  mean: 10.59072281337902
  median: 10.59072281337902
  min: 10.59072281337902
  num_samples: 1
  rmse: 10.59072281337902
  std: 0.0
scale:
  max: 8626.458685867567
  mean: 8626.458685867567
  median: 8626.458685867567
  min: 8626.458685867567
  num_samples: 1
  rmse: 8626.458685867567
  std: 0.0
trans:
  max: 99.4379969666077
  mean: 99.4379969666077
  median: 99.4379969666077
  min: 99.4379969666077
  num_samples: 1
  rmse: 99.4379969666077
  std: 0.0
