rot:
  max: 5.815194663213559
  mean: 5.815194663213559
  median: 5.815194663213559
  min: 5.815194663213559
  num_samples: 1
  rmse: 5.815194663213559
  std: 0.0
scale:
  max: 3214.908725694703
  mean: 3214.908725694703
  median: 3214.908725694703
  min: 3214.908725694703
  num_samples: 1
  rmse: 3214.908725694703
  std: 0.0
trans:
  max: 14.599911390547113
  mean: 14.599911390547113
  median: 14.599911390547113
  min: 14.599911390547113
  num_samples: 1
  rmse: 14.599911390547113
  std: 0.0
