rot:
  max: 19.11950305066763
  mean: 10.813689476852646
  median: 9.91134549677139
  min: 0.00212969360678017
  num_samples: 1330
  rmse: 12.25364029119302
  std: 5.763316778050231
scale:
  max: 24519810.477114342
  mean: 30675.8961600594
  median: 4.662654235529839
  min: 0.059014611867291844
  num_samples: 1330
  rmse: 762003.4785805128
  std: 761385.7700033402
trans:
  max: 269.4927334631929
  mean: 99.39682788135445
  median: 103.87325038715849
  min: 9.938361130639345e-08
  num_samples: 1330
  rmse: 126.52059766121741
  std: 78.27983290526396
