rot:
  max: 11.031184811569196
  mean: 4.333551041506258
  median: 5.333651046321688
  min: 0.00260916829651933
  num_samples: 535
  rmse: 4.8651715241963425
  std: 2.2113862915625995
scale:
  max: 2560773.380860919
  mean: 8246.660973679122
  median: 4.311008207785272
  min: 0.004041911631924577
  num_samples: 535
  rmse: 126938.01509521823
  std: 126669.85536858816
trans:
  max: 26.19525604009201
  mean: 14.796380394614689
  median: 21.34335533604804
  min: 0.0
  num_samples: 535
  rmse: 17.94101041377735
  std: 10.146279213836438
