rot:
  max: 4.8651715241963425
  mean: 4.8651715241963425
  median: 4.8651715241963425
  min: 4.8651715241963425
  num_samples: 1
  rmse: 4.8651715241963425
  std: 0.0
scale:
  max: 126938.01509521823
  mean: 126938.01509521823
  median: 126938.01509521823
  min: 126938.01509521823
  num_samples: 1
  rmse: 126938.01509521823
  std: 0.0
trans:
  max: 17.94101041377735
  mean: 17.94101041377735
  median: 17.94101041377735
  min: 17.94101041377735
  num_samples: 1
  rmse: 17.94101041377735
  std: 0.0
