rot:
  max: 4.818142875738024
  mean: 0.8341088282335264
  median: 0.627496490534552
  min: 0.0
  num_samples: 792
  rmse: 1.1597831868881519
  std: 0.8058284577075517
scale:
  max: 95045.59408968767
  mean: 223.37721286759486
  median: 2.187124658466222
  min: 0.010318187333369089
  num_samples: 792
  rmse: 3823.553019450846
  std: 3817.0224407675655
trans:
  max: 6.329619134472603
  mean: 3.02695316811356
  median: 1.9085048307053327
  min: 0.0
  num_samples: 792
  rmse: 3.7474180986720236
  std: 2.2092299392100245
