rot:
  max: 1.1597831868881519
  mean: 1.1597831868881519
  median: 1.1597831868881519
  min: 1.1597831868881519
  num_samples: 1
  rmse: 1.1597831868881519
  std: 0.0
scale:
  max: 3823.553019450846
  mean: 3823.553019450846
  median: 3823.553019450846
  min: 3823.553019450846
  num_samples: 1
  rmse: 3823.553019450846
  std: 0.0
trans:
  max: 3.7474180986720236
  mean: 3.7474180986720236
  median: 3.7474180986720236
  min: 3.7474180986720236
  num_samples: 1
  rmse: 3.7474180986720236
  std: 0.0
