rot:
  max: 22.287430749214256
  mean: 12.992730687261853
  median: 17.563944749256947
  min: 0.002037169356248867
  num_samples: 772
  rmse: 15.269131308015158
  std: 8.020930132453026
scale:
  max: 30768.941953146776
  mean: 786.2022445247284
  median: 61.5650499547828
  min: 0.09569290009405762
  num_samples: 772
  rmse: 3144.788288813729
  std: 3044.9268319886214
trans:
  max: 70.97808822898038
  mean: 36.485621897234864
  median: 52.64881094566123
  min: 0.0
  num_samples: 772
  rmse: 43.63185845786532
  std: 23.927776061707238
