rot:
  max: 15.269131308015158
  mean: 15.269131308015158
  median: 15.269131308015158
  min: 15.269131308015158
  num_samples: 1
  rmse: 15.269131308015158
  std: 0.0
scale:
  max: 3144.788288813729
  mean: 3144.788288813729
  median: 3144.788288813729
  min: 3144.788288813729
  num_samples: 1
  rmse: 3144.788288813729
  std: 0.0
trans:
  max: 43.63185845786532
  mean: 43.63185845786532
  median: 43.63185845786532
  min: 43.63185845786532
  num_samples: 1
  rmse: 43.63185845786532
  std: 0.0
