rot:
  max: 13.1661429521085
  mean: 7.834155666296552
  median: 8.877039060420667
  min: 0.00016122290739021877
  num_samples: 2095
  rmse: 8.577441887694816
  std: 3.4926371602293926
scale:
  max: 37988.87251158476
  mean: 262.5142943339083
  median: 8.568762156348896
  min: 0.1477379841173243
  num_samples: 2095
  rmse: 2395.4527264191506
  std: 2381.024991422667
trans:
  max: 301.52484407333515
  mean: 155.02340890143594
  median: 155.75827927164795
  min: 0.0
  num_samples: 2095
  rmse: 180.8463748223349
  std: 93.1297695635431
