rot:
  max: 8.577441887694816
  mean: 8.577441887694816
  median: 8.577441887694816
  min: 8.577441887694816
  num_samples: 1
  rmse: 8.577441887694816
  std: 0.0
scale:
  max: 2395.4527264191506
  mean: 2395.4527264191506
  median: 2395.4527264191506
  min: 2395.4527264191506
  num_samples: 1
  rmse: 2395.4527264191506
  std: 0.0
trans:
  max: 180.8463748223349
  mean: 180.8463748223349
  median: 180.8463748223349
  min: 180.8463748223349
  num_samples: 1
  rmse: 180.8463748223349
  std: 0.0
