rot:
  max: 175.6939231900045
  mean: 7.8987601608445175
  median: 5.141588723446366
  min: 0.0010332977343308497
  num_samples: 2592
  rmse: 18.407432283879864
  std: 16.626579660503783
scale:
  max: 1227967.965611622
  mean: 528.1045189304348
  median: 3.769802469853478
  min: 0.0920674250590392
  num_samples: 2592
  rmse: 24120.334711655923
  std: 24114.55270618551
trans:
  max: 151.70860169814063
  mean: 80.93138476266354
  median: 79.08671646145137
  min: 0.001228067965611622
  num_samples: 2592
  rmse: 92.76230120887652
  std: 45.331616847009194
