rot:
  max: 18.407432283879864
  mean: 18.407432283879864
  median: 18.407432283879864
  min: 18.407432283879864
  num_samples: 1
  rmse: 18.407432283879864
  std: 0.0
scale:
  max: 24120.334711655923
  mean: 24120.334711655923
  median: 24120.334711655923
  min: 24120.334711655923
  num_samples: 1
  rmse: 24120.334711655923
  std: 0.0
trans:
  max: 92.76230120887652
  mean: 92.76230120887652
  median: 92.76230120887652
  min: 92.76230120887652
  num_samples: 1
  rmse: 92.76230120887652
  std: 0.0
