rot:
  max: 9.822640033399347
  mean: 2.5074803312631255
  median: 2.2181829587108393
  min: 0.0
  num_samples: 792
  rmse: 2.9238680224315003
  std: 1.5038439416794753
scale:
  max: 2235.894049843
  mean: 52.530865872113225
  median: 3.4194418446689134
  min: 0.12477667991543928
  num_samples: 792
  rmse: 197.42925931117372
  std: 190.31242881873143
trans:
  max: 15.803238738008071
  mean: 9.69347901757687
  median: 9.67231072378748
  min: 0.0
  num_samples: 792
  rmse: 10.860995533802779
  std: 4.89874356555647
