rot:
  max: 2.9238680224315003
  mean: 2.9238680224315003
  median: 2.9238680224315003
  min: 2.9238680224315003
  num_samples: 1
  rmse: 2.9238680224315003
  std: 0.0
scale:
  max: 197.42925931117372
  mean: 197.42925931117372
  median: 197.42925931117372
  min: 197.42925931117372
  num_samples: 1
  rmse: 197.42925931117372
  std: 0.0
trans:
  max: 10.860995533802779
  mean: 10.860995533802779
  median: 10.860995533802779
  min: 10.860995533802779
  num_samples: 1
  rmse: 10.860995533802779
  std: 0.0
