rot:
  max: 11.353304869323091
  mean: 6.477810311149859
  median: 7.211891935845932
  min: 0.00260916829651933
  num_samples: 535
  rmse: 7.268376211369381
  std: 3.296553703909716
scale:
  max: 2560772.933327428
  mean: 8334.30722765394
  median: 36.38455462314782
  min: 0.004070407327194658
  num_samples: 535
  rmse: 126939.73495678218
  std: 126665.84241196672
trans:
  max: 42.28173074231428
  mean: 20.366512550844416
  median: 22.18900327509105
  min: 0.0
  num_samples: 535
  rmse: 25.842735293566857
  std: 15.90761245346589
