rot:
  max: 7.268376211369381
  mean: 7.268376211369381
  median: 7.268376211369381
  min: 7.268376211369381
  num_samples: 1
  rmse: 7.268376211369381
  std: 0.0
scale:
  max: 126939.73495678218
  mean: 126939.73495678218
  median: 126939.73495678218
  min: 126939.73495678218
  num_samples: 1
  rmse: 126939.73495678218
  std: 0.0
trans:
  max: 25.842735293566857
  mean: 25.842735293566857
  median: 25.842735293566857
  min: 25.842735293566857
  num_samples: 1
  rmse: 25.842735293566857
  std: 0.0
