rot:
  max: 38.90944218129709
  mean: 17.2648619977603
  median: 11.784547405330695
  min: 0.00042243057245074247
  num_samples: 1330
  rmse: 21.96674369852647
  std: 13.581692417185888
scale:
  max: 23085730.07557089
  mean: 28572.285785198656
  median: 7.838679158541795
  min: 0.03508056974186324
  num_samples: 1330
  rmse: 711844.993889805
  std: 711271.3404960062
trans:
  max: 526.4696360285299
  mean: 150.48688763530342
  median: 105.18733833311074
  min: 9.678172040897828e-08
  num_samples: 1330
  rmse: 211.44751682568338
  std: 148.53871219849464
