rot:
  max: 32.355932080775226
  mean: 14.962822439969838
  median: 10.714019124691543
  min: 0.0007801794054116189
  num_samples: 1101
  rmse: 18.352715703792587
  std: 10.627140647143525
scale:
  max: 958.8009266137327
  mean: 9.197978593154115
  median: 4.343124331235093
  min: 0.011262734342021297
  num_samples: 1101
  rmse: 40.10799679456283
  std: 39.03906500766304
trans:
  max: 301.084233314086
  mean: 128.30625368415812
  median: 117.68357600688563
  min: 1.2476799491734092e-08
  num_samples: 1101
  rmse: 160.43401944769087
  std: 96.3150033051887
