rot:
  max: 18.352715703792587
  mean: 18.352715703792587
  median: 18.352715703792587
  min: 18.352715703792587
  num_samples: 1
  rmse: 18.352715703792587
  std: 0.0
scale:
  max: 40.10799679456283
  mean: 40.10799679456283
  median: 40.10799679456283
  min: 40.10799679456283
  num_samples: 1
  rmse: 40.10799679456283
  std: 0.0
trans:
  max: 160.43401944769087
  mean: 160.43401944769087
  median: 160.43401944769087
  min: 160.43401944769087
  num_samples: 1
  rmse: 160.43401944769087
  std: 0.0
