rot:
  max: 179.97153249760834
  mean: 93.94451013081417
  median: 91.92308251329437
  min: 0.0
  num_samples: 2702
  rmse: 107.98922715603281
  std: 53.25506734610906
scale:
  max: 2476569.4278381583
  mean: 4927.702269722752
  median: 56.9354088582567
  min: 0.12196600304819061
  num_samples: 2702
  rmse: 57917.48612814936
  std: 57707.47741623561
trans:
  max: 2718.8854710897567
  mean: 1581.1198839782023
  median: 1797.267485759121
  min: 0.0
  num_samples: 2702
  rmse: 1831.6871875791153
  std: 924.7366466352703
