rot:
  max: 107.98922715603281
  mean: 107.98922715603281
  median: 107.98922715603281
  min: 107.98922715603281
  num_samples: 1
  rmse: 107.98922715603281
  std: 0.0
scale:
  max: 57917.48612814936
  mean: 57917.48612814936
  median: 57917.48612814936
  min: 57917.48612814936
  num_samples: 1
  rmse: 57917.48612814936
  std: 0.0
trans:
  max: 1831.6871875791153
  mean: 1831.6871875791153
  median: 1831.6871875791153
  min: 1831.6871875791153
  num_samples: 1
  rmse: 1831.6871875791153
  std: 0.0
