rot:
  max: 6.132357789490843
  mean: 2.9098454361543626
  median: 3.500933369131265
  min: 0.00028484216398121505
  num_samples: 535
  rmse: 3.59158372872247
  std: 2.1052964679863084
scale:
  max: 2557282.951710896
  mean: 7995.326208664967
  median: 4.903862241377532
  min: 0.01170434076609439
  num_samples: 535
  rmse: 126337.49980816284
  std: 126084.25205629203
trans:
  max: 23.635103037337505
  mean: 5.50088618682737
  median: 3.261606040527184
  min: 0.0
  num_samples: 535
  rmse: 8.279442756216481
  std: 6.187844819728222
