rot:
  max: 3.59158372872247
  mean: 3.59158372872247
  median: 3.59158372872247
  min: 3.59158372872247
  num_samples: 1
  rmse: 3.59158372872247
  std: 0.0
scale:
  max: 126337.49980816284
  mean: 126337.49980816284
  median: 126337.49980816284
  min: 126337.49980816284
  num_samples: 1
  rmse: 126337.49980816284
  std: 0.0
trans:
  max: 8.279442756216481
  mean: 8.279442756216481
  median: 8.279442756216481
  min: 8.279442756216481
  num_samples: 1
  rmse: 8.279442756216481
  std: 0.0
