rot:
  max: 7.5024142094252015
  mean: 1.7205716638467932
  median: 1.6261113465183314
  min: 0.0
  num_samples: 792
  rmse: 2.1701928229509213
  std: 1.322637530979356
scale:
  max: 95045.45683651343
  mean: 228.05110766934627
  median: 5.879745634799571
  min: 0.013034669307776525
  num_samples: 792
  rmse: 3823.6504589330493
  std: 3816.843659935484
trans:
  max: 8.881345144951132
  mean: 4.546702655368823
  median: 4.566189147124927
  min: 0.0
  num_samples: 792
  rmse: 5.121750149093629
  std: 2.3579269609983045
