rot:
  max: 2.1701928229509213
  mean: 2.1701928229509213
  median: 2.1701928229509213
  min: 2.1701928229509213
  num_samples: 1
  rmse: 2.1701928229509213
  std: 0.0
scale:
  max: 3823.6504589330493
  mean: 3823.6504589330493
  median: 3823.6504589330493
  min: 3823.6504589330493
  num_samples: 1
  rmse: 3823.6504589330493
  std: 0.0
trans:
  max: 5.121750149093629
  mean: 5.121750149093629
  median: 5.121750149093629
  min: 5.121750149093629
  num_samples: 1
  rmse: 5.121750149093629
  std: 0.0
