rot:
  max: 24.421312914797756
  mean: 24.421312914797756
  median: 24.421312914797756
  min: 24.421312914797756
  num_samples: 1
  rmse: 24.421312914797756
  std: 0.0
scale:
  max: 24123.17278815814
  mean: 24123.17278815814
  median: 24123.17278815814
  min: 24123.17278815814
  num_samples: 1
  rmse: 24123.17278815814
  std: 0.0
trans:
  max: 225.8021498004796
  mean: 225.8021498004796
  median: 225.8021498004796
  min: 225.8021498004796
  num_samples: 1
  rmse: 225.8021498004796
  std: 0.0
