rot:
  max: 3.134011000943365
  mean: 3.134011000943365
  median: 3.134011000943365
  min: 3.134011000943365
  num_samples: 1
  rmse: 3.134011000943365
  std: 0.0
scale:
  max: 911.3477178914434
  mean: 911.3477178914434
  median: 911.3477178914434
  min: 911.3477178914434
  num_samples: 1
  rmse: 911.3477178914434
  std: 0.0
trans:
  max: 50.570440896435194
  mean: 50.570440896435194
  median: 50.570440896435194
  min: 50.570440896435194
  num_samples: 1
  rmse: 50.570440896435194
  std: 0.0
