rot:
  max: 17.759751395649694
  mean: 8.99853799630211
  median: 7.6099507362860725
  min: 0.00042243057245074247
  num_samples: 1330
  rmse: 11.030106676187877
  std: 6.378837450287597
scale:
  max: 23085730.07557089
  mean: 28526.521144175564
  median: 5.891373653965049
  min: 0.02049593025896801
  num_samples: 1330
  rmse: 711844.8797277928
  std: 711273.0631663811
trans:
  max: 235.15761787267115
  mean: 81.3297806992284
  median: 64.19246115918
  min: 9.678172040897828e-08
  num_samples: 1330
  rmse: 109.55563938203719
  std: 73.40234936173634
