rot:
  max: 11.030106676187877
  mean: 11.030106676187877
  median: 11.030106676187877
  min: 11.030106676187877
  num_samples: 1
  rmse: 11.030106676187877
  std: 0.0
scale:
  max: 711844.8797277928
  mean: 711844.8797277928
  median: 711844.8797277928
  min: 711844.8797277928
  num_samples: 1
  rmse: 711844.8797277928
  std: 0.0
trans:
  max: 109.55563938203719
  mean: 109.55563938203719
  median: 109.55563938203719
  min: 109.55563938203719
  num_samples: 1
  rmse: 109.55563938203719
  std: 0.0
