rot:
  max: 26.055184771321798
  mean: 16.509936949842313
  median: 16.864700891554833
  min: 0.0
  num_samples: 2686
  rmse: 17.887706349956023
  std: 6.8841862536169485
scale:
  max: 171389.6928240141
  mean: 586.0698741797244
  median: 10.220802080608284
  min: 0.003003013751512462
  num_samples: 2686
  rmse: 4864.955469215059
  std: 4829.52521683286
trans:
  max: 470.3541267103572
  mean: 285.22125010388055
  median: 359.1388988391915
  min: 0.0
  num_samples: 2686
  rmse: 321.3944305277959
  std: 148.13243555503252
