rot:
  max: 17.887706349956023
  mean: 17.887706349956023
  median: 17.887706349956023
  min: 17.887706349956023
  num_samples: 1
  rmse: 17.887706349956023
  std: 0.0
scale:
  max: 4864.955469215059
  mean: 4864.955469215059
  median: 4864.955469215059
  min: 4864.955469215059
  num_samples: 1
  rmse: 4864.955469215059
  std: 0.0
trans:
  max: 321.3944305277959
  mean: 321.3944305277959
  median: 321.3944305277959
  min: 321.3944305277959
  num_samples: 1
  rmse: 321.3944305277959
  std: 0.0
