rot:
  max: 10.716024825765281
  mean: 4.640210519288882
  median: 4.588705927852532
  min: 0.0023198233863703107
  num_samples: 2095
  rmse: 4.815692527881555
  std: 1.2881540512590286
scale:
  max: 30477.093762310706
  mean: 200.2919215747129
  median: 2.885180884593508
  min: 0.11144497197890235
  num_samples: 2095
  rmse: 1930.8535123012193
  std: 1920.4370419563002
trans:
  max: 164.7713481896021
  mean: 93.35229921371351
  median: 101.96319424138352
  min: 0.0
  num_samples: 2095
  rmse: 105.5493545767888
  std: 49.254588447067434
