rot:
  max: 4.815692527881555
  mean: 4.815692527881555
  median: 4.815692527881555
  min: 4.815692527881555
  num_samples: 1
  rmse: 4.815692527881555
  std: 0.0
scale:
  max: 1930.8535123012193
  mean: 1930.8535123012193
  median: 1930.8535123012193
  min: 1930.8535123012193
  num_samples: 1
  rmse: 1930.8535123012193
  std: 0.0
trans:
  max: 105.5493545767888
  mean: 105.5493545767888
  median: 105.5493545767888
  min: 105.5493545767888
  num_samples: 1
  rmse: 105.5493545767888
  std: 0.0
