rot:
  max: 9.443368515500161
  mean: 2.1263877500896307
  median: 2.0479698852741923
  min: 0.00260916829651933
  num_samples: 535
  rmse: 2.4794159529617703
  std: 1.2751386607228565
scale:
  max: 2415546.987941463
  mean: 7837.506661926803
  median: 2.7826952184866527
  min: 0.005000384452591433
  num_samples: 535
  rmse: 120649.77481999998
  std: 120394.94031495244
trans:
  max: 12.882031137793417
  mean: 6.02294846690267
  median: 3.795485194510653
  min: 0.0
  num_samples: 535
  rmse: 7.86666814386192
  std: 5.060490040567881
