rot:
  max: 2.4794159529617703
  mean: 2.4794159529617703
  median: 2.4794159529617703
  min: 2.4794159529617703
  num_samples: 1
  rmse: 2.4794159529617703
  std: 0.0
scale:
  max: 120649.77481999998
  mean: 120649.77481999998
  median: 120649.77481999998
  min: 120649.77481999998
  num_samples: 1
  rmse: 120649.77481999998
  std: 0.0
trans:
  max: 7.86666814386192
  mean: 7.86666814386192
  median: 7.86666814386192
  min: 7.86666814386192
  num_samples: 1
  rmse: 7.86666814386192
  std: 0.0
