rot:
  max: 5.782289519678898
  mean: 5.782289519678898
  median: 5.782289519678898
  min: 5.782289519678898
  num_samples: 1
  rmse: 5.782289519678898
  std: 0.0
scale:
  max: 4515.563037255376
  mean: 4515.563037255376
  median: 4515.563037255376
  min: 4515.563037255376
  num_samples: 1
  rmse: 4515.563037255376
  std: 0.0
trans:
  max: 63.044127393188155
  mean: 63.044127393188155
  median: 63.044127393188155
  min: 63.044127393188155
  num_samples: 1
  rmse: 63.044127393188155
  std: 0.0
