rot:
  max: 4.7699345453647455
  mean: 4.7699345453647455
  median: 4.7699345453647455
  min: 4.7699345453647455
  num_samples: 1
  rmse: 4.7699345453647455
  std: 0.0
scale:
  max: 1930.5669745446226
  mean: 1930.5669745446226
  median: 1930.5669745446226
  min: 1930.5669745446226
  num_samples: 1
  rmse: 1930.5669745446226
  std: 0.0
trans:
  max: 105.84071678055652
  mean: 105.84071678055652
  median: 105.84071678055652
  min: 105.84071678055652
  num_samples: 1
  rmse: 105.84071678055652
  std: 0.0
