rot:
  max: 7.231368516908716
  mean: 3.268474343660176
  median: 3.5828659444708157
  min: 0.0
  num_samples: 772
  rmse: 3.629356977090278
  std: 1.5777539516632684
scale:
  max: 73301.71016680493
  mean: 1195.8886685470643
  median: 13.00328383737352
  min: 0.014183688069957512
  num_samples: 772
  rmse: 5312.257324005787
  std: 5175.898778849318
trans:
  max: 79.20426789296401
  mean: 49.01150336054534
  median: 75.72933636612248
  min: 0.0
  num_samples: 772
  rmse: 59.53505663259638
  std: 33.7978624558671
