rot:
  max: 18.121153545231586
  mean: 9.632165447999217
  median: 8.53301044325626
  min: 0.00042243057245074247
  num_samples: 1330
  rmse: 11.460937167530817
  std: 6.2108348505220565
scale:
  max: 23085730.07557089
  mean: 28517.999947321085
  median: 4.602603284803863
  min: 0.008887432043080956
  num_samples: 1330
  rmse: 711844.8679016592
  std: 711273.3930331818
trans:
  max: 264.1323268703534
  mean: 80.76065984822043
  median: 55.07907227798523
  min: 9.678172040897828e-08
  num_samples: 1330
  rmse: 110.6186064895111
  std: 75.59227422535548
