rot:
  max: 11.460937167530817
  mean: 11.460937167530817
  median: 11.460937167530817
  min: 11.460937167530817
  num_samples: 1
  rmse: 11.460937167530817
  std: 0.0
scale:
  max: 711844.8679016592
  mean: 711844.8679016592
  median: 711844.8679016592
  min: 711844.8679016592
  num_samples: 1
  rmse: 711844.8679016592
  std: 0.0
trans:
  max: 110.6186064895111
  mean: 110.6186064895111
  median: 110.6186064895111
  min: 110.6186064895111
  num_samples: 1
  rmse: 110.6186064895111
  std: 0.0
