rot:
  max: 36.128589384682705
  mean: 19.98254563142953
  median: 18.079275571577867
  min: 0.0
  num_samples: 2686
  rmse: 22.261516775530836
  std: 9.811880514716716
scale:
  max: 209050.80862558048
  mean: 714.8844328026034
  median: 10.22262175807197
  min: 0.09248079445257629
  num_samples: 2686
  rmse: 5937.280337185942
  std: 5894.085005331302
trans:
  max: 486.1306723678615
  mean: 300.62471893073376
  median: 363.5695854491379
  min: 0.0
  num_samples: 2686
  rmse: 338.08024828523185
  std: 154.67072330735812
