rot:
  max: 22.261516775530836
  mean: 22.261516775530836
  median: 22.261516775530836
  min: 22.261516775530836
  num_samples: 1
  rmse: 22.261516775530836
  std: 0.0
scale:
  max: 5937.280337185942
  mean: 5937.280337185942
  median: 5937.280337185942
  min: 5937.280337185942
  num_samples: 1
  rmse: 5937.280337185942
  std: 0.0
trans:
  max: 338.08024828523185
  mean: 338.08024828523185
  median: 338.08024828523185
  min: 338.08024828523185
  num_samples: 1
  rmse: 338.08024828523185
  std: 0.0
