rot:
  max: 17.99286046492011
  mean: 9.932636304849
  median: 15.270456303048404
  min: 0.0006785081735415092
  num_samples: 535
  rmse: 12.236033155825494
  std: 7.145854982159685
scale:
  max: 3151274.4737575916
  mean: 13777.197923120668
  median: 11.06664628324554
  min: 0.008305976442923857
  num_samples: 535
  rmse: 192901.7811757077
  std: 192409.16297865802
trans:
  max: 68.36031542448175
  mean: 26.869212237799733
  median: 20.721591703215392
  min: 3.8474106316268337e-08
  num_samples: 535
  rmse: 36.3119438102844
  std: 24.42545182798722
