rot:
  max: 12.236033155825494
  mean: 12.236033155825494
  median: 12.236033155825494
  min: 12.236033155825494
  num_samples: 1
  rmse: 12.236033155825494
  std: 0.0
scale:
  max: 192901.7811757077
  mean: 192901.7811757077
  median: 192901.7811757077
  min: 192901.7811757077
  num_samples: 1
  rmse: 192901.7811757077
  std: 0.0
trans:
  max: 36.3119438102844
  mean: 36.3119438102844
  median: 36.3119438102844
  min: 36.3119438102844
  num_samples: 1
  rmse: 36.3119438102844
  std: 0.0
