rot:
  max: 111.15558614224163
  mean: 54.933470360167455
  median: 102.01700550553565
  min: 0.00028484216398121505
  num_samples: 535
  rmse: 75.68405102704608
  std: 52.06140042347228
scale:
  max: 2557282.951710896
  mean: 11346.335897849849
  median: 83.36984418767838
  min: 0.009507704457578647
  num_samples: 535
  rmse: 126967.74497294119
  std: 126459.7521949454
trans:
  max: 603.3741671767117
  mean: 251.37763727639654
  median: 186.7625479716972
  min: 0.0
  num_samples: 535
  rmse: 359.28209180671234
  std: 256.6961335321264
