rot:
  max: 75.68405102704608
  mean: 75.68405102704608
  median: 75.68405102704608
  min: 75.68405102704608
  num_samples: 1
  rmse: 75.68405102704608
  std: 0.0
scale:
  max: 126967.74497294119
  mean: 126967.74497294119
  median: 126967.74497294119
  min: 126967.74497294119
  num_samples: 1
  rmse: 126967.74497294119
  std: 0.0
trans:
  max: 359.28209180671234
  mean: 359.28209180671234
  median: 359.28209180671234
  min: 359.28209180671234
  num_samples: 1
  rmse: 359.28209180671234
  std: 0.0
