rot:
  max: 77.72667261523813
  mean: 10.525743018819828
  median: 9.362726834651383
  min: 0.006610887093053061
  num_samples: 2592
  rmse: 14.87764867694012
  std: 10.51442647300478
scale:
  max: 1227967.965611622
  mean: 544.8417269771685
  median: 6.594883609946001
  min: 0.00016454314127889447
  num_samples: 2592
  rmse: 24120.86328768571
  std: 24114.709063883995
trans:
  max: 249.6610928687183
  mean: 147.42696297487444
  median: 170.4615399153863
  min: 0.001228067965611622
  num_samples: 2592
  rmse: 162.50577129321692
  std: 68.36238945215652
