rot:
  max: 14.87764867694012
  mean: 14.87764867694012
  median: 14.87764867694012
  min: 14.87764867694012
  num_samples: 1
  rmse: 14.87764867694012
  std: 0.0
scale:
  max: 24120.86328768571
  mean: 24120.86328768571
  median: 24120.86328768571
  min: 24120.86328768571
  num_samples: 1
  rmse: 24120.86328768571
  std: 0.0
trans:
  max: 162.50577129321692
  mean: 162.50577129321692
  median: 162.50577129321692
  min: 162.50577129321692
  num_samples: 1
  rmse: 162.50577129321692
  std: 0.0
