rot:
  max: 179.62020360312624
  mean: 13.670915516967906
  median: 9.356405064123157
  min: 0.03371887288229111
  num_samples: 2592
  rmse: 27.429660069725983
  std: 23.780082431914447
scale:
  max: 1227981.1363360449
  mean: 634.7849785421851
  median: 6.598055735209241
  min: 0.21654111458597747
  num_samples: 2592
  rmse: 24127.260306643675
  std: 24118.90830729204
trans:
  max: 376.5653221068667
  mean: 215.33617984032628
  median: 213.40487094871128
  min: 0.001228081136336045
  num_samples: 2592
  rmse: 240.93633360885286
  std: 108.0770396737952
