rot:
  max: 27.429660069725983
  mean: 27.429660069725983
  median: 27.429660069725983
  min: 27.429660069725983
  num_samples: 1
  rmse: 27.429660069725983
  std: 0.0
scale:
  max: 24127.260306643675
  mean: 24127.260306643675
  median: 24127.260306643675
  min: 24127.260306643675
  num_samples: 1
  rmse: 24127.260306643675
  std: 0.0
trans:
  max: 240.93633360885286
  mean: 240.93633360885286
  median: 240.93633360885286
  min: 240.93633360885286
  num_samples: 1
  rmse: 240.93633360885286
  std: 0.0
