rot:
  max: 5.955010966069707
  mean: 2.575949285181055
  median: 2.732584601103613
  min: 0.00016122290739021877
  num_samples: 2095
  rmse: 2.8933211293100687
  std: 1.3174947580492689
scale:
  max: 10959.102430127547
  mean: 70.26895900017134
  median: 2.4045915444219412
  min: 0.020655087309917608
  num_samples: 2095
  rmse: 654.1113375240885
  std: 650.3260069215935
trans:
  max: 72.62362800982172
  mean: 46.0117744827008
  median: 49.63398603484525
  min: 0.0
  num_samples: 2095
  rmse: 50.7640620227117
  std: 21.445433126864188
