rot:
  max: 2.8933211293100687
  mean: 2.8933211293100687
  median: 2.8933211293100687
  min: 2.8933211293100687
  num_samples: 1
  rmse: 2.8933211293100687
  std: 0.0
scale:
  max: 654.1113375240885
  mean: 654.1113375240885
  median: 654.1113375240885
  min: 654.1113375240885
  num_samples: 1
  rmse: 654.1113375240885
  std: 0.0
trans:
  max: 50.7640620227117
  mean: 50.7640620227117
  median: 50.7640620227117
  min: 50.7640620227117
  num_samples: 1
  rmse: 50.7640620227117
  std: 0.0
