rot:
  max: 9.82328194605074
  mean: 2.371325198981136
  median: 1.8437764774566126
  min: 0.0
  num_samples: 792
  rmse: 3.0332082147663697
  std: 1.891340496791433
scale:
  max: 2056.8271536355082
  mean: 50.62594685467016
  median: 4.208587277933118
  min: 0.03589790725209152
  num_samples: 792
  rmse: 184.63282315065638
  std: 177.55644986778051
trans:
  max: 15.019561665972997
  mean: 8.191242614503992
  median: 6.83018379154503
  min: 0.0
  num_samples: 792
  rmse: 9.411289433689873
  std: 4.634211177214139
