rot:
  max: 3.0332082147663697
  mean: 3.0332082147663697
  median: 3.0332082147663697
  min: 3.0332082147663697
  num_samples: 1
  rmse: 3.0332082147663697
  std: 0.0
scale:
  max: 184.63282315065638
  mean: 184.63282315065638
  median: 184.63282315065638
  min: 184.63282315065638
  num_samples: 1
  rmse: 184.63282315065638
  std: 0.0
trans:
  max: 9.411289433689873
  mean: 9.411289433689873
  median: 9.411289433689873
  min: 9.411289433689873
  num_samples: 1
  rmse: 9.411289433689873
  std: 0.0
