rot:
  max: 10.780704741136338
  mean: 1.6160226839316478
  median: 1.0142971169365707
  min: 0.0
  num_samples: 792
  rmse: 2.7154675919947104
  std: 2.1822545516488
scale:
  max: 95045.45683651343
  mean: 239.60880650796642
  median: 6.22420407561391
  min: 0.014614376762622783
  num_samples: 792
  rmse: 3824.4615588359247
  std: 3816.948235810587
trans:
  max: 10.604261731888924
  mean: 6.318596065275351
  median: 6.63766193472201
  min: 0.0
  num_samples: 792
  rmse: 7.0282646198466745
  std: 3.0776366469216874
