rot:
  max: 26.223507437209147
  mean: 16.59178709483587
  median: 16.902469341657145
  min: 0.0
  num_samples: 2686
  rmse: 17.985690883985143
  std: 6.942454722495795
scale:
  max: 186835.9989538543
  mean: 638.5479645661248
  median: 10.574910706196095
  min: 0.11590715797007434
  num_samples: 2686
  rmse: 5303.967231569554
  std: 5265.389338929464
trans:
  max: 469.5544752952395
  mean: 288.5226025259682
  median: 356.4555077319277
  min: 0.0
  num_samples: 2686
  rmse: 325.1752834481499
  std: 149.97890784115882
