rot:
  max: 17.985690883985143
  mean: 17.985690883985143
  median: 17.985690883985143
  min: 17.985690883985143
  num_samples: 1
  rmse: 17.985690883985143
  std: 0.0
scale:
  max: 5303.967231569554
  mean: 5303.967231569554
  median: 5303.967231569554
  min: 5303.967231569554
  num_samples: 1
  rmse: 5303.967231569554
  std: 0.0
trans:
  max: 325.1752834481499
  mean: 325.1752834481499
  median: 325.1752834481499
  min: 325.1752834481499
  num_samples: 1
  rmse: 325.1752834481499
  std: 0.0
