rot:
  max: 10.258563784835562
  mean: 4.0844622390980945
  median: 4.401454128140045
  min: 0.0
  num_samples: 788
  rmse: 4.377942754240647
  std: 1.5759286077706556
scale:
  max: 33071.796354738144
  mean: 788.5138681117065
  median: 33.365815134334085
  min: 0.03993940261137752
  num_samples: 788
  rmse: 3371.108669244929
  std: 3277.5935592525543
trans:
  max: 61.59902503932381
  mean: 39.39158450864097
  median: 59.98843781112185
  min: 0.0
  num_samples: 788
  rmse: 47.13847238242538
  std: 25.890898950157702
