rot:
  max: 4.377942754240647
  mean: 4.377942754240647
  median: 4.377942754240647
  min: 4.377942754240647
  num_samples: 1
  rmse: 4.377942754240647
  std: 0.0
scale:
  max: 3371.108669244929
  mean: 3371.108669244929
  median: 3371.108669244929
  min: 3371.108669244929
  num_samples: 1
  rmse: 3371.108669244929
  std: 0.0
trans:
  max: 47.13847238242538
  mean: 47.13847238242538
  median: 47.13847238242538
  min: 47.13847238242538
  num_samples: 1
  rmse: 47.13847238242538
  std: 0.0
