rot:
  max: 15.510560591619079
  mean: 8.797264572451205
  median: 11.669062627594094
  min: 0.002037169356248867
  num_samples: 772
  rmse: 9.989668974149282
  std: 4.733035205380973
scale:
  max: 60046.625754931076
  mean: 1563.5762502911525
  median: 257.5269549067689
  min: 8.322153479678462e-05
  num_samples: 772
  rmse: 6108.792576366543
  std: 5905.300674021301
trans:
  max: 116.68225088722379
  mean: 68.76632589842286
  median: 107.09816827158181
  min: 0.0
  num_samples: 772
  rmse: 84.61617160634286
  std: 49.30607386261819
