rot:
  max: 9.989668974149282
  mean: 9.989668974149282
  median: 9.989668974149282
  min: 9.989668974149282
  num_samples: 1
  rmse: 9.989668974149282
  std: 0.0
scale:
  max: 6108.792576366543
  mean: 6108.792576366543
  median: 6108.792576366543
  min: 6108.792576366543
  num_samples: 1
  rmse: 6108.792576366543
  std: 0.0
trans:
  max: 84.61617160634286
  mean: 84.61617160634286
  median: 84.61617160634286
  min: 84.61617160634286
  num_samples: 1
  rmse: 84.61617160634286
  std: 0.0
