rot:
  max: 14.799432626694768
  mean: 7.702851904537763
  median: 8.71650027773895
  min: 0.0011563767715691445
  num_samples: 535
  rmse: 9.064977384971485
  std: 4.779109490982958
scale:
  max: 3375844.5533309174
  mean: 14694.85205577752
  median: 9.800032231278411
  min: 0.002304075543790862
  num_samples: 535
  rmse: 206149.42297985245
  std: 205625.01287047967
trans:
  max: 50.161885567604486
  mean: 21.28452701788718
  median: 18.82259135505551
  min: 4.0797911805097564e-08
  num_samples: 535
  rmse: 27.96334998698861
  std: 18.13609252622093
