rot:
  max: 9.064977384971485
  mean: 9.064977384971485
  median: 9.064977384971485
  min: 9.064977384971485
  num_samples: 1
  rmse: 9.064977384971485
  std: 0.0
scale:
  max: 206149.42297985245
  mean: 206149.42297985245
  median: 206149.42297985245
  min: 206149.42297985245
  num_samples: 1
  rmse: 206149.42297985245
  std: 0.0
trans:
  max: 27.96334998698861
  mean: 27.96334998698861
  median: 27.96334998698861
  min: 27.96334998698861
  num_samples: 1
  rmse: 27.96334998698861
  std: 0.0
