rot:
  max: 13.935986005268353
  mean: 3.574811308622538
  median: 3.303870626864549
  min: 0.0005860310670338717
  num_samples: 1101
  rmse: 4.008057692103667
  std: 1.8125260193927673
scale:
  max: 331.15703572743234
  mean: 6.658319153799895
  median: 3.0853318445918987
  min: 0.0494327911043424
  num_samples: 1101
  rmse: 26.46946620150163
  std: 25.618341613745777
trans:
  max: 123.31932112319498
  mean: 62.67202099825243
  median: 71.32785046903925
  min: 0.0
  num_samples: 1101
  rmse: 73.74881841385164
  std: 38.872946909565115
