rot:
  max: 4.008057692103667
  mean: 4.008057692103667
  median: 4.008057692103667
  min: 4.008057692103667
  num_samples: 1
  rmse: 4.008057692103667
  std: 0.0
scale:
  max: 26.46946620150163
  mean: 26.46946620150163
  median: 26.46946620150163
  min: 26.46946620150163
  num_samples: 1
  rmse: 26.46946620150163
  std: 0.0
trans:
  max: 73.74881841385164
  mean: 73.74881841385164
  median: 73.74881841385164
  min: 73.74881841385164
  num_samples: 1
  rmse: 73.74881841385164
  std: 0.0
