rot:
  max: 8.088062263782342
  mean: 1.4110953132239583
  median: 1.0522613706623343
  min: 0.0
  num_samples: 792
  rmse: 2.039758576547306
  std: 1.4728968285646045
scale:
  max: 95045.45683651343
  mean: 223.61266073585247
  median: 2.7814394455525693
  min: 0.017256007096611015
  num_samples: 792
  rmse: 3823.559720082951
  std: 3817.015366880182
trans:
  max: 7.356478113671636
  mean: 3.5174077345289914
  median: 2.3320526120879483
  min: 0.0
  num_samples: 792
  rmse: 4.29479343589717
  std: 2.46436472262144
