rot:
  max: 2.039758576547306
  mean: 2.039758576547306
  median: 2.039758576547306
  min: 2.039758576547306
  num_samples: 1
  rmse: 2.039758576547306
  std: 0.0
scale:
  max: 3823.559720082951
  mean: 3823.559720082951
  median: 3823.559720082951
  min: 3823.559720082951
  num_samples: 1
  rmse: 3823.559720082951
  std: 0.0
trans:
  max: 4.29479343589717
  mean: 4.29479343589717
  median: 4.29479343589717
  min: 4.29479343589717
  num_samples: 1
  rmse: 4.29479343589717
  std: 0.0
