rot:
  max: 19.47938079893829
  mean: 10.232615881590979
  median: 9.634458470185491
  min: 0.0007801794054116189
  num_samples: 1101
  rmse: 11.817232737182739
  std: 5.911054202471463
scale:
  max: 1074.9600677022745
  mean: 7.085360606151095
  median: 4.038289502912851
  min: 0.0002467123234151103
  num_samples: 1101
  rmse: 42.99624896665624
  std: 42.40843183004401
trans:
  max: 228.0622670157508
  mean: 90.76883940749694
  median: 82.304335552529
  min: 1.2476799491734092e-08
  num_samples: 1101
  rmse: 114.234156757627
  std: 69.35748238468672
