rot:
  max: 11.817232737182739
  mean: 11.817232737182739
  median: 11.817232737182739
  min: 11.817232737182739
  num_samples: 1
  rmse: 11.817232737182739
  std: 0.0
scale:
  max: 42.99624896665624
  mean: 42.99624896665624
  median: 42.99624896665624
  min: 42.99624896665624
  num_samples: 1
  rmse: 42.99624896665624
  std: 0.0
trans:
  max: 114.234156757627
  mean: 114.234156757627
  median: 114.234156757627
  min: 114.234156757627
  num_samples: 1
  rmse: 114.234156757627
  std: 0.0
