rot:
  max: 9.426344885558583
  mean: 2.5897146704059746
  median: 2.48098997109976
  min: 0.0025383285775078036
  num_samples: 808
  rmse: 2.9659993024599665
  std: 1.4458664489077409
scale:
  max: 15206190.569495978
  mean: 20321.519951699214
  median: 2.1581002612800937
  min: 0.0031436011391328122
  num_samples: 808
  rmse: 536568.9364732597
  std: 536183.9790733195
trans:
  max: 14.496081619988946
  mean: 9.204569714277321
  median: 10.311213724562222
  min: 1.7378711145748334e-07
  num_samples: 808
  rmse: 10.288797175990878
  std: 4.597308310706015
