rot:
  max: 2.9659993024599665
  mean: 2.9659993024599665
  median: 2.9659993024599665
  min: 2.9659993024599665
  num_samples: 1
  rmse: 2.9659993024599665
  std: 0.0
scale:
  max: 536568.9364732597
  mean: 536568.9364732597
  median: 536568.9364732597
  min: 536568.9364732597
  num_samples: 1
  rmse: 536568.9364732597
  std: 0.0
trans:
  max: 10.288797175990878
  mean: 10.288797175990878
  median: 10.288797175990878
  min: 10.288797175990878
  num_samples: 1
  rmse: 10.288797175990878
  std: 0.0
