rot:
  max: 16.108117240097076
  mean: 7.268302734925681
  median: 7.861463647188995
  min: 0.00212969360678017
  num_samples: 1330
  rmse: 7.87227847866686
  std: 3.0239946757812386
scale:
  max: 24519899.605696812
  mean: 30664.88694100888
  median: 3.6056201444849334
  min: 0.059159824674126504
  num_samples: 1330
  rmse: 762005.7834902437
  std: 761388.5202585307
trans:
  max: 228.98598038983258
  mean: 79.51342803635197
  median: 75.34153061526106
  min: 9.938361130639345e-08
  num_samples: 1330
  rmse: 101.68003531408675
  std: 63.375423812246055
