rot:
  max: 7.87227847866686
  mean: 7.87227847866686
  median: 7.87227847866686
  min: 7.87227847866686
  num_samples: 1
  rmse: 7.87227847866686
  std: 0.0
scale:
  max: 762005.7834902437
  mean: 762005.7834902437
  median: 762005.7834902437
  min: 762005.7834902437
  num_samples: 1
  rmse: 762005.7834902437
  std: 0.0
trans:
  max: 101.68003531408675
  mean: 101.68003531408675
  median: 101.68003531408675
  min: 101.68003531408675
  num_samples: 1
  rmse: 101.68003531408675
  std: 0.0
