rot:
  max: 14.099223303584555
  mean: 4.66137077475705
  median: 4.099103736751392
  min: 0.0005860310670338717
  num_samples: 1101
  rmse: 5.109033544111889
  std: 2.091374250367767
scale:
  max: 331.1596322770945
  mean: 5.8297712106004305
  median: 2.5571741088336486
  min: 0.017172181371116757
  num_samples: 1101
  rmse: 26.374714147616448
  std: 25.722350475812537
trans:
  max: 124.79755730725398
  mean: 56.378903310745706
  median: 50.01834783871555
  min: 0.0
  num_samples: 1101
  rmse: 68.45627859376458
  std: 38.82887250983085
