rot:
  max: 5.109033544111889
  mean: 5.109033544111889
  median: 5.109033544111889
  min: 5.109033544111889
  num_samples: 1
  rmse: 5.109033544111889
  std: 0.0
scale:
  max: 26.374714147616448
  mean: 26.374714147616448
  median: 26.374714147616448
  min: 26.374714147616448
  num_samples: 1
  rmse: 26.374714147616448
  std: 0.0
trans:
  max: 68.45627859376458
  mean: 68.45627859376458
  median: 68.45627859376458
  min: 68.45627859376458
  num_samples: 1
  rmse: 68.45627859376458
  std: 0.0
