rot:
  max: 10.475364846280064
  mean: 6.098052901226079
  median: 6.413294634453882
  min: 0.00042243057245074247
  num_samples: 1330
  rmse: 6.953777511557125
  std: 3.3419713484836797
scale:
  max: 23085730.07557089
  mean: 28505.94163424403
  median: 5.117039587178423
  min: 0.07423823274568253
  num_samples: 1330
  rmse: 711844.8562643148
  std: 711273.86475359
trans:
  max: 201.48576947951688
  mean: 57.555697098940776
  median: 38.68220630507885
  min: 9.678172040897828e-08
  num_samples: 1330
  rmse: 79.41481423748834
  std: 54.71795365170156
