rot:
  max: 6.953777511557125
  mean: 6.953777511557125
  median: 6.953777511557125
  min: 6.953777511557125
  num_samples: 1
  rmse: 6.953777511557125
  std: 0.0
scale:
  max: 711844.8562643148
  mean: 711844.8562643148
  median: 711844.8562643148
  min: 711844.8562643148
  num_samples: 1
  rmse: 711844.8562643148
  std: 0.0
trans:
  max: 79.41481423748834
  mean: 79.41481423748834
  median: 79.41481423748834
  min: 79.41481423748834
  num_samples: 1
  rmse: 79.41481423748834
  std: 0.0
