rot:
  max: 11.023716852561977
  mean: 4.0768902913056415
  median: 4.744481928536918
  min: 0.00260916829651933
  num_samples: 535
  rmse: 4.5579382095141865
  std: 2.038079064807642
scale:
  max: 2560772.933327428
  mean: 8258.562168332004
  median: 8.923930045753426
  min: 0.0966814333187127
  num_samples: 535
  rmse: 126938.16126092631
  std: 126669.22647279697
trans:
  max: 25.393192979721867
  mean: 14.934085245909655
  median: 20.16710483615352
  min: 0.0
  num_samples: 535
  rmse: 18.146744202349808
  std: 10.309094189763705
