rot:
  max: 42.333594423529945
  mean: 25.36022641888541
  median: 40.0339021115189
  min: 0.0
  num_samples: 772
  rmse: 32.02470931256596
  std: 19.556096812432067
scale:
  max: 205844.21425238642
  mean: 3376.5359767216596
  median: 493.9570063623198
  min: 0.0762971052656658
  num_samples: 772
  rmse: 14359.72883991238
  std: 13957.106331676197
trans:
  max: 241.09997123476998
  mean: 127.77290146774966
  median: 201.8947330912089
  min: 0.0
  num_samples: 772
  rmse: 162.92872213991842
  std: 101.09329428136896
