rot:
  max: 32.02470931256596
  mean: 32.02470931256596
  median: 32.02470931256596
  min: 32.02470931256596
  num_samples: 1
  rmse: 32.02470931256596
  std: 0.0
scale:
  max: 14359.72883991238
  mean: 14359.72883991238
  median: 14359.72883991238
  min: 14359.72883991238
  num_samples: 1
  rmse: 14359.72883991238
  std: 0.0
trans:
  max: 162.92872213991842
  mean: 162.92872213991842
  median: 162.92872213991842
  min: 162.92872213991842
  num_samples: 1
  rmse: 162.92872213991842
  std: 0.0
