rot:
  max: 2.1622589783187527
  mean: 2.1622589783187527
  median: 2.1622589783187527
  min: 2.1622589783187527
  num_samples: 1
  rmse: 2.1622589783187527
  std: 0.0
scale:
  max: 3823.584990347221
  mean: 3823.584990347221
  median: 3823.584990347221
  min: 3823.584990347221
  num_samples: 1
  rmse: 3823.584990347221
  std: 0.0
trans:
  max: 5.216990287263567
  mean: 5.216990287263567
  median: 5.216990287263567
  min: 5.216990287263567
  num_samples: 1
  rmse: 5.216990287263567
  std: 0.0
