rot:
  max: 13.334163009471164
  mean: 3.194624076028163
  median: 3.174717397890241
  min: 0.0006741862031264913
  num_samples: 1330
  rmse: 3.703080461638854
  std: 1.8727471581162878
scale:
  max: 11823396.453366015
  mean: 17077.88291962463
  median: 2.3664567156064686
  min: 0.04278568855060616
  num_samples: 1330
  rmse: 399061.35831431125
  std: 398695.7657345344
trans:
  max: 87.33099983187039
  mean: 42.22491394845832
  median: 44.5167799895704
  min: 0.0
  num_samples: 1330
  rmse: 50.80450332614096
  std: 28.25162296685197
