rot:
  max: 28.049047341142458
  mean: 16.450439231618105
  median: 16.195841599713326
  min: 0.0
  num_samples: 2686
  rmse: 18.352910529103006
  std: 8.137098621505086
scale:
  max: 172944.12944645263
  mean: 546.5609425050166
  median: 8.874937682542118
  min: 0.47032605180705733
  num_samples: 2686
  rmse: 4703.909560558707
  std: 4672.048404077556
trans:
  max: 413.6735693855352
  mean: 246.3386461111095
  median: 296.45705557856087
  min: 0.0
  num_samples: 2686
  rmse: 275.0521818091132
  std: 122.35593222275332
