rot:
  max: 18.352910529103006
  mean: 18.352910529103006
  median: 18.352910529103006
  min: 18.352910529103006
  num_samples: 1
  rmse: 18.352910529103006
  std: 0.0
scale:
  max: 4703.909560558707
  mean: 4703.909560558707
  median: 4703.909560558707
  min: 4703.909560558707
  num_samples: 1
  rmse: 4703.909560558707
  std: 0.0
trans:
  max: 275.0521818091132
  mean: 275.0521818091132
  median: 275.0521818091132
  min: 275.0521818091132
  num_samples: 1
  rmse: 275.0521818091132
  std: 0.0
