rot:
  max: 8.781197964765367
  mean: 8.781197964765367
  median: 8.781197964765367
  min: 8.781197964765367
  num_samples: 1
  rmse: 8.781197964765367
  std: 0.0
scale:
  max: 206149.38572310738
  mean: 206149.38572310738
  median: 206149.38572310738
  min: 206149.38572310738
  num_samples: 1
  rmse: 206149.38572310738
  std: 0.0
trans:
  max: 27.601163679792712
  mean: 27.601163679792712
  median: 27.601163679792712
  min: 27.601163679792712
  num_samples: 1
  rmse: 27.601163679792712
  std: 0.0
