rot:
  max: 24.632636287117915
  mean: 15.270439808489375
  median: 16.22547747857134
  min: 1.1459155902616465e-14
  num_samples: 2095
  rmse: 16.432852718695116
  std: 6.0706108860334975
scale:
  max: 112608.22537280418
  mean: 753.3643135867186
  median: 10.804724400723643
  min: 0.017645722454906476
  num_samples: 2095
  rmse: 7145.043599401868
  std: 7105.215707377757
trans:
  max: 522.9036700100926
  mean: 290.14768922442806
  median: 370.5882459574846
  min: 0.0
  num_samples: 2095
  rmse: 335.4755091622378
  std: 168.3987401538011
