rot:
  max: 16.432852718695116
  mean: 16.432852718695116
  median: 16.432852718695116
  min: 16.432852718695116
  num_samples: 1
  rmse: 16.432852718695116
  std: 0.0
scale:
  max: 7145.043599401868
  mean: 7145.043599401868
  median: 7145.043599401868
  min: 7145.043599401868
  num_samples: 1
  rmse: 7145.043599401868
  std: 0.0
trans:
  max: 335.4755091622378
  mean: 335.4755091622378
  median: 335.4755091622378
  min: 335.4755091622378
  num_samples: 1
  rmse: 335.4755091622378
  std: 0.0
