rot:
  max: 16.794343687121696
  mean: 8.766317253534991
  median: 6.844126476400558
  min: 0.0007801794054116189
  num_samples: 1101
  rmse: 10.271584625399743
  std: 5.353235706292327
scale:
  max: 1075.418366396347
  mean: 6.734921290995745
  median: 3.2784191291525433
  min: 0.001791768034842267
  num_samples: 1101
  rmse: 42.96527783023408
  std: 42.43413642615221
trans:
  max: 202.73805183395731
  mean: 80.2536095644517
  median: 75.0470352483593
  min: 1.2476799491734092e-08
  num_samples: 1101
  rmse: 99.95895541707046
  std: 59.59153396203549
