rot:
  max: 10.271584625399743
  mean: 10.271584625399743
  median: 10.271584625399743
  min: 10.271584625399743
  num_samples: 1
  rmse: 10.271584625399743
  std: 0.0
scale:
  max: 42.96527783023408
  mean: 42.96527783023408
  median: 42.96527783023408
  min: 42.96527783023408
  num_samples: 1
  rmse: 42.96527783023408
  std: 0.0
trans:
  max: 99.95895541707046
  mean: 99.95895541707046
  median: 99.95895541707046
  min: 99.95895541707046
  num_samples: 1
  rmse: 99.95895541707046
  std: 0.0
