rot:
  max: 11.920263169883603
  mean: 11.920263169883603
  median: 11.920263169883603
  min: 11.920263169883603
  num_samples: 1
  rmse: 11.920263169883603
  std: 0.0
scale:
  max: 7815.67629720528
  mean: 7815.67629720528
  median: 7815.67629720528
  min: 7815.67629720528
  num_samples: 1
  rmse: 7815.67629720528
  std: 0.0
trans:
  max: 90.0574078530076
  mean: 90.0574078530076
  median: 90.0574078530076
  min: 90.0574078530076
  num_samples: 1
  rmse: 90.0574078530076
  std: 0.0
