rot:
  max: 29.056224058016312
  mean: 17.445141746075368
  median: 17.25331235578593
  min: 0.0
  num_samples: 2686
  rmse: 19.322646809271966
  std: 8.308532311738736
scale:
  max: 174047.42350528322
  mean: 550.5355704123433
  median: 9.270228911609756
  min: 0.4978291032897708
  num_samples: 2686
  rmse: 4734.095337138523
  std: 4701.975036814579
trans:
  max: 437.87795085329765
  mean: 261.58943503874275
  median: 320.1965583058438
  min: 0.0
  num_samples: 2686
  rmse: 291.0024769136794
  std: 127.48885851715788
