rot:
  max: 19.322646809271966
  mean: 19.322646809271966
  median: 19.322646809271966
  min: 19.322646809271966
  num_samples: 1
  rmse: 19.322646809271966
  std: 0.0
scale:
  max: 4734.095337138523
  mean: 4734.095337138523
  median: 4734.095337138523
  min: 4734.095337138523
  num_samples: 1
  rmse: 4734.095337138523
  std: 0.0
trans:
  max: 291.0024769136794
  mean: 291.0024769136794
  median: 291.0024769136794
  min: 291.0024769136794
  num_samples: 1
  rmse: 291.0024769136794
  std: 0.0
