rot:
  max: 8.348139333094544
  mean: 3.841012867703242
  median: 3.3629772085095193
  min: 0.00016122290739021877
  num_samples: 2095
  rmse: 4.2086347469691665
  std: 1.720240269129384
scale:
  max: 18702.72566356019
  mean: 129.5219639026331
  median: 1.8962260865735159
  min: 0.022336827530289316
  num_samples: 2095
  rmse: 1210.2858544594944
  std: 1203.335327484219
trans:
  max: 90.35883976339294
  mean: 52.2326311859938
  median: 53.159125991479144
  min: 0.0
  num_samples: 2095
  rmse: 59.18603711979926
  std: 27.83413784068412
