rot:
  max: 4.2086347469691665
  mean: 4.2086347469691665
  median: 4.2086347469691665
  min: 4.2086347469691665
  num_samples: 1
  rmse: 4.2086347469691665
  std: 0.0
scale:
  max: 1210.2858544594944
  mean: 1210.2858544594944
  median: 1210.2858544594944
  min: 1210.2858544594944
  num_samples: 1
  rmse: 1210.2858544594944
  std: 0.0
trans:
  max: 59.18603711979926
  mean: 59.18603711979926
  median: 59.18603711979926
  min: 59.18603711979926
  num_samples: 1
  rmse: 59.18603711979926
  std: 0.0
