rot:
  max: 18.231087779777667
  mean: 9.672963808061489
  median: 8.550951359800274
  min: 0.00042243057245074247
  num_samples: 1330
  rmse: 11.516562649041736
  std: 6.25019891021364
scale:
  max: 23085730.07557089
  mean: 28518.338646414428
  median: 4.636596893470168
  min: 0.015593827945092897
  num_samples: 1330
  rmse: 711844.8682935071
  std: 711273.3798453648
trans:
  max: 264.7479345965604
  mean: 81.20779324065225
  median: 55.59220477302928
  min: 9.678172040897828e-08
  num_samples: 1330
  rmse: 111.17866819111329
  std: 75.93411998392513
