rot:
  max: 13.313722919854285
  mean: 7.293170816567629
  median: 5.766276707387097
  min: 0.0
  num_samples: 792
  rmse: 8.62963512381517
  std: 4.613053415098373
scale:
  max: 80532.30749436346
  mean: 266.01203089106207
  median: 6.095727274992963
  min: 0.004590456396524889
  num_samples: 792
  rmse: 3225.8590868136425
  std: 3214.8723843100465
trans:
  max: 41.539878702727165
  mean: 18.804358977682735
  median: 16.573988312867378
  min: 0.0
  num_samples: 792
  rmse: 22.04227454504841
  std: 11.50034567122797
