rot:
  max: 8.62963512381517
  mean: 8.62963512381517
  median: 8.62963512381517
  min: 8.62963512381517
  num_samples: 1
  rmse: 8.62963512381517
  std: 0.0
scale:
  max: 3225.8590868136425
  mean: 3225.8590868136425
  median: 3225.8590868136425
  min: 3225.8590868136425
  num_samples: 1
  rmse: 3225.8590868136425
  std: 0.0
trans:
  max: 22.04227454504841
  mean: 22.04227454504841
  median: 22.04227454504841
  min: 22.04227454504841
  num_samples: 1
  rmse: 22.04227454504841
  std: 0.0
