rot:
  max: 4.007733466793449
  mean: 1.6982168799585944
  median: 1.618422347412246
  min: 6.8257180786321384e-06
  num_samples: 2095
  rmse: 1.9380696516514455
  std: 0.9339022450321296
scale:
  max: 10959.102288474887
  mean: 67.22705592526805
  median: 0.6099312375939192
  min: 3.756387110254167e-05
  num_samples: 2095
  rmse: 655.4177479565855
  std: 651.9608479717958
trans:
  max: 39.2869674472834
  mean: 19.819063038980786
  median: 21.165770999686927
  min: 0.0
  num_samples: 2095
  rmse: 23.157574116563055
  std: 11.97822938589076
