rot:
  max: 1.9380696516514455
  mean: 1.9380696516514455
  median: 1.9380696516514455
  min: 1.9380696516514455
  num_samples: 1
  rmse: 1.9380696516514455
  std: 0.0
scale:
  max: 655.4177479565855
  mean: 655.4177479565855
  median: 655.4177479565855
  min: 655.4177479565855
  num_samples: 1
  rmse: 655.4177479565855
  std: 0.0
trans:
  max: 23.157574116563055
  mean: 23.157574116563055
  median: 23.157574116563055
  min: 23.157574116563055
  num_samples: 1
  rmse: 23.157574116563055
  std: 0.0
