rot:
  max: 97.95501805682277
  mean: 51.78800541563206
  median: 71.77913633593927
  min: 0.0
  num_samples: 772
  rmse: 65.60593391972478
  std: 40.2758123512085
scale:
  max: 206293.9579431469
  mean: 5253.331775177177
  median: 811.4437265197137
  min: 0.0676821496209512
  num_samples: 772
  rmse: 21042.64476687555
  std: 20376.344226696525
trans:
  max: 415.31200279514667
  mean: 214.65267838356303
  median: 333.2216939311082
  min: 0.0
  num_samples: 772
  rmse: 273.9183931105352
  std: 170.1631973930331
