rot:
  max: 65.60593391972478
  mean: 65.60593391972478
  median: 65.60593391972478
  min: 65.60593391972478
  num_samples: 1
  rmse: 65.60593391972478
  std: 0.0
scale:
  max: 21042.64476687555
  mean: 21042.64476687555
  median: 21042.64476687555
  min: 21042.64476687555
  num_samples: 1
  rmse: 21042.64476687555
  std: 0.0
trans:
  max: 273.9183931105352
  mean: 273.9183931105352
  median: 273.9183931105352
  min: 273.9183931105352
  num_samples: 1
  rmse: 273.9183931105352
  std: 0.0
