rot:
  max: 24.44251709991688
  mean: 15.188880409393947
  median: 16.224136603152864
  min: 1.1459155902616465e-14
  num_samples: 2095
  rmse: 16.33039719836111
  std: 5.998315143885753
scale:
  max: 109259.71661563913
  mean: 731.1919157036776
  median: 10.76157154879349
  min: 0.017680820612575587
  num_samples: 2095
  rmse: 6932.209525808184
  std: 6893.539532933376
trans:
  max: 508.92196752897183
  mean: 283.4999844611301
  median: 360.0906646622935
  min: 0.0
  num_samples: 2095
  rmse: 327.17842296633665
  std: 163.3201740915006
