rot:
  max: 16.33039719836111
  mean: 16.33039719836111
  median: 16.33039719836111
  min: 16.33039719836111
  num_samples: 1
  rmse: 16.33039719836111
  std: 0.0
scale:
  max: 6932.209525808184
  mean: 6932.209525808184
  median: 6932.209525808184
  min: 6932.209525808184
  num_samples: 1
  rmse: 6932.209525808184
  std: 0.0
trans:
  max: 327.17842296633665
  mean: 327.17842296633665
  median: 327.17842296633665
  min: 327.17842296633665
  num_samples: 1
  rmse: 327.17842296633665
  std: 0.0
