rot:
  max: 10.200455099550318
  mean: 4.708518676292972
  median: 4.717807973554066
  min: 0.0023198233863703107
  num_samples: 2095
  rmse: 4.868505106291004
  std: 1.2378181792904255
scale:
  max: 33223.92427227559
  mean: 217.6464899190096
  median: 2.921059478871335
  min: 0.2536792847077085
  num_samples: 2095
  rmse: 2105.1151150338105
  std: 2093.833721423396
trans:
  max: 168.52495204104343
  mean: 96.55952095485627
  median: 109.8264311147778
  min: 0.0
  num_samples: 2095
  rmse: 109.05330389811571
  std: 50.684139571106975
