rot:
  max: 4.868505106291004
  mean: 4.868505106291004
  median: 4.868505106291004
  min: 4.868505106291004
  num_samples: 1
  rmse: 4.868505106291004
  std: 0.0
scale:
  max: 2105.1151150338105
  mean: 2105.1151150338105
  median: 2105.1151150338105
  min: 2105.1151150338105
  num_samples: 1
  rmse: 2105.1151150338105
  std: 0.0
trans:
  max: 109.05330389811571
  mean: 109.05330389811571
  median: 109.05330389811571
  min: 109.05330389811571
  num_samples: 1
  rmse: 109.05330389811571
  std: 0.0
