rot:
  max: 9.697901281265707
  mean: 5.475040199585043
  median: 5.003220411599084
  min: 0.0
  num_samples: 792
  rmse: 6.16972985170429
  std: 2.8442048547773067
scale:
  max: 80473.5457920929
  mean: 218.25860728422546
  median: 6.057229985489992
  min: 0.07464850777800791
  num_samples: 792
  rmse: 3210.4319638586653
  std: 3203.0043045415596
trans:
  max: 25.373862738240355
  mean: 12.714280783019088
  median: 11.523309848617796
  min: 0.0
  num_samples: 792
  rmse: 14.746811837475116
  std: 7.4709787538479615
