rot:
  max: 6.16972985170429
  mean: 6.16972985170429
  median: 6.16972985170429
  min: 6.16972985170429
  num_samples: 1
  rmse: 6.16972985170429
  std: 0.0
scale:
  max: 3210.4319638586653
  mean: 3210.4319638586653
  median: 3210.4319638586653
  min: 3210.4319638586653
  num_samples: 1
  rmse: 3210.4319638586653
  std: 0.0
trans:
  max: 14.746811837475116
  mean: 14.746811837475116
  median: 14.746811837475116
  min: 14.746811837475116
  num_samples: 1
  rmse: 14.746811837475116
  std: 0.0
