rot:
  max: 37.54694172563744
  mean: 27.31971574666532
  median: 31.388428267193266
  min: 1.1459155902616465e-14
  num_samples: 2095
  rmse: 29.274355481202345
  std: 10.517652797141029
scale:
  max: 64321.54731372761
  mean: 446.1813557064713
  median: 20.44884210268345
  min: 0.11624932235378971
  num_samples: 2095
  rmse: 4083.298610271704
  std: 4058.8483266151693
trans:
  max: 994.3641760133543
  mean: 513.5364566794433
  median: 481.91809356011373
  min: 0.0
  num_samples: 2095
  rmse: 607.8055981110181
  std: 325.1275945782126
