rot:
  max: 29.274355481202345
  mean: 29.274355481202345
  median: 29.274355481202345
  min: 29.274355481202345
  num_samples: 1
  rmse: 29.274355481202345
  std: 0.0
scale:
  max: 4083.298610271704
  mean: 4083.298610271704
  median: 4083.298610271704
  min: 4083.298610271704
  num_samples: 1
  rmse: 4083.298610271704
  std: 0.0
trans:
  max: 607.8055981110181
  mean: 607.8055981110181
  median: 607.8055981110181
  min: 607.8055981110181
  num_samples: 1
  rmse: 607.8055981110181
  std: 0.0
