rot:
  max: 6.995364866442114
  mean: 1.8762909395869904
  median: 1.870864908342126
  min: 0.0
  num_samples: 792
  rmse: 2.240643322213885
  std: 1.2247509164746289
scale:
  max: 95045.45683651343
  mean: 223.77926693813228
  median: 2.2969044842895525
  min: 0.05465672383851983
  num_samples: 792
  rmse: 3823.5497120026225
  std: 3816.9955776558054
trans:
  max: 9.399808537367605
  mean: 3.8707516742266384
  median: 1.9263667003997118
  min: 0.0
  num_samples: 792
  rmse: 5.192618847108455
  std: 3.461296284315692
