rot:
  max: 2.240643322213885
  mean: 2.240643322213885
  median: 2.240643322213885
  min: 2.240643322213885
  num_samples: 1
  rmse: 2.240643322213885
  std: 0.0
scale:
  max: 3823.5497120026225
  mean: 3823.5497120026225
  median: 3823.5497120026225
  min: 3823.5497120026225
  num_samples: 1
  rmse: 3823.5497120026225
  std: 0.0
trans:
  max: 5.192618847108455
  mean: 5.192618847108455
  median: 5.192618847108455
  min: 5.192618847108455
  num_samples: 1
  rmse: 5.192618847108455
  std: 0.0
