rot:
  max: 22.55132511961782
  mean: 14.035144812825148
  median: 14.339877246647298
  min: 1.1459155902616465e-14
  num_samples: 2095
  rmse: 15.178688670028928
  std: 5.779904828342063
scale:
  max: 56148.94517182039
  mean: 381.8069454765198
  median: 10.73503872900572
  min: 0.11708081658368119
  num_samples: 2095
  rmse: 3521.024012728445
  std: 3500.2619265700982
trans:
  max: 463.36422377873527
  mean: 243.13553491202205
  median: 244.50163392949378
  min: 0.0
  num_samples: 2095
  rmse: 280.82902852807507
  std: 140.53488864715163
