rot:
  max: 15.178688670028928
  mean: 15.178688670028928
  median: 15.178688670028928
  min: 15.178688670028928
  num_samples: 1
  rmse: 15.178688670028928
  std: 0.0
scale:
  max: 3521.024012728445
  mean: 3521.024012728445
  median: 3521.024012728445
  min: 3521.024012728445
  num_samples: 1
  rmse: 3521.024012728445
  std: 0.0
trans:
  max: 280.82902852807507
  mean: 280.82902852807507
  median: 280.82902852807507
  min: 280.82902852807507
  num_samples: 1
  rmse: 280.82902852807507
  std: 0.0
