rot:
  max: 19.026330164948607
  mean: 11.233497495832674
  median: 15.440114446416136
  min: 0.002037169356248867
  num_samples: 772
  rmse: 13.06798593498846
  std: 6.676884783203703
scale:
  max: 94027.51294818551
  mean: 2427.8750542596877
  median: 393.31711675039276
  min: 0.07848310185523122
  num_samples: 772
  rmse: 9581.763898336201
  std: 9269.068028899264
trans:
  max: 175.63991553859313
  mean: 103.45925160217936
  median: 161.40230307161147
  min: 0.0
  num_samples: 772
  rmse: 128.2887396739141
  std: 75.85633780402436
