rot:
  max: 13.06798593498846
  mean: 13.06798593498846
  median: 13.06798593498846
  min: 13.06798593498846
  num_samples: 1
  rmse: 13.06798593498846
  std: 0.0
scale:
  max: 9581.763898336201
  mean: 9581.763898336201
  median: 9581.763898336201
  min: 9581.763898336201
  num_samples: 1
  rmse: 9581.763898336201
  std: 0.0
trans:
  max: 128.2887396739141
  mean: 128.2887396739141
  median: 128.2887396739141
  min: 128.2887396739141
  num_samples: 1
  rmse: 128.2887396739141
  std: 0.0
