rot:
  max: 17.95576377209227
  mean: 9.194807759453262
  median: 7.411787272328634
  min: 0.0007801794054116189
  num_samples: 1101
  rmse: 10.780161224247255
  std: 5.627378278333717
scale:
  max: 1075.418366396347
  mean: 8.016086316471899
  median: 4.174905905799053
  min: 0.023181008071271325
  num_samples: 1101
  rmse: 43.1433076112533
  std: 42.392067085789755
trans:
  max: 221.20936737590185
  mean: 89.40957363856813
  median: 84.15187686810872
  min: 1.2476799491734092e-08
  num_samples: 1101
  rmse: 110.1535313238652
  std: 64.34072275695397
