rot:
  max: 10.780161224247255
  mean: 10.780161224247255
  median: 10.780161224247255
  min: 10.780161224247255
  num_samples: 1
  rmse: 10.780161224247255
  std: 0.0
scale:
  max: 43.1433076112533
  mean: 43.1433076112533
  median: 43.1433076112533
  min: 43.1433076112533
  num_samples: 1
  rmse: 43.1433076112533
  std: 0.0
trans:
  max: 110.1535313238652
  mean: 110.1535313238652
  median: 110.1535313238652
  min: 110.1535313238652
  num_samples: 1
  rmse: 110.1535313238652
  std: 0.0
