rot:
  max: 11.074167353762068
  mean: 3.7413098884340816
  median: 3.9129141051273546
  min: 0.00260916829651933
  num_samples: 535
  rmse: 4.226395721923142
  std: 1.9659656957830154
scale:
  max: 2560772.933327428
  mean: 8269.689085701064
  median: 6.907040542315479
  min: 5.3880190864497024e-05
  num_samples: 535
  rmse: 126938.38445116485
  std: 126668.72419621809
trans:
  max: 27.52691567540823
  mean: 16.5284269907418
  median: 24.793476244519763
  min: 0.0
  num_samples: 535
  rmse: 20.161854665068137
  std: 11.54605927349448
