rot:
  max: 9.81898157969805
  mean: 6.458624686486034
  median: 9.153536482915984
  min: 0.0
  num_samples: 753
  rmse: 7.469630780135096
  std: 3.7525392936856523
scale:
  max: 17527.433327460396
  mean: 311.4588695827376
  median: 43.517671464950666
  min: 0.020991454059504644
  num_samples: 753
  rmse: 1335.900278804249
  std: 1299.0854196193231
trans:
  max: 26.881659027548825
  mean: 14.780046118785014
  median: 18.426665214407755
  min: 0.0
  num_samples: 753
  rmse: 16.689862956697592
  std: 7.752532633916127
