rot:
  max: 7.469630780135096
  mean: 7.469630780135096
  median: 7.469630780135096
  min: 7.469630780135096
  num_samples: 1
  rmse: 7.469630780135096
  std: 0.0
scale:
  max: 1335.900278804249
  mean: 1335.900278804249
  median: 1335.900278804249
  min: 1335.900278804249
  num_samples: 1
  rmse: 1335.900278804249
  std: 0.0
trans:
  max: 16.689862956697592
  mean: 16.689862956697592
  median: 16.689862956697592
  min: 16.689862956697592
  num_samples: 1
  rmse: 16.689862956697592
  std: 0.0
