rot:
  max: 9.56891243169077
  mean: 1.4385087625059327
  median: 1.0659581231570812
  min: 0.0
  num_samples: 792
  rmse: 2.441160181844783
  std: 1.9722970297645592
scale:
  max: 95045.45683651343
  mean: 237.86366858932954
  median: 4.736808096827694
  min: 0.06266065282511946
  num_samples: 792
  rmse: 3824.286934585792
  std: 3816.882423288517
trans:
  max: 9.05707311902319
  mean: 5.834301908607647
  median: 6.816579060769042
  min: 0.0
  num_samples: 792
  rmse: 6.34605264466539
  std: 2.4966588489582935
