rot:
  max: 2.441160181844783
  mean: 2.441160181844783
  median: 2.441160181844783
  min: 2.441160181844783
  num_samples: 1
  rmse: 2.441160181844783
  std: 0.0
scale:
  max: 3824.286934585792
  mean: 3824.286934585792
  median: 3824.286934585792
  min: 3824.286934585792
  num_samples: 1
  rmse: 3824.286934585792
  std: 0.0
trans:
  max: 6.34605264466539
  mean: 6.34605264466539
  median: 6.34605264466539
  min: 6.34605264466539
  num_samples: 1
  rmse: 6.34605264466539
  std: 0.0
