rot:
  max: 20.1520601261494
  mean: 11.72507539443572
  median: 16.759314903588354
  min: 0.00014039785329892146
  num_samples: 772
  rmse: 13.934637627694984
  std: 7.529723289070515
scale:
  max: 154478.97649456718
  mean: 2809.7909780043574
  median: 390.34617887292154
  min: 0.023172601755450106
  num_samples: 772
  rmse: 11868.478469304107
  std: 11531.082162410454
trans:
  max: 174.04988048297392
  mean: 100.77405672428581
  median: 159.91126673810595
  min: 0.0
  num_samples: 772
  rmse: 125.95224023055468
  std: 75.5549886534687
