rot:
  max: 13.934637627694984
  mean: 13.934637627694984
  median: 13.934637627694984
  min: 13.934637627694984
  num_samples: 1
  rmse: 13.934637627694984
  std: 0.0
scale:
  max: 11868.478469304107
  mean: 11868.478469304107
  median: 11868.478469304107
  min: 11868.478469304107
  num_samples: 1
  rmse: 11868.478469304107
  std: 0.0
trans:
  max: 125.95224023055468
  mean: 125.95224023055468
  median: 125.95224023055468
  min: 125.95224023055468
  num_samples: 1
  rmse: 125.95224023055468
  std: 0.0
