rot:
  max: 12.507393736096198
  mean: 6.240752273770236
  median: 4.619100706252538
  min: 0.0011563767715691445
  num_samples: 535
  rmse: 7.3150004696445095
  std: 3.8160506978198043
scale:
  max: 3375844.9481039
  mean: 14686.475371061495
  median: 7.696389378361568
  min: 0.0040543400922743444
  num_samples: 535
  rmse: 206149.32362274674
  std: 205625.51172286764
trans:
  max: 46.187793957554646
  mean: 20.744997484690206
  median: 19.530763063928692
  min: 4.0797911805097564e-08
  num_samples: 535
  rmse: 26.83230006869185
  std: 17.018149321724668
