rot:
  max: 7.3150004696445095
  mean: 7.3150004696445095
  median: 7.3150004696445095
  min: 7.3150004696445095
  num_samples: 1
  rmse: 7.3150004696445095
  std: 0.0
scale:
  max: 206149.32362274674
  mean: 206149.32362274674
  median: 206149.32362274674
  min: 206149.32362274674
  num_samples: 1
  rmse: 206149.32362274674
  std: 0.0
trans:
  max: 26.83230006869185
  mean: 26.83230006869185
  median: 26.83230006869185
  min: 26.83230006869185
  num_samples: 1
  rmse: 26.83230006869185
  std: 0.0
