rot:
  max: 2.9854537783051374
  mean: 2.9854537783051374
  median: 2.9854537783051374
  min: 2.9854537783051374
  num_samples: 1
  rmse: 2.9854537783051374
  std: 0.0
scale:
  max: 202.8080040996011
  mean: 202.8080040996011
  median: 202.8080040996011
  min: 202.8080040996011
  num_samples: 1
  rmse: 202.8080040996011
  std: 0.0
trans:
  max: 11.389736253813377
  mean: 11.389736253813377
  median: 11.389736253813377
  min: 11.389736253813377
  num_samples: 1
  rmse: 11.389736253813377
  std: 0.0
