rot:
  max: 10.717724548554314
  mean: 5.6297049333708875
  median: 6.132077275185794
  min: 0.0
  num_samples: 772
  rmse: 6.291625353591176
  std: 2.809087387948403
scale:
  max: 85490.96607128464
  mean: 1384.3561062355354
  median: 22.22434063377556
  min: 0.06949377871551254
  num_samples: 772
  rmse: 6128.628666312687
  std: 5970.230104499993
trans:
  max: 96.07775615342881
  mean: 57.13924645305497
  median: 88.95547675267653
  min: 0.0
  num_samples: 772
  rmse: 70.12984653341532
  std: 40.66081516125112
