rot:
  max: 6.291625353591176
  mean: 6.291625353591176
  median: 6.291625353591176
  min: 6.291625353591176
  num_samples: 1
  rmse: 6.291625353591176
  std: 0.0
scale:
  max: 6128.628666312687
  mean: 6128.628666312687
  median: 6128.628666312687
  min: 6128.628666312687
  num_samples: 1
  rmse: 6128.628666312687
  std: 0.0
trans:
  max: 70.12984653341532
  mean: 70.12984653341532
  median: 70.12984653341532
  min: 70.12984653341532
  num_samples: 1
  rmse: 70.12984653341532
  std: 0.0
