rot:
  max: 179.4776196030257
  mean: 9.850417396020632
  median: 7.498632210246202
  min: 0.03371887288227116
  num_samples: 2592
  rmse: 20.657386523986197
  std: 18.157557520920612
scale:
  max: 1227981.1363360449
  mean: 501.20061570134936
  median: 5.5488864006619565
  min: 0.030302312724816982
  num_samples: 2592
  rmse: 24119.986478509654
  std: 24114.778573860247
trans:
  max: 220.19226725794587
  mean: 121.36215642191124
  median: 131.94242308102883
  min: 0.001228081136336045
  num_samples: 2592
  rmse: 134.40220158696403
  std: 57.75100674487383
