rot:
  max: 20.657386523986197
  mean: 20.657386523986197
  median: 20.657386523986197
  min: 20.657386523986197
  num_samples: 1
  rmse: 20.657386523986197
  std: 0.0
scale:
  max: 24119.986478509654
  mean: 24119.986478509654
  median: 24119.986478509654
  min: 24119.986478509654
  num_samples: 1
  rmse: 24119.986478509654
  std: 0.0
trans:
  max: 134.40220158696403
  mean: 134.40220158696403
  median: 134.40220158696403
  min: 134.40220158696403
  num_samples: 1
  rmse: 134.40220158696403
  std: 0.0
