rot:
  max: 9.727071930599603
  mean: 2.780901519806288
  median: 2.3315098234357703
  min: 0.0
  num_samples: 792
  rmse: 3.12759825439985
  std: 1.4312433678672762
scale:
  max: 2338.5177594191423
  mean: 56.36438885902096
  median: 7.394187900615556
  min: 0.0764069574107129
  num_samples: 792
  rmse: 205.6538161566247
  std: 197.77903773739993
trans:
  max: 16.58465620300643
  mean: 9.926007103843162
  median: 9.604949980341235
  min: 0.0
  num_samples: 792
  rmse: 11.182401627710222
  std: 5.149804766966545
