rot:
  max: 3.12759825439985
  mean: 3.12759825439985
  median: 3.12759825439985
  min: 3.12759825439985
  num_samples: 1
  rmse: 3.12759825439985
  std: 0.0
scale:
  max: 205.6538161566247
  mean: 205.6538161566247
  median: 205.6538161566247
  min: 205.6538161566247
  num_samples: 1
  rmse: 205.6538161566247
  std: 0.0
trans:
  max: 11.182401627710222
  mean: 11.182401627710222
  median: 11.182401627710222
  min: 11.182401627710222
  num_samples: 1
  rmse: 11.182401627710222
  std: 0.0
