rot:
  max: 13.981485219763108
  mean: 3.556561188091396
  median: 3.2849691899263327
  min: 0.0005860310670338717
  num_samples: 1101
  rmse: 3.946943881114866
  std: 1.7115018305663583
scale:
  max: 331.15703572743234
  mean: 5.792352442264111
  median: 2.1260619769781997
  min: 0.12884868830468355
  num_samples: 1101
  rmse: 26.370614567466692
  std: 25.726600355478055
trans:
  max: 113.33898867026006
  mean: 55.39940841929765
  median: 56.27984698971975
  min: 0.0
  num_samples: 1101
  rmse: 65.91799896297667
  std: 35.7223758178938
