rot:
  max: 3.946943881114866
  mean: 3.946943881114866
  median: 3.946943881114866
  min: 3.946943881114866
  num_samples: 1
  rmse: 3.946943881114866
  std: 0.0
scale:
  max: 26.370614567466692
  mean: 26.370614567466692
  median: 26.370614567466692
  min: 26.370614567466692
  num_samples: 1
  rmse: 26.370614567466692
  std: 0.0
trans:
  max: 65.91799896297667
  mean: 65.91799896297667
  median: 65.91799896297667
  min: 65.91799896297667
  num_samples: 1
  rmse: 65.91799896297667
  std: 0.0
