rot:
  max: 10.712944466455541
  mean: 4.1588413317198025
  median: 3.3107836277672855
  min: 0.00028484216398121505
  num_samples: 535
  rmse: 5.628026925877411
  std: 3.7919290415275713
scale:
  max: 2557282.951710896
  mean: 8380.284379631326
  median: 55.01123204924683
  min: 0.07640118067866464
  num_samples: 535
  rmse: 126347.20642883472
  std: 126068.97876197411
trans:
  max: 71.29043886918946
  mean: 32.184392361826646
  median: 27.1541965222637
  min: 0.0
  num_samples: 535
  rmse: 44.455836612454284
  std: 30.667349041174493
