rot:
  max: 5.628026925877411
  mean: 5.628026925877411
  median: 5.628026925877411
  min: 5.628026925877411
  num_samples: 1
  rmse: 5.628026925877411
  std: 0.0
scale:
  max: 126347.20642883472
  mean: 126347.20642883472
  median: 126347.20642883472
  min: 126347.20642883472
  num_samples: 1
  rmse: 126347.20642883472
  std: 0.0
trans:
  max: 44.455836612454284
  mean: 44.455836612454284
  median: 44.455836612454284
  min: 44.455836612454284
  num_samples: 1
  rmse: 44.455836612454284
  std: 0.0
