rot:
  max: 5.021025480175704
  mean: 1.2889050190653109
  median: 1.3853546328269393
  min: 0.00028484216398121505
  num_samples: 535
  rmse: 1.8775220486249071
  std: 1.365215329133437
scale:
  max: 2557282.951710896
  mean: 8050.269187100987
  median: 11.12056255856999
  min: 0.006793493505752313
  num_samples: 535
  rmse: 126337.78075654893
  std: 126081.03748187132
trans:
  max: 14.211847528900485
  mean: 6.801216709731826
  median: 7.269230289244203
  min: 0.0
  num_samples: 535
  rmse: 8.877437230934047
  std: 5.705466068292631
