rot:
  max: 1.8775220486249071
  mean: 1.8775220486249071
  median: 1.8775220486249071
  min: 1.8775220486249071
  num_samples: 1
  rmse: 1.8775220486249071
  std: 0.0
scale:
  max: 126337.78075654893
  mean: 126337.78075654893
  median: 126337.78075654893
  min: 126337.78075654893
  num_samples: 1
  rmse: 126337.78075654893
  std: 0.0
trans:
  max: 8.877437230934047
  mean: 8.877437230934047
  median: 8.877437230934047
  min: 8.877437230934047
  num_samples: 1
  rmse: 8.877437230934047
  std: 0.0
