rot:
  max: 9.024253567752993
  mean: 3.842070168040742
  median: 3.21333793290589
  min: 0.0
  num_samples: 773
  rmse: 4.242314319959294
  std: 1.798812834394693
scale:
  max: 2213.2532240031346
  mean: 45.3229061274327
  median: 3.684644490754807
  min: 0.030842822824306282
  num_samples: 773
  rmse: 173.2688970792271
  std: 167.23619487185096
trans:
  max: 17.809979931130975
  mean: 10.614634676000035
  median: 12.07226072942611
  min: 0.0
  num_samples: 773
  rmse: 11.67101828206688
  std: 4.85203034155775
