rot:
  max: 4.242314319959294
  mean: 4.242314319959294
  median: 4.242314319959294
  min: 4.242314319959294
  num_samples: 1
  rmse: 4.242314319959294
  std: 0.0
scale:
  max: 173.2688970792271
  mean: 173.2688970792271
  median: 173.2688970792271
  min: 173.2688970792271
  num_samples: 1
  rmse: 173.2688970792271
  std: 0.0
trans:
  max: 11.67101828206688
  mean: 11.67101828206688
  median: 11.67101828206688
  min: 11.67101828206688
  num_samples: 1
  rmse: 11.67101828206688
  std: 0.0
