rot:
  max: 29.94985780199304
  mean: 17.54158305127489
  median: 25.869766452033446
  min: 0.002037169356248867
  num_samples: 772
  rmse: 21.15777529646058
  std: 11.829806403772766
scale:
  max: 105015.77503507522
  mean: 2716.7158132862587
  median: 450.30994873503334
  min: 0.02702024356280308
  num_samples: 772
  rmse: 10700.289996418698
  std: 10349.669617784832
trans:
  max: 208.23206276018013
  mean: 116.73734210887328
  median: 184.44268037788262
  min: 0.0
  num_samples: 772
  rmse: 146.47886666916335
  std: 88.47853603014923
