rot:
  max: 21.15777529646058
  mean: 21.15777529646058
  median: 21.15777529646058
  min: 21.15777529646058
  num_samples: 1
  rmse: 21.15777529646058
  std: 0.0
scale:
  max: 10700.289996418698
  mean: 10700.289996418698
  median: 10700.289996418698
  min: 10700.289996418698
  num_samples: 1
  rmse: 10700.289996418698
  std: 0.0
trans:
  max: 146.47886666916335
  mean: 146.47886666916335
  median: 146.47886666916335
  min: 146.47886666916335
  num_samples: 1
  rmse: 146.47886666916335
  std: 0.0
