rot:
  max: 19.492089335405698
  mean: 10.519916375041085
  median: 15.848752806216977
  min: 0.0011563767715691445
  num_samples: 535
  rmse: 12.73896930325501
  std: 7.184197823794654
scale:
  max: 3375844.9481039
  mean: 14764.394110494923
  median: 15.45345410464054
  min: 0.09396966754909863
  num_samples: 535
  rmse: 206150.8073624155
  std: 205621.4192216505
trans:
  max: 69.28321995651069
  mean: 28.42372386429066
  median: 24.70961456477246
  min: 4.0797911805097564e-08
  num_samples: 535
  rmse: 37.594113751812024
  std: 24.605066764199915
