rot:
  max: 12.73896930325501
  mean: 12.73896930325501
  median: 12.73896930325501
  min: 12.73896930325501
  num_samples: 1
  rmse: 12.73896930325501
  std: 0.0
scale:
  max: 206150.8073624155
  mean: 206150.8073624155
  median: 206150.8073624155
  min: 206150.8073624155
  num_samples: 1
  rmse: 206150.8073624155
  std: 0.0
trans:
  max: 37.594113751812024
  mean: 37.594113751812024
  median: 37.594113751812024
  min: 37.594113751812024
  num_samples: 1
  rmse: 37.594113751812024
  std: 0.0
