rot:
  max: 3.7157211197324775
  mean: 1.015080661769844
  median: 0.7937729274787434
  min: 0.0004746431245258161
  num_samples: 1101
  rmse: 1.416224786609457
  std: 0.9875747547947435
scale:
  max: 13823.080277924504
  mean: 36.793275660234954
  median: 2.41102013797021
  min: 0.016852420458324247
  num_samples: 1101
  rmse: 604.3767063173653
  std: 603.2557152694178
trans:
  max: 45.855169482342575
  mean: 21.06791192187334
  median: 20.149744914011645
  min: 0.0
  num_samples: 1101
  rmse: 24.810423004084367
  std: 13.103441414139489
