rot:
  max: 1.416224786609457
  mean: 1.416224786609457
  median: 1.416224786609457
  min: 1.416224786609457
  num_samples: 1
  rmse: 1.416224786609457
  std: 0.0
scale:
  max: 604.3767063173653
  mean: 604.3767063173653
  median: 604.3767063173653
  min: 604.3767063173653
  num_samples: 1
  rmse: 604.3767063173653
  std: 0.0
trans:
  max: 24.810423004084367
  mean: 24.810423004084367
  median: 24.810423004084367
  min: 24.810423004084367
  num_samples: 1
  rmse: 24.810423004084367
  std: 0.0
