rot:
  max: 14.968891183571834
  mean: 3.5491991658891946
  median: 3.5860451502038204
  min: 0.0006741862031264913
  num_samples: 1330
  rmse: 4.113771730301369
  std: 2.079976713782672
scale:
  max: 11823396.453366015
  mean: 17085.316789336077
  median: 1.035914044611197
  min: 0.0013767691980470786
  num_samples: 1330
  rmse: 399061.37463829253
  std: 398695.46357892215
trans:
  max: 110.57161161917664
  mean: 53.84290159968271
  median: 53.1286727128141
  min: 0.0
  num_samples: 1330
  rmse: 68.24115656025013
  std: 41.926094452112444
