rot:
  max: 4.113771730301369
  mean: 4.113771730301369
  median: 4.113771730301369
  min: 4.113771730301369
  num_samples: 1
  rmse: 4.113771730301369
  std: 0.0
scale:
  max: 399061.37463829253
  mean: 399061.37463829253
  median: 399061.37463829253
  min: 399061.37463829253
  num_samples: 1
  rmse: 399061.37463829253
  std: 0.0
trans:
  max: 68.24115656025013
  mean: 68.24115656025013
  median: 68.24115656025013
  min: 68.24115656025013
  num_samples: 1
  rmse: 68.24115656025013
  std: 0.0
