rot:
  max: 13.81423268498364
  mean: 3.2478655687712115
  median: 3.1180107083307274
  min: 0.0005860310670338717
  num_samples: 1101
  rmse: 3.709731994061338
  std: 1.7926183963556668
scale:
  max: 331.15703572743234
  mean: 6.145883899761296
  median: 2.322400514480072
  min: 0.062414201680005554
  num_samples: 1101
  rmse: 26.410785374844536
  std: 25.685748873777403
trans:
  max: 105.50282292468485
  mean: 54.711787939805276
  median: 62.68434916825881
  min: 0.0
  num_samples: 1101
  rmse: 64.37150193815268
  std: 33.91622800671342
