rot:
  max: 28.08946434010641
  mean: 16.75291350162978
  median: 16.783381948134394
  min: 0.0
  num_samples: 2686
  rmse: 18.502449538895856
  std: 7.853695190564638
scale:
  max: 161038.48928770595
  mean: 509.60070302228263
  median: 9.126263049666829
  min: 0.47032605180705733
  num_samples: 2686
  rmse: 4379.192670430287
  std: 4349.440833972748
trans:
  max: 422.7836062406313
  mean: 252.38526348815125
  median: 305.6089077276197
  min: 0.0
  num_samples: 2686
  rmse: 280.3966373437494
  std: 122.16363209932234
