rot:
  max: 18.502449538895856
  mean: 18.502449538895856
  median: 18.502449538895856
  min: 18.502449538895856
  num_samples: 1
  rmse: 18.502449538895856
  std: 0.0
scale:
  max: 4379.192670430287
  mean: 4379.192670430287
  median: 4379.192670430287
  min: 4379.192670430287
  num_samples: 1
  rmse: 4379.192670430287
  std: 0.0
trans:
  max: 280.3966373437494
  mean: 280.3966373437494
  median: 280.3966373437494
  min: 280.3966373437494
  num_samples: 1
  rmse: 280.3966373437494
  std: 0.0
