rot:
  max: 9.743641978447954
  mean: 2.652311797418863
  median: 2.451530836311277
  min: 0.0
  num_samples: 792
  rmse: 3.09549694238719
  std: 1.5960399273204793
scale:
  max: 2413.1951190015675
  mean: 54.7101482362546
  median: 2.1404191408754936
  min: 0.01321307162847063
  num_samples: 792
  rmse: 209.4958139468768
  std: 202.22585329584217
trans:
  max: 17.05399518016491
  mean: 10.491942909646795
  median: 10.542526119056644
  min: 0.0
  num_samples: 792
  rmse: 11.779887630905415
  std: 5.355827347615939
