rot:
  max: 3.09549694238719
  mean: 3.09549694238719
  median: 3.09549694238719
  min: 3.09549694238719
  num_samples: 1
  rmse: 3.09549694238719
  std: 0.0
scale:
  max: 209.4958139468768
  mean: 209.4958139468768
  median: 209.4958139468768
  min: 209.4958139468768
  num_samples: 1
  rmse: 209.4958139468768
  std: 0.0
trans:
  max: 11.779887630905415
  mean: 11.779887630905415
  median: 11.779887630905415
  min: 11.779887630905415
  num_samples: 1
  rmse: 11.779887630905415
  std: 0.0
