rot:
  max: 26.468088250219527
  mean: 16.05778019911907
  median: 14.964173450127513
  min: 0.0
  num_samples: 2405
  rmse: 17.532227473381216
  std: 7.037520533196522
scale:
  max: 106.9203262989169
  mean: 14.763779055482123
  median: 9.181355220980624
  min: 0.0014289164128600262
  num_samples: 2405
  rmse: 22.603087856036527
  std: 17.115209862242803
trans:
  max: 465.76621727719123
  mean: 274.27826500129976
  median: 345.8007844348076
  min: 0.0
  num_samples: 2405
  rmse: 311.52912691110487
  std: 147.72213869922166
