rot:
  max: 17.532227473381216
  mean: 17.532227473381216
  median: 17.532227473381216
  min: 17.532227473381216
  num_samples: 1
  rmse: 17.532227473381216
  std: 0.0
scale:
  max: 22.603087856036527
  mean: 22.603087856036527
  median: 22.603087856036527
  min: 22.603087856036527
  num_samples: 1
  rmse: 22.603087856036527
  std: 0.0
trans:
  max: 311.52912691110487
  mean: 311.52912691110487
  median: 311.52912691110487
  min: 311.52912691110487
  num_samples: 1
  rmse: 311.52912691110487
  std: 0.0
