rot:
  max: 23.87471221905186
  mean: 14.946403168689189
  median: 16.16767101313474
  min: 1.1459155902616465e-14
  num_samples: 2095
  rmse: 16.004254772118127
  std: 5.721992933398607
scale:
  max: 101338.88896062456
  mean: 678.3872866339794
  median: 10.836240802355457
  min: 0.0061550330795689945
  num_samples: 2095
  rmse: 6429.608120337838
  std: 6393.719674058884
trans:
  max: 531.6240794052106
  mean: 289.76169924376177
  median: 338.2990529133636
  min: 0.0
  num_samples: 2095
  rmse: 335.8730451415629
  std: 169.84952194231843
