rot:
  max: 16.004254772118127
  mean: 16.004254772118127
  median: 16.004254772118127
  min: 16.004254772118127
  num_samples: 1
  rmse: 16.004254772118127
  std: 0.0
scale:
  max: 6429.608120337838
  mean: 6429.608120337838
  median: 6429.608120337838
  min: 6429.608120337838
  num_samples: 1
  rmse: 6429.608120337838
  std: 0.0
trans:
  max: 335.8730451415629
  mean: 335.8730451415629
  median: 335.8730451415629
  min: 335.8730451415629
  num_samples: 1
  rmse: 335.8730451415629
  std: 0.0
