rot:
  max: 40.75076866851698
  mean: 25.95637666981657
  median: 26.79018897915998
  min: 0.0
  num_samples: 2686
  rmse: 28.494746113362588
  std: 11.75657544694008
scale:
  max: 187393.95344665388
  mean: 600.9309170120761
  median: 18.16378868974472
  min: 0.21481018840204813
  num_samples: 2686
  rmse: 5099.888048607925
  std: 5064.359795799758
trans:
  max: 718.5521001189062
  mean: 420.2564761847785
  median: 490.29619988166365
  min: 0.0
  num_samples: 2686
  rmse: 473.9467029656185
  std: 219.11177849840226
