rot:
  max: 28.494746113362588
  mean: 28.494746113362588
  median: 28.494746113362588
  min: 28.494746113362588
  num_samples: 1
  rmse: 28.494746113362588
  std: 0.0
scale:
  max: 5099.888048607925
  mean: 5099.888048607925
  median: 5099.888048607925
  min: 5099.888048607925
  num_samples: 1
  rmse: 5099.888048607925
  std: 0.0
trans:
  max: 473.9467029656185
  mean: 473.9467029656185
  median: 473.9467029656185
  min: 473.9467029656185
  num_samples: 1
  rmse: 473.9467029656185
  std: 0.0
