rot:
  max: 7.410542706827222
  mean: 4.106102835588336
  median: 4.426874329293318
  min: 0.0006785081735415092
  num_samples: 535
  rmse: 4.755591149603871
  std: 2.399076215080316
scale:
  max: 3152900.0099882293
  mean: 13517.181467468221
  median: 4.363820591455769
  min: 0.0008069034147517584
  num_samples: 535
  rmse: 192944.70254636952
  std: 192470.63164514877
trans:
  max: 24.060739306888355
  mean: 7.273067540426868
  median: 5.600669459031082
  min: 3.8474106316268337e-08
  num_samples: 535
  rmse: 9.846061122977256
  std: 6.636822145409139
