rot:
  max: 4.755591149603871
  mean: 4.755591149603871
  median: 4.755591149603871
  min: 4.755591149603871
  num_samples: 1
  rmse: 4.755591149603871
  std: 0.0
scale:
  max: 192944.70254636952
  mean: 192944.70254636952
  median: 192944.70254636952
  min: 192944.70254636952
  num_samples: 1
  rmse: 192944.70254636952
  std: 0.0
trans:
  max: 9.846061122977256
  mean: 9.846061122977256
  median: 9.846061122977256
  min: 9.846061122977256
  num_samples: 1
  rmse: 9.846061122977256
  std: 0.0
