rot:
  max: 8.3865799575297
  mean: 4.920910513964365
  median: 4.912544740201914
  min: 0.0
  num_samples: 792
  rmse: 5.4644207542125764
  std: 2.37582278224284
scale:
  max: 80473.5457920929
  mean: 223.59353344528668
  median: 5.88192398946748
  min: 0.009862359335732762
  num_samples: 792
  rmse: 3211.612945516621
  std: 3203.820164055936
trans:
  max: 19.79291850437143
  mean: 11.562129410679127
  median: 12.599950366530376
  min: 0.0
  num_samples: 792
  rmse: 12.93871643710773
  std: 5.807542210831577
