rot:
  max: 5.4644207542125764
  mean: 5.4644207542125764
  median: 5.4644207542125764
  min: 5.4644207542125764
  num_samples: 1
  rmse: 5.4644207542125764
  std: 0.0
scale:
  max: 3211.612945516621
  mean: 3211.612945516621
  median: 3211.612945516621
  min: 3211.612945516621
  num_samples: 1
  rmse: 3211.612945516621
  std: 0.0
trans:
  max: 12.93871643710773
  mean: 12.93871643710773
  median: 12.93871643710773
  min: 12.93871643710773
  num_samples: 1
  rmse: 12.93871643710773
  std: 0.0
