rot:
  max: 42.837651698727086
  mean: 30.42450942864459
  median: 35.19707213564141
  min: 1.1459155902616465e-14
  num_samples: 2095
  rmse: 32.67448965596658
  std: 11.915179407133724
scale:
  max: 110315.1802276593
  mean: 750.6076526057116
  median: 26.807315568544364
  min: 0.011766825118852964
  num_samples: 2095
  rmse: 6999.759240179474
  std: 6959.397788050893
trans:
  max: 1133.3782458369467
  mean: 585.1873303458857
  median: 597.7437605831308
  min: 0.0
  num_samples: 2095
  rmse: 689.6952997076462
  std: 365.0142392311225
