rot:
  max: 32.67448965596658
  mean: 32.67448965596658
  median: 32.67448965596658
  min: 32.67448965596658
  num_samples: 1
  rmse: 32.67448965596658
  std: 0.0
scale:
  max: 6999.759240179474
  mean: 6999.759240179474
  median: 6999.759240179474
  min: 6999.759240179474
  num_samples: 1
  rmse: 6999.759240179474
  std: 0.0
trans:
  max: 689.6952997076462
  mean: 689.6952997076462
  median: 689.6952997076462
  min: 689.6952997076462
  num_samples: 1
  rmse: 689.6952997076462
  std: 0.0
