rot:
  max: 28.669040793146156
  mean: 16.807620834822956
  median: 24.59435605231918
  min: 0.002037169356248867
  num_samples: 772
  rmse: 20.15856764567487
  std: 11.129767805218354
scale:
  max: 108497.50743970078
  mean: 2800.082785443699
  median: 454.5610389779773
  min: 0.6656741070219852
  num_samples: 772
  rmse: 11055.994099364634
  std: 10695.538411872842
trans:
  max: 211.90264275135624
  mean: 119.4378203388759
  median: 186.35558790300274
  min: 0.0
  num_samples: 772
  rmse: 148.89897847635228
  std: 88.9129510476377
