rot:
  max: 20.15856764567487
  mean: 20.15856764567487
  median: 20.15856764567487
  min: 20.15856764567487
  num_samples: 1
  rmse: 20.15856764567487
  std: 0.0
scale:
  max: 11055.994099364634
  mean: 11055.994099364634
  median: 11055.994099364634
  min: 11055.994099364634
  num_samples: 1
  rmse: 11055.994099364634
  std: 0.0
trans:
  max: 148.89897847635228
  mean: 148.89897847635228
  median: 148.89897847635228
  min: 148.89897847635228
  num_samples: 1
  rmse: 148.89897847635228
  std: 0.0
