rot:
  max: 49.72665894915195
  mean: 27.95963345673636
  median: 41.96759079110005
  min: 0.00014039785329892146
  num_samples: 772
  rmse: 34.85068583379383
  std: 20.804547581015722
scale:
  max: 269063.86146359425
  mean: 4643.496879454945
  median: 665.1071874142999
  min: 0.009214090510378803
  num_samples: 772
  rmse: 19358.831915070954
  std: 18793.677390187957
trans:
  max: 312.3459958939463
  mean: 171.1761202058965
  median: 271.7802477083872
  min: 0.0
  num_samples: 772
  rmse: 216.68587351536257
  std: 132.85896150569664
