rot:
  max: 34.85068583379383
  mean: 34.85068583379383
  median: 34.85068583379383
  min: 34.85068583379383
  num_samples: 1
  rmse: 34.85068583379383
  std: 0.0
scale:
  max: 19358.831915070954
  mean: 19358.831915070954
  median: 19358.831915070954
  min: 19358.831915070954
  num_samples: 1
  rmse: 19358.831915070954
  std: 0.0
trans:
  max: 216.68587351536257
  mean: 216.68587351536257
  median: 216.68587351536257
  min: 216.68587351536257
  num_samples: 1
  rmse: 216.68587351536257
  std: 0.0
