rot:
  max: 3.476361344179029
  mean: 1.7102681126490884
  median: 1.5706964192512707
  min: 0.00016122290739021877
  num_samples: 2095
  rmse: 1.9641396568774356
  std: 0.9658299925837542
scale:
  max: 10959.102430127547
  mean: 69.55531342959215
  median: 3.417939929335101
  min: 0.029245099974306576
  num_samples: 2095
  rmse: 639.9814860497168
  std: 636.1905067352978
trans:
  max: 58.38562868245466
  mean: 41.40902439670729
  median: 46.96195347328277
  min: 0.0
  num_samples: 2095
  rmse: 44.37541000599877
  std: 15.95210681112049
