rot:
  max: 1.9641396568774356
  mean: 1.9641396568774356
  median: 1.9641396568774356
  min: 1.9641396568774356
  num_samples: 1
  rmse: 1.9641396568774356
  std: 0.0
scale:
  max: 639.9814860497168
  mean: 639.9814860497168
  median: 639.9814860497168
  min: 639.9814860497168
  num_samples: 1
  rmse: 639.9814860497168
  std: 0.0
trans:
  max: 44.37541000599877
  mean: 44.37541000599877
  median: 44.37541000599877
  min: 44.37541000599877
  num_samples: 1
  rmse: 44.37541000599877
  std: 0.0
