rot:
  max: 19.8364399051706
  mean: 9.57564136012971
  median: 7.18279322228651
  min: 0.0007801794054116189
  num_samples: 1101
  rmse: 11.426714752150595
  std: 6.2351345269520255
scale:
  max: 1075.4229903930348
  mean: 7.537364983797358
  median: 3.742005208613186
  min: 0.038986133813612156
  num_samples: 1101
  rmse: 43.12109692877081
  std: 42.45723883440223
trans:
  max: 206.9823752705766
  mean: 87.98565231274597
  median: 84.94550585663946
  min: 1.2476799491734092e-08
  num_samples: 1101
  rmse: 107.90778355822994
  std: 62.47091114711211
