rot:
  max: 11.426714752150595
  mean: 11.426714752150595
  median: 11.426714752150595
  min: 11.426714752150595
  num_samples: 1
  rmse: 11.426714752150595
  std: 0.0
scale:
  max: 43.12109692877081
  mean: 43.12109692877081
  median: 43.12109692877081
  min: 43.12109692877081
  num_samples: 1
  rmse: 43.12109692877081
  std: 0.0
trans:
  max: 107.90778355822994
  mean: 107.90778355822994
  median: 107.90778355822994
  min: 107.90778355822994
  num_samples: 1
  rmse: 107.90778355822994
  std: 0.0
