rot:
  max: 9.090846217949776
  mean: 3.7910257092005812
  median: 3.708951182999574
  min: 0.0023198233863703107
  num_samples: 2095
  rmse: 4.000520360912706
  std: 1.2776099679704116
scale:
  max: 26008.426106594463
  mean: 169.52968409261362
  median: 2.522229308840318
  min: 0.014715535856169026
  num_samples: 2095
  rmse: 1647.0434618774611
  std: 1638.2954103350075
trans:
  max: 93.90515607210887
  mean: 61.13091307615603
  median: 61.756464927571685
  min: 0.0
  num_samples: 2095
  rmse: 66.57983421894932
  std: 26.37964728911722
