rot:
  max: 4.000520360912706
  mean: 4.000520360912706
  median: 4.000520360912706
  min: 4.000520360912706
  num_samples: 1
  rmse: 4.000520360912706
  std: 0.0
scale:
  max: 1647.0434618774611
  mean: 1647.0434618774611
  median: 1647.0434618774611
  min: 1647.0434618774611
  num_samples: 1
  rmse: 1647.0434618774611
  std: 0.0
trans:
  max: 66.57983421894932
  mean: 66.57983421894932
  median: 66.57983421894932
  min: 66.57983421894932
  num_samples: 1
  rmse: 66.57983421894932
  std: 0.0
