rot:
  max: 8.550521145695031
  mean: 3.6670013302427398
  median: 3.9069301991804855
  min: 0.0
  num_samples: 772
  rmse: 4.108077804336252
  std: 1.8518651383073594
scale:
  max: 73902.0192795485
  mean: 1170.3878821285725
  median: 4.223483213650369
  min: 0.2045336178289503
  num_samples: 772
  rmse: 5234.157033285892
  std: 5101.626412671038
trans:
  max: 81.66262342276892
  mean: 50.223554979345025
  median: 77.65909317379214
  min: 0.0
  num_samples: 772
  rmse: 61.39350268674384
  std: 35.309442042942706
