rot:
  max: 4.108077804336252
  mean: 4.108077804336252
  median: 4.108077804336252
  min: 4.108077804336252
  num_samples: 1
  rmse: 4.108077804336252
  std: 0.0
scale:
  max: 5234.157033285892
  mean: 5234.157033285892
  median: 5234.157033285892
  min: 5234.157033285892
  num_samples: 1
  rmse: 5234.157033285892
  std: 0.0
trans:
  max: 61.39350268674384
  mean: 61.39350268674384
  median: 61.39350268674384
  min: 61.39350268674384
  num_samples: 1
  rmse: 61.39350268674384
  std: 0.0
