rot:
  max: 2.799509136956137
  mean: 0.5326720464732874
  median: 0.32811720530807365
  min: 0.0
  num_samples: 792
  rmse: 0.8324004819079608
  std: 0.6396491641412229
scale:
  max: 89534.25862542543
  mean: 207.45161859172455
  median: 2.9268140623410543
  min: 0.011876070478589185
  num_samples: 792
  rmse: 3630.095937349369
  std: 3624.163398676179
trans:
  max: 4.120437839133425
  mean: 2.0203913726551943
  median: 1.7849820804618357
  min: 0.0
  num_samples: 792
  rmse: 2.243544446152676
  std: 0.9754539369765124
