rot:
  max: 0.8324004819079608
  mean: 0.8324004819079608
  median: 0.8324004819079608
  min: 0.8324004819079608
  num_samples: 1
  rmse: 0.8324004819079608
  std: 0.0
scale:
  max: 3630.095937349369
  mean: 3630.095937349369
  median: 3630.095937349369
  min: 3630.095937349369
  num_samples: 1
  rmse: 3630.095937349369
  std: 0.0
trans:
  max: 2.243544446152676
  mean: 2.243544446152676
  median: 2.243544446152676
  min: 2.243544446152676
  num_samples: 1
  rmse: 2.243544446152676
  std: 0.0
