rot:
  max: 23.502367203210785
  mean: 14.964742062232116
  median: 16.10655785039869
  min: 1.1459155902616465e-14
  num_samples: 2095
  rmse: 16.03203706969211
  std: 5.751756915486149
scale:
  max: 107374.23647613768
  mean: 718.3210415594975
  median: 10.922376494488262
  min: 0.017645722360071225
  num_samples: 2095
  rmse: 6811.890641214597
  std: 6773.910907970365
trans:
  max: 533.0240120689766
  mean: 292.39297243686025
  median: 355.68407248383403
  min: 0.0
  num_samples: 2095
  rmse: 338.51193452661295
  std: 170.5774882171953
