rot:
  max: 6.04084402018318
  mean: 3.133736998986899
  median: 3.231421025176375
  min: 0.00016122290760794272
  num_samples: 2095
  rmse: 3.4119045356145894
  std: 1.3493646583959393
scale:
  max: 10967.264538775717
  mean: 63.24673669991186
  median: 2.45736050634886
  min: 0.10923293692224334
  num_samples: 2095
  rmse: 601.3836656308443
  std: 598.0486297822304
trans:
  max: 96.54339487544684
  mean: 54.712573168805726
  median: 54.30784442412532
  min: 0.0
  num_samples: 2095
  rmse: 62.189865327989125
  std: 29.565413691702403
