rot:
  max: 3.4119045356145894
  mean: 3.4119045356145894
  median: 3.4119045356145894
  min: 3.4119045356145894
  num_samples: 1
  rmse: 3.4119045356145894
  std: 0.0
scale:
  max: 601.3836656308443
  mean: 601.3836656308443
  median: 601.3836656308443
  min: 601.3836656308443
  num_samples: 1
  rmse: 601.3836656308443
  std: 0.0
trans:
  max: 62.189865327989125
  mean: 62.189865327989125
  median: 62.189865327989125
  min: 62.189865327989125
  num_samples: 1
  rmse: 62.189865327989125
  std: 0.0
