rot:
  max: 16.26089815517692
  mean: 8.84666664751706
  median: 8.25352151830015
  min: 0.00042243057245074247
  num_samples: 1330
  rmse: 10.50781512701633
  std: 5.670155903611689
scale:
  max: 23085730.07557089
  mean: 28512.331411182455
  median: 3.6348265873293095
  min: 0.018168454363953757
  num_samples: 1330
  rmse: 711844.8625146998
  std: 711273.6148951898
trans:
  max: 254.43111412011953
  mean: 72.7236382292299
  median: 44.54201811722683
  min: 9.678172040897828e-08
  num_samples: 1330
  rmse: 102.18591516207859
  std: 71.7860271934282
