rot:
  max: 7.688118449782337
  mean: 4.066160978408745
  median: 4.972251357314566
  min: 0.00028484216398121505
  num_samples: 535
  rmse: 4.787005242041238
  std: 2.526213388650359
scale:
  max: 2557282.951710896
  mean: 8058.549039738756
  median: 7.252401612473047
  min: 0.010865102273571736
  num_samples: 535
  rmse: 126337.87650602446
  std: 126080.60448548626
trans:
  max: 25.018787503833764
  mean: 10.09927117856847
  median: 12.509877448215228
  min: 0.0
  num_samples: 535
  rmse: 12.59131468118659
  std: 7.519702591353009
