rot:
  max: 4.787005242041238
  mean: 4.787005242041238
  median: 4.787005242041238
  min: 4.787005242041238
  num_samples: 1
  rmse: 4.787005242041238
  std: 0.0
scale:
  max: 126337.87650602446
  mean: 126337.87650602446
  median: 126337.87650602446
  min: 126337.87650602446
  num_samples: 1
  rmse: 126337.87650602446
  std: 0.0
trans:
  max: 12.59131468118659
  mean: 12.59131468118659
  median: 12.59131468118659
  min: 12.59131468118659
  num_samples: 1
  rmse: 12.59131468118659
  std: 0.0
