rot:
  max: 179.90318935939797
  mean: 13.770285087104735
  median: 10.521734776861111
  min: 0.003125417023647746
  num_samples: 2592
  rmse: 26.254382287632804
  std: 22.353340643515196
scale:
  max: 1227967.965611622
  mean: 567.3004389651146
  median: 10.258254475468252
  min: 0.015685383390584562
  num_samples: 2592
  rmse: 24121.780917531854
  std: 24115.10905729754
trans:
  max: 305.4031395932789
  mean: 177.1440298036581
  median: 213.773959512044
  min: 0.001228067965611622
  num_samples: 2592
  rmse: 198.94074085264353
  std: 90.53955531103166
