rot:
  max: 26.254382287632804
  mean: 26.254382287632804
  median: 26.254382287632804
  min: 26.254382287632804
  num_samples: 1
  rmse: 26.254382287632804
  std: 0.0
scale:
  max: 24121.780917531854
  mean: 24121.780917531854
  median: 24121.780917531854
  min: 24121.780917531854
  num_samples: 1
  rmse: 24121.780917531854
  std: 0.0
trans:
  max: 198.94074085264353
  mean: 198.94074085264353
  median: 198.94074085264353
  min: 198.94074085264353
  num_samples: 1
  rmse: 198.94074085264353
  std: 0.0
