rot:
  max: 77.7089092784572
  mean: 11.773763449090248
  median: 10.026816776521706
  min: 0.03371887288229111
  num_samples: 2592
  rmse: 15.451500669585505
  std: 10.006366332843696
scale:
  max: 1227981.1363360449
  mean: 581.3295425248328
  median: 8.356899138691176
  min: 0.04424654630270641
  num_samples: 2592
  rmse: 24122.98112911931
  std: 24115.975504192946
trans:
  max: 307.53215887441416
  mean: 213.88459375533097
  median: 254.31855843263796
  min: 0.001228081136336045
  num_samples: 2592
  rmse: 230.33292673225927
  std: 85.47887277664191
