rot:
  max: 15.451500669585505
  mean: 15.451500669585505
  median: 15.451500669585505
  min: 15.451500669585505
  num_samples: 1
  rmse: 15.451500669585505
  std: 0.0
scale:
  max: 24122.98112911931
  mean: 24122.98112911931
  median: 24122.98112911931
  min: 24122.98112911931
  num_samples: 1
  rmse: 24122.98112911931
  std: 0.0
trans:
  max: 230.33292673225927
  mean: 230.33292673225927
  median: 230.33292673225927
  min: 230.33292673225927
  num_samples: 1
  rmse: 230.33292673225927
  std: 0.0
