rot:
  max: 19.89581931804304
  mean: 11.86213710440081
  median: 12.166882101030378
  min: 1.1459155902616465e-14
  num_samples: 2095
  rmse: 12.999728254881123
  std: 5.318142346454459
scale:
  max: 57457.770795270495
  mean: 389.0795448437279
  median: 9.176956333128494
  min: 0.00663770859857804
  num_samples: 2095
  rmse: 3602.4757529560507
  std: 3581.403168929807
trans:
  max: 392.21850687447363
  mean: 203.28538805760843
  median: 197.64668113279444
  min: 0.0
  num_samples: 2095
  rmse: 236.1362068659329
  std: 120.14723964909989
