rot:
  max: 12.999728254881123
  mean: 12.999728254881123
  median: 12.999728254881123
  min: 12.999728254881123
  num_samples: 1
  rmse: 12.999728254881123
  std: 0.0
scale:
  max: 3602.4757529560507
  mean: 3602.4757529560507
  median: 3602.4757529560507
  min: 3602.4757529560507
  num_samples: 1
  rmse: 3602.4757529560507
  std: 0.0
trans:
  max: 236.1362068659329
  mean: 236.1362068659329
  median: 236.1362068659329
  min: 236.1362068659329
  num_samples: 1
  rmse: 236.1362068659329
  std: 0.0
