rot:
  max: 16.124752641749534
  mean: 8.43385353180264
  median: 7.220838913571306
  min: 0.0007801794054116189
  num_samples: 1101
  rmse: 9.885421666506431
  std: 5.156711755444058
scale:
  max: 1075.418366396347
  mean: 6.873555044706972
  median: 3.748788726857155
  min: 0.003975051922111561
  num_samples: 1101
  rmse: 42.96123597318846
  std: 42.407806326092434
trans:
  max: 194.70740365303166
  mean: 78.55783980882013
  median: 75.37242352406557
  min: 1.2476799491734092e-08
  num_samples: 1101
  rmse: 97.47225069510179
  std: 57.701867042068294
