rot:
  max: 9.885421666506431
  mean: 9.885421666506431
  median: 9.885421666506431
  min: 9.885421666506431
  num_samples: 1
  rmse: 9.885421666506431
  std: 0.0
scale:
  max: 42.96123597318846
  mean: 42.96123597318846
  median: 42.96123597318846
  min: 42.96123597318846
  num_samples: 1
  rmse: 42.96123597318846
  std: 0.0
trans:
  max: 97.47225069510179
  mean: 97.47225069510179
  median: 97.47225069510179
  min: 97.47225069510179
  num_samples: 1
  rmse: 97.47225069510179
  std: 0.0
