rot:
  max: 13.298136630951353
  mean: 13.298136630951353
  median: 13.298136630951353
  min: 13.298136630951353
  num_samples: 1
  rmse: 13.298136630951353
  std: 0.0
scale:
  max: 3607.9017770878263
  mean: 3607.9017770878263
  median: 3607.9017770878263
  min: 3607.9017770878263
  num_samples: 1
  rmse: 3607.9017770878263
  std: 0.0
trans:
  max: 241.1422118186045
  mean: 241.1422118186045
  median: 241.1422118186045
  min: 241.1422118186045
  num_samples: 1
  rmse: 241.1422118186045
  std: 0.0
