rot:
  max: 18.93772731069566
  mean: 10.720954755157544
  median: 9.472601226461194
  min: 0.00212969360678017
  num_samples: 1330
  rmse: 12.164227742589757
  std: 5.747135435280358
scale:
  max: 22860247.76116573
  mean: 29108.423206738786
  median: 5.127468812026404
  min: 0.023411617218216385
  num_samples: 1330
  rmse: 716987.7042304443
  std: 716396.5855000012
trans:
  max: 270.26243896921926
  mean: 99.10544057456657
  median: 101.08759578803725
  min: 9.938361130639345e-08
  num_samples: 1330
  rmse: 125.77271422502442
  std: 77.43957187414397
