rot:
  max: 12.164227742589757
  mean: 12.164227742589757
  median: 12.164227742589757
  min: 12.164227742589757
  num_samples: 1
  rmse: 12.164227742589757
  std: 0.0
scale:
  max: 716987.7042304443
  mean: 716987.7042304443
  median: 716987.7042304443
  min: 716987.7042304443
  num_samples: 1
  rmse: 716987.7042304443
  std: 0.0
trans:
  max: 125.77271422502442
  mean: 125.77271422502442
  median: 125.77271422502442
  min: 125.77271422502442
  num_samples: 1
  rmse: 125.77271422502442
  std: 0.0
