rot:
  max: 9.012129317437632
  mean: 3.8790528136945785
  median: 4.71371998214387
  min: 0.0
  num_samples: 772
  rmse: 4.4362442041719845
  std: 2.1524896997704084
scale:
  max: 14082.960103576605
  mean: 349.2132825235654
  median: 42.061862540386855
  min: 0.00021715936038280148
  num_samples: 772
  rmse: 1435.4724672696325
  std: 1392.3474019073983
trans:
  max: 28.315281072870587
  mean: 15.354481076170313
  median: 23.504826101246245
  min: 0.0
  num_samples: 772
  rmse: 19.065997139446054
  std: 11.302750010634268
