rot:
  max: 4.4362442041719845
  mean: 4.4362442041719845
  median: 4.4362442041719845
  min: 4.4362442041719845
  num_samples: 1
  rmse: 4.4362442041719845
  std: 0.0
scale:
  max: 1435.4724672696325
  mean: 1435.4724672696325
  median: 1435.4724672696325
  min: 1435.4724672696325
  num_samples: 1
  rmse: 1435.4724672696325
  std: 0.0
trans:
  max: 19.065997139446054
  mean: 19.065997139446054
  median: 19.065997139446054
  min: 19.065997139446054
  num_samples: 1
  rmse: 19.065997139446054
  std: 0.0
