rot:
  max: 11.18856238718981
  mean: 4.94336863690337
  median: 4.008252882916567
  min: 0.00260916829651933
  num_samples: 535
  rmse: 6.1859966664945505
  std: 3.7188252550451746
scale:
  max: 2560772.933327428
  mean: 8543.156849851614
  median: 70.0487857997917
  min: 0.0833618883505638
  num_samples: 535
  rmse: 126947.37671007279
  std: 126659.58678524083
trans:
  max: 74.63181872688673
  mean: 33.85492681564076
  median: 29.555131521607663
  min: 0.0
  num_samples: 535
  rmse: 46.67894149778791
  std: 32.13670035429141
