rot:
  max: 6.1859966664945505
  mean: 6.1859966664945505
  median: 6.1859966664945505
  min: 6.1859966664945505
  num_samples: 1
  rmse: 6.1859966664945505
  std: 0.0
scale:
  max: 126947.37671007279
  mean: 126947.37671007279
  median: 126947.37671007279
  min: 126947.37671007279
  num_samples: 1
  rmse: 126947.37671007279
  std: 0.0
trans:
  max: 46.67894149778791
  mean: 46.67894149778791
  median: 46.67894149778791
  min: 46.67894149778791
  num_samples: 1
  rmse: 46.67894149778791
  std: 0.0
