rot:
  max: 121.17459059888563
  mean: 54.60927625038685
  median: 38.71424592023989
  min: 0.005397198463737775
  num_samples: 1345
  rmse: 68.74175661823766
  std: 41.75231790415901
scale:
  max: 25251.6630801568
  mean: 267.26396251098674
  median: 30.77094845303194
  min: 0.1009105205419858
  num_samples: 1345
  rmse: 1348.4670570841115
  std: 1321.7160732865475
trans:
  max: 1472.542205631727
  mean: 471.45485928434476
  median: 342.80354711569765
  min: 1.3649380589281557e-07
  num_samples: 1345
  rmse: 649.5333301237034
  std: 446.79286319139715
