rot:
  max: 68.74175661823766
  mean: 68.74175661823766
  median: 68.74175661823766
  min: 68.74175661823766
  num_samples: 1
  rmse: 68.74175661823766
  std: 0.0
scale:
  max: 1348.4670570841115
  mean: 1348.4670570841115
  median: 1348.4670570841115
  min: 1348.4670570841115
  num_samples: 1
  rmse: 1348.4670570841115
  std: 0.0
trans:
  max: 649.5333301237034
  mean: 649.5333301237034
  median: 649.5333301237034
  min: 649.5333301237034
  num_samples: 1
  rmse: 649.5333301237034
  std: 0.0
