rot:
  max: 9.618442038732017
  mean: 9.618442038732017
  median: 9.618442038732017
  min: 9.618442038732017
  num_samples: 1
  rmse: 9.618442038732017
  std: 0.0
scale:
  max: 42.95558988143067
  mean: 42.95558988143067
  median: 42.95558988143067
  min: 42.95558988143067
  num_samples: 1
  rmse: 42.95558988143067
  std: 0.0
trans:
  max: 97.33608016998355
  mean: 97.33608016998355
  median: 97.33608016998355
  min: 97.33608016998355
  num_samples: 1
  rmse: 97.33608016998355
  std: 0.0
