rot:
  max: 21.561757874217953
  mean: 11.433265133069503
  median: 11.47254153877508
  min: 0.00212969360678017
  num_samples: 1330
  rmse: 13.199435528258721
  std: 6.595873457063581
scale:
  max: 24519810.477114342
  mean: 30691.902979974544
  median: 5.112096874740546
  min: 0.05337592257569357
  num_samples: 1330
  rmse: 762003.5089068562
  std: 761385.155278082
trans:
  max: 292.9204173484295
  mean: 107.92233815110399
  median: 111.555114051138
  min: 9.938361130639345e-08
  num_samples: 1330
  rmse: 138.7860675999432
  std: 87.26019417726941
