rot:
  max: 13.199435528258721
  mean: 13.199435528258721
  median: 13.199435528258721
  min: 13.199435528258721
  num_samples: 1
  rmse: 13.199435528258721
  std: 0.0
scale:
  max: 762003.5089068562
  mean: 762003.5089068562
  median: 762003.5089068562
  min: 762003.5089068562
  num_samples: 1
  rmse: 762003.5089068562
  std: 0.0
trans:
  max: 138.7860675999432
  mean: 138.7860675999432
  median: 138.7860675999432
  min: 138.7860675999432
  num_samples: 1
  rmse: 138.7860675999432
  std: 0.0
