rot:
  max: 21.776804160002285
  mean: 10.511511704279455
  median: 7.968506285638844
  min: 0.0007801794054116189
  num_samples: 1101
  rmse: 12.579262822978473
  std: 6.909846225522271
scale:
  max: 1075.418366396347
  mean: 7.788610664609321
  median: 3.9726060273381103
  min: 0.016423886149841138
  num_samples: 1101
  rmse: 43.23099146037312
  std: 42.52359540963097
trans:
  max: 220.8772990124296
  mean: 95.24139192168613
  median: 92.53126005712883
  min: 1.2476799491734092e-08
  num_samples: 1101
  rmse: 117.29531675121657
  std: 68.46362973570716
