rot:
  max: 12.579262822978473
  mean: 12.579262822978473
  median: 12.579262822978473
  min: 12.579262822978473
  num_samples: 1
  rmse: 12.579262822978473
  std: 0.0
scale:
  max: 43.23099146037312
  mean: 43.23099146037312
  median: 43.23099146037312
  min: 43.23099146037312
  num_samples: 1
  rmse: 43.23099146037312
  std: 0.0
trans:
  max: 117.29531675121657
  mean: 117.29531675121657
  median: 117.29531675121657
  min: 117.29531675121657
  num_samples: 1
  rmse: 117.29531675121657
  std: 0.0
