rot:
  max: 1.7686690200272166
  mean: 0.5280125498936508
  median: 0.2545246663423476
  min: 0.0004746431245258161
  num_samples: 1101
  rmse: 0.7297384078176646
  std: 0.5037071480523829
scale:
  max: 13823.079396790105
  mean: 35.80545230249167
  median: 1.2904628446038346
  min: 0.07233383519553716
  num_samples: 1101
  rmse: 604.3733065058595
  std: 603.3117462823342
trans:
  max: 23.483343335942966
  mean: 12.892218122453869
  median: 13.61355661069665
  min: 0.0
  num_samples: 1101
  rmse: 15.120429419944282
  std: 7.900512497717385
