rot:
  max: 0.7297384078176646
  mean: 0.7297384078176646
  median: 0.7297384078176646
  min: 0.7297384078176646
  num_samples: 1
  rmse: 0.7297384078176646
  std: 0.0
scale:
  max: 604.3733065058595
  mean: 604.3733065058595
  median: 604.3733065058595
  min: 604.3733065058595
  num_samples: 1
  rmse: 604.3733065058595
  std: 0.0
trans:
  max: 15.120429419944282
  mean: 15.120429419944282
  median: 15.120429419944282
  min: 15.120429419944282
  num_samples: 1
  rmse: 15.120429419944282
  std: 0.0
