rot:
  max: 0.5447264365263949
  mean: 0.5447264365263949
  median: 0.5447264365263949
  min: 0.5447264365263949
  num_samples: 1
  rmse: 0.5447264365263949
  std: 0.0
scale:
  max: 126337.5118961063
  mean: 126337.5118961063
  median: 126337.5118961063
  min: 126337.5118961063
  num_samples: 1
  rmse: 126337.5118961063
  std: 0.0
trans:
  max: 2.7317896940611366
  mean: 2.7317896940611366
  median: 2.7317896940611366
  min: 2.7317896940611366
  num_samples: 1
  rmse: 2.7317896940611366
  std: 0.0
