rot:
  max: 2.3710638574849554
  mean: 2.3710638574849554
  median: 2.3710638574849554
  min: 2.3710638574849554
  num_samples: 1
  rmse: 2.3710638574849554
  std: 0.0
scale:
  max: 126937.180242922
  mean: 126937.180242922
  median: 126937.180242922
  min: 126937.180242922
  num_samples: 1
  rmse: 126937.180242922
  std: 0.0
trans:
  max: 6.837543087894288
  mean: 6.837543087894288
  median: 6.837543087894288
  min: 6.837543087894288
  num_samples: 1
  rmse: 6.837543087894288
  std: 0.0
