rot:
  max: 8.449753041250116
  mean: 2.799350609015121
  median: 2.481070813514368
  min: 0.0023198233863703107
  num_samples: 2095
  rmse: 3.134011000943365
  std: 1.4091348841898368
scale:
  max: 14385.417582523558
  mean: 91.08596257424236
  median: 0.5725672315083807
  min: 1.820832769006131e-05
  num_samples: 2095
  rmse: 911.3477178914434
  std: 906.7844343215565
trans:
  max: 76.79745586282844
  mean: 44.10675560102375
  median: 48.372865809678494
  min: 0.0
  num_samples: 2095
  rmse: 50.570440896435194
  std: 24.737898108194326
