rot:
  max: 10.030135089405091
  mean: 4.962824320278632
  median: 4.331316839765526
  min: 0.0
  num_samples: 792
  rmse: 5.523461596732256
  std: 2.424665497883569
scale:
  max: 3145.028244973538
  mean: 74.16448636214439
  median: 6.2820585799184645
  min: 0.03160767506088513
  num_samples: 792
  rmse: 258.1356771546823
  std: 247.25221289757076
trans:
  max: 24.23084728372273
  mean: 14.126451125195407
  median: 16.636045864904297
  min: 0.0
  num_samples: 792
  rmse: 15.73624115420039
  std: 6.933445339123649
