rot:
  max: 5.523461596732256
  mean: 5.523461596732256
  median: 5.523461596732256
  min: 5.523461596732256
  num_samples: 1
  rmse: 5.523461596732256
  std: 0.0
scale:
  max: 258.1356771546823
  mean: 258.1356771546823
  median: 258.1356771546823
  min: 258.1356771546823
  num_samples: 1
  rmse: 258.1356771546823
  std: 0.0
trans:
  max: 15.73624115420039
  mean: 15.73624115420039
  median: 15.73624115420039
  min: 15.73624115420039
  num_samples: 1
  rmse: 15.73624115420039
  std: 0.0
