rot:
  max: 8.579221463684044
  mean: 8.579221463684044
  median: 8.579221463684044
  min: 8.579221463684044
  num_samples: 1
  rmse: 8.579221463684044
  std: 0.0
scale:
  max: 192945.76602063572
  mean: 192945.76602063572
  median: 192945.76602063572
  min: 192945.76602063572
  num_samples: 1
  rmse: 192945.76602063572
  std: 0.0
trans:
  max: 22.628958093938575
  mean: 22.628958093938575
  median: 22.628958093938575
  min: 22.628958093938575
  num_samples: 1
  rmse: 22.628958093938575
  std: 0.0
