rot:
  max: 17.602718360351794
  mean: 9.047419810394706
  median: 7.304368159649542
  min: 0.0007801794054116189
  num_samples: 1101
  rmse: 10.584632694240831
  std: 5.493509265166424
scale:
  max: 958.8009266137327
  mean: 6.963990354450742
  median: 3.5808173236031804
  min: 0.01671972039348768
  num_samples: 1101
  rmse: 39.017286634413985
  std: 38.39077356156213
trans:
  max: 214.68141525742408
  mean: 83.78580621579393
  median: 76.81722967822101
  min: 1.2476799491734092e-08
  num_samples: 1101
  rmse: 104.71902842567549
  std: 62.81730327853033
