rot:
  max: 10.584632694240831
  mean: 10.584632694240831
  median: 10.584632694240831
  min: 10.584632694240831
  num_samples: 1
  rmse: 10.584632694240831
  std: 0.0
scale:
  max: 39.017286634413985
  mean: 39.017286634413985
  median: 39.017286634413985
  min: 39.017286634413985
  num_samples: 1
  rmse: 39.017286634413985
  std: 0.0
trans:
  max: 104.71902842567549
  mean: 104.71902842567549
  median: 104.71902842567549
  min: 104.71902842567549
  num_samples: 1
  rmse: 104.71902842567549
  std: 0.0
