rot:
  max: 21.548839189395917
  mean: 13.12561497884222
  median: 13.388819145389235
  min: 1.1459155902616465e-14
  num_samples: 2095
  rmse: 14.291467126108115
  std: 5.653694725029091
scale:
  max: 56282.6884189005
  mean: 382.21460708638125
  median: 10.41638909261049
  min: 0.0028297739620875006
  num_samples: 2095
  rmse: 3529.127231611503
  std: 3508.3687108158497
trans:
  max: 446.6552129572076
  mean: 228.56962815807952
  median: 228.28745687840052
  min: 0.0
  num_samples: 2095
  rmse: 266.6601900586172
  std: 137.34475616409657
