rot:
  max: 14.291467126108115
  mean: 14.291467126108115
  median: 14.291467126108115
  min: 14.291467126108115
  num_samples: 1
  rmse: 14.291467126108115
  std: 0.0
scale:
  max: 3529.127231611503
  mean: 3529.127231611503
  median: 3529.127231611503
  min: 3529.127231611503
  num_samples: 1
  rmse: 3529.127231611503
  std: 0.0
trans:
  max: 266.6601900586172
  mean: 266.6601900586172
  median: 266.6601900586172
  min: 266.6601900586172
  num_samples: 1
  rmse: 266.6601900586172
  std: 0.0
