rot:
  max: 0.7342907318011639
  mean: 0.7342907318011639
  median: 0.7342907318011639
  min: 0.7342907318011639
  num_samples: 1
  rmse: 0.7342907318011639
  std: 0.0
scale:
  max: 604.3733254458288
  mean: 604.3733254458288
  median: 604.3733254458288
  min: 604.3733254458288
  num_samples: 1
  rmse: 604.3733254458288
  std: 0.0
trans:
  max: 14.960814108767972
  mean: 14.960814108767972
  median: 14.960814108767972
  min: 14.960814108767972
  num_samples: 1
  rmse: 14.960814108767972
  std: 0.0
