rot:
  max: 2.8820413498755184
  mean: 0.6619751907042475
  median: 0.42402605035379703
  min: 0.00016959842872136632
  num_samples: 773
  rmse: 0.9675237276181181
  std: 0.7056139244630405
scale:
  max: 4989.99017532911
  mean: 31.75123349996559
  median: 2.8445781348339305
  min: 0.014171255906048064
  num_samples: 773
  rmse: 300.1993307162706
  std: 298.51548926936346
trans:
  max: 4.374350337117383
  mean: 2.2618225472771973
  median: 2.070698313169731
  min: 0.0
  num_samples: 773
  rmse: 2.4797893745448
  std: 1.016618958476468
