rot:
  max: 0.9675237276181181
  mean: 0.9675237276181181
  median: 0.9675237276181181
  min: 0.9675237276181181
  num_samples: 1
  rmse: 0.9675237276181181
  std: 0.0
scale:
  max: 300.1993307162706
  mean: 300.1993307162706
  median: 300.1993307162706
  min: 300.1993307162706
  num_samples: 1
  rmse: 300.1993307162706
  std: 0.0
trans:
  max: 2.4797893745448
  mean: 2.4797893745448
  median: 2.4797893745448
  min: 2.4797893745448
  num_samples: 1
  rmse: 2.4797893745448
  std: 0.0
