rot:
  max: 5.399205407058045
  mean: 5.399205407058045
  median: 5.399205407058045
  min: 5.399205407058045
  num_samples: 1
  rmse: 5.399205407058045
  std: 0.0
scale:
  max: 955.0078114950503
  mean: 955.0078114950503
  median: 955.0078114950503
  min: 955.0078114950503
  num_samples: 1
  rmse: 955.0078114950503
  std: 0.0
trans:
  max: 89.92131562858086
  mean: 89.92131562858086
  median: 89.92131562858086
  min: 89.92131562858086
  num_samples: 1
  rmse: 89.92131562858086
  std: 0.0
