rot:
  max: 30.28782753532136
  mean: 17.151160017529488
  median: 16.623430629164268
  min: 0.0
  num_samples: 2686
  rmse: 19.2032048293755
  std: 8.63717464058985
scale:
  max: 169765.19194998342
  mean: 537.4756183672399
  median: 9.134347724544266
  min: 0.10017199660233844
  num_samples: 2686
  rmse: 4617.996050114994
  std: 4586.611764531466
trans:
  max: 426.90585749551906
  mean: 253.67058168981592
  median: 312.7857114663686
  min: 0.0
  num_samples: 2686
  rmse: 283.323270910245
  std: 126.18760566882355
