rot:
  max: 19.2032048293755
  mean: 19.2032048293755
  median: 19.2032048293755
  min: 19.2032048293755
  num_samples: 1
  rmse: 19.2032048293755
  std: 0.0
scale:
  max: 4617.996050114994
  mean: 4617.996050114994
  median: 4617.996050114994
  min: 4617.996050114994
  num_samples: 1
  rmse: 4617.996050114994
  std: 0.0
trans:
  max: 283.323270910245
  mean: 283.323270910245
  median: 283.323270910245
  min: 283.323270910245
  num_samples: 1
  rmse: 283.323270910245
  std: 0.0
