rot:
  max: 28.82023181313574
  mean: 17.263638811265025
  median: 17.08279547363902
  min: 0.0
  num_samples: 2686
  rmse: 18.818933836591857
  std: 7.491264628899843
scale:
  max: 158572.95783576072
  mean: 542.4859892748957
  median: 9.348062481147757
  min: 0.09715788948414517
  num_samples: 2686
  rmse: 4499.681903425751
  std: 4466.8608869605105
trans:
  max: 459.3000613825658
  mean: 278.4435364171154
  median: 339.15118434478575
  min: 0.0
  num_samples: 2686
  rmse: 310.76037290897784
  std: 137.98987788260956
