rot:
  max: 18.818933836591857
  mean: 18.818933836591857
  median: 18.818933836591857
  min: 18.818933836591857
  num_samples: 1
  rmse: 18.818933836591857
  std: 0.0
scale:
  max: 4499.681903425751
  mean: 4499.681903425751
  median: 4499.681903425751
  min: 4499.681903425751
  num_samples: 1
  rmse: 4499.681903425751
  std: 0.0
trans:
  max: 310.76037290897784
  mean: 310.76037290897784
  median: 310.76037290897784
  min: 310.76037290897784
  num_samples: 1
  rmse: 310.76037290897784
  std: 0.0
