rot:
  max: 14.136313043804035
  mean: 6.256718299726655
  median: 5.6201551284581885
  min: 0.0023198233863703107
  num_samples: 2095
  rmse: 6.724991471100704
  std: 2.4655600589405284
scale:
  max: 37428.26729240318
  mean: 242.4508336292854
  median: 1.6076034847707588
  min: 0.0006595345640736383
  num_samples: 2095
  rmse: 2371.044983288217
  std: 2358.616523737737
trans:
  max: 172.39770850608716
  mean: 96.45974939861057
  median: 112.32815197685856
  min: 0.0
  num_samples: 2095
  rmse: 108.82441620863057
  std: 50.38124957865276
