rot:
  max: 6.724991471100704
  mean: 6.724991471100704
  median: 6.724991471100704
  min: 6.724991471100704
  num_samples: 1
  rmse: 6.724991471100704
  std: 0.0
scale:
  max: 2371.044983288217
  mean: 2371.044983288217
  median: 2371.044983288217
  min: 2371.044983288217
  num_samples: 1
  rmse: 2371.044983288217
  std: 0.0
trans:
  max: 108.82441620863057
  mean: 108.82441620863057
  median: 108.82441620863057
  min: 108.82441620863057
  num_samples: 1
  rmse: 108.82441620863057
  std: 0.0
