rot:
  max: 10.076847735364087
  mean: 4.584636878429114
  median: 4.473853765725785
  min: 0.0023198233863703107
  num_samples: 2095
  rmse: 4.791107833572625
  std: 1.3913371143862763
scale:
  max: 7367.278408279529
  mean: 45.98460551343813
  median: 1.5662694105561759
  min: 0.0038763931878182945
  num_samples: 2095
  rmse: 463.19675620012293
  std: 460.9085061160074
trans:
  max: 107.84032628437886
  mean: 60.70153594441469
  median: 57.02642989593562
  min: 0.0
  num_samples: 2095
  rmse: 68.6853515201512
  std: 32.140333654703525
