rot:
  max: 4.791107833572625
  mean: 4.791107833572625
  median: 4.791107833572625
  min: 4.791107833572625
  num_samples: 1
  rmse: 4.791107833572625
  std: 0.0
scale:
  max: 463.19675620012293
  mean: 463.19675620012293
  median: 463.19675620012293
  min: 463.19675620012293
  num_samples: 1
  rmse: 463.19675620012293
  std: 0.0
trans:
  max: 68.6853515201512
  mean: 68.6853515201512
  median: 68.6853515201512
  min: 68.6853515201512
  num_samples: 1
  rmse: 68.6853515201512
  std: 0.0
