rot:
  max: 1.063833019303965
  mean: 0.4581734737308894
  median: 0.4506704033066684
  min: 0.00028484216398121505
  num_samples: 535
  rmse: 0.5447264365263949
  std: 0.29462511539261976
scale:
  max: 2557282.951710896
  mean: 7999.856201326924
  median: 3.480079871496411
  min: 0.014446600982642721
  num_samples: 535
  rmse: 126337.5118961063
  std: 126083.97682836976
trans:
  max: 4.679004134207628
  mean: 2.2609417719009928
  median: 2.4777669062226746
  min: 0.0
  num_samples: 535
  rmse: 2.7317896940611366
  std: 1.5332375017106252
