rot:
  max: 1.882813723976716
  mean: 1.882813723976716
  median: 1.882813723976716
  min: 1.882813723976716
  num_samples: 1
  rmse: 1.882813723976716
  std: 0.0
scale:
  max: 68765.48540165908
  mean: 68765.48540165908
  median: 68765.48540165908
  min: 68765.48540165908
  num_samples: 1
  rmse: 68765.48540165908
  std: 0.0
trans:
  max: 16.821281679416664
  mean: 16.821281679416664
  median: 16.821281679416664
  min: 16.821281679416664
  num_samples: 1
  rmse: 16.821281679416664
  std: 0.0
