rot:
  max: 13.703271622051751
  mean: 3.3911469187064593
  median: 3.4097888348033196
  min: 0.0006741862031264913
  num_samples: 1330
  rmse: 3.8963972205445185
  std: 1.918862651680608
scale:
  max: 11831921.24850328
  mean: 17086.17413493107
  median: 1.4850428595146403
  min: 0.008452891962562603
  num_samples: 1330
  rmse: 399288.3205310391
  std: 398922.58091756183
trans:
  max: 85.21174213245769
  mean: 40.86404929090867
  median: 41.899172152257464
  min: 0.0
  num_samples: 1330
  rmse: 50.262918018226266
  std: 29.26585729578278
