rot:
  max: 3.8963972205445185
  mean: 3.8963972205445185
  median: 3.8963972205445185
  min: 3.8963972205445185
  num_samples: 1
  rmse: 3.8963972205445185
  std: 0.0
scale:
  max: 399288.3205310391
  mean: 399288.3205310391
  median: 399288.3205310391
  min: 399288.3205310391
  num_samples: 1
  rmse: 399288.3205310391
  std: 0.0
trans:
  max: 50.262918018226266
  mean: 50.262918018226266
  median: 50.262918018226266
  min: 50.262918018226266
  num_samples: 1
  rmse: 50.262918018226266
  std: 0.0
