rot:
  max: 13.48355791215923
  mean: 3.138047303015722
  median: 2.9315791733320227
  min: 0.0005860310670338717
  num_samples: 1101
  rmse: 3.620996682054392
  std: 1.8067307755957078
scale:
  max: 331.15703572743234
  mean: 5.817142019779953
  median: 2.2073968240488684
  min: 0.044101098974314024
  num_samples: 1101
  rmse: 26.369382189088075
  std: 25.719742917764666
trans:
  max: 95.94666752122282
  mean: 53.662139361522385
  median: 64.8365892159372
  min: 0.0
  num_samples: 1101
  rmse: 62.220388281165455
  std: 31.49208657748072
