rot:
  max: 3.620996682054392
  mean: 3.620996682054392
  median: 3.620996682054392
  min: 3.620996682054392
  num_samples: 1
  rmse: 3.620996682054392
  std: 0.0
scale:
  max: 26.369382189088075
  mean: 26.369382189088075
  median: 26.369382189088075
  min: 26.369382189088075
  num_samples: 1
  rmse: 26.369382189088075
  std: 0.0
trans:
  max: 62.220388281165455
  mean: 62.220388281165455
  median: 62.220388281165455
  min: 62.220388281165455
  num_samples: 1
  rmse: 62.220388281165455
  std: 0.0
