rot:
  max: 115.5991647408045
  mean: 65.28473734388677
  median: 100.22201491636312
  min: 0.00014039785329892146
  num_samples: 772
  rmse: 82.8458764267436
  std: 51.0033558783634
scale:
  max: 572658.7210238636
  mean: 9488.394422649317
  median: 1371.8107503595568
  min: 0.08044142793572906
  num_samples: 772
  rmse: 40093.27608058897
  std: 38954.347102147214
trans:
  max: 657.2581376495608
  mean: 355.98189557855864
  median: 565.8118641666911
  min: 0.0
  num_samples: 772
  rmse: 453.91002909177894
  std: 281.6224503309277
