rot:
  max: 82.8458764267436
  mean: 82.8458764267436
  median: 82.8458764267436
  min: 82.8458764267436
  num_samples: 1
  rmse: 82.8458764267436
  std: 0.0
scale:
  max: 40093.27608058897
  mean: 40093.27608058897
  median: 40093.27608058897
  min: 40093.27608058897
  num_samples: 1
  rmse: 40093.27608058897
  std: 0.0
trans:
  max: 453.91002909177894
  mean: 453.91002909177894
  median: 453.91002909177894
  min: 453.91002909177894
  num_samples: 1
  rmse: 453.91002909177894
  std: 0.0
