rot:
  max: 13.269362527483967
  mean: 3.138765379714982
  median: 3.101214223926273
  min: 0.0006741862031264913
  num_samples: 1330
  rmse: 3.651053339774336
  std: 1.865031469166136
scale:
  max: 11823396.453366015
  mean: 17077.63895052954
  median: 2.2256184340173735
  min: 0.04278568855060616
  num_samples: 1330
  rmse: 399061.35804772895
  std: 398695.7759178959
trans:
  max: 84.5327966861408
  mean: 41.31622042716077
  median: 42.99065126572083
  min: 0.0
  num_samples: 1330
  rmse: 49.691984486562326
  std: 27.609115375669198
