rot:
  max: 3.651053339774336
  mean: 3.651053339774336
  median: 3.651053339774336
  min: 3.651053339774336
  num_samples: 1
  rmse: 3.651053339774336
  std: 0.0
scale:
  max: 399061.35804772895
  mean: 399061.35804772895
  median: 399061.35804772895
  min: 399061.35804772895
  num_samples: 1
  rmse: 399061.35804772895
  std: 0.0
trans:
  max: 49.691984486562326
  mean: 49.691984486562326
  median: 49.691984486562326
  min: 49.691984486562326
  num_samples: 1
  rmse: 49.691984486562326
  std: 0.0
