rot:
  max: 16.907754817248154
  mean: 8.562233442785317
  median: 5.900675463258501
  min: 0.0
  num_samples: 792
  rmse: 10.407955862336232
  std: 5.917237844094811
scale:
  max: 80473.54862444561
  mean: 297.34470616977103
  median: 5.7311934217921685
  min: 0.0013990661750007405
  num_samples: 792
  rmse: 3242.1729335698788
  std: 3228.509169397839
trans:
  max: 51.829697472758575
  mean: 22.733860111590673
  median: 17.119450630436507
  min: 0.0
  num_samples: 792
  rmse: 27.409663259961746
  std: 15.312127365298503
