rot:
  max: 10.407955862336232
  mean: 10.407955862336232
  median: 10.407955862336232
  min: 10.407955862336232
  num_samples: 1
  rmse: 10.407955862336232
  std: 0.0
scale:
  max: 3242.1729335698788
  mean: 3242.1729335698788
  median: 3242.1729335698788
  min: 3242.1729335698788
  num_samples: 1
  rmse: 3242.1729335698788
  std: 0.0
trans:
  max: 27.409663259961746
  mean: 27.409663259961746
  median: 27.409663259961746
  min: 27.409663259961746
  num_samples: 1
  rmse: 27.409663259961746
  std: 0.0
