rot:
  max: 15.813124536271468
  mean: 10.943754444132937
  median: 12.096959974200425
  min: 1.1459155902616465e-14
  num_samples: 2095
  rmse: 11.586884174717378
  std: 3.8065894899288293
scale:
  max: 44186.56101405632
  mean: 299.5105400839205
  median: 8.845479049093008
  min: 0.010939199276749356
  num_samples: 2095
  rmse: 2773.81262256381
  std: 2757.5949487683934
trans:
  max: 390.86202056970814
  mean: 206.5200477204017
  median: 204.36925530414717
  min: 0.0
  num_samples: 2095
  rmse: 237.8888991303972
  std: 118.07031048928137
