rot:
  max: 11.586884174717378
  mean: 11.586884174717378
  median: 11.586884174717378
  min: 11.586884174717378
  num_samples: 1
  rmse: 11.586884174717378
  std: 0.0
scale:
  max: 2773.81262256381
  mean: 2773.81262256381
  median: 2773.81262256381
  min: 2773.81262256381
  num_samples: 1
  rmse: 2773.81262256381
  std: 0.0
trans:
  max: 237.8888991303972
  mean: 237.8888991303972
  median: 237.8888991303972
  min: 237.8888991303972
  num_samples: 1
  rmse: 237.8888991303972
  std: 0.0
