rot:
  max: 9.742732479178331
  mean: 2.660069706936371
  median: 2.261657305681454
  min: 0.0
  num_samples: 792
  rmse: 3.2261666314698734
  std: 1.8254260566369482
scale:
  max: 2323.0930028180046
  mean: 54.9398299414963
  median: 4.346476660061111
  min: 0.005073674083555524
  num_samples: 792
  rmse: 202.42676169190065
  std: 194.82866558868844
trans:
  max: 16.755692605796042
  mean: 10.389813505019507
  median: 10.80993361169697
  min: 0.0
  num_samples: 792
  rmse: 11.595165195489056
  std: 5.14777925338636
