rot:
  max: 3.2261666314698734
  mean: 3.2261666314698734
  median: 3.2261666314698734
  min: 3.2261666314698734
  num_samples: 1
  rmse: 3.2261666314698734
  std: 0.0
scale:
  max: 202.42676169190065
  mean: 202.42676169190065
  median: 202.42676169190065
  min: 202.42676169190065
  num_samples: 1
  rmse: 202.42676169190065
  std: 0.0
trans:
  max: 11.595165195489056
  mean: 11.595165195489056
  median: 11.595165195489056
  min: 11.595165195489056
  num_samples: 1
  rmse: 11.595165195489056
  std: 0.0
