rot:
  max: 14.945909578680842
  mean: 7.915240881718856
  median: 10.088033270078096
  min: 0.0011563767715691445
  num_samples: 535
  rmse: 9.300182804348259
  std: 4.882864116342122
scale:
  max: 3375844.9481039
  mean: 14652.616043832482
  median: 9.276737132689462
  min: 0.02887833291977948
  num_samples: 535
  rmse: 206148.70961936994
  std: 205627.31170932355
trans:
  max: 46.761407642987514
  mean: 20.44989003183673
  median: 21.826796049926376
  min: 4.0797911805097564e-08
  num_samples: 535
  rmse: 25.921987420804726
  std: 15.92957719244749
