rot:
  max: 9.300182804348259
  mean: 9.300182804348259
  median: 9.300182804348259
  min: 9.300182804348259
  num_samples: 1
  rmse: 9.300182804348259
  std: 0.0
scale:
  max: 206148.70961936994
  mean: 206148.70961936994
  median: 206148.70961936994
  min: 206148.70961936994
  num_samples: 1
  rmse: 206148.70961936994
  std: 0.0
trans:
  max: 25.921987420804726
  mean: 25.921987420804726
  median: 25.921987420804726
  min: 25.921987420804726
  num_samples: 1
  rmse: 25.921987420804726
  std: 0.0
