rot:
  max: 9.99859632550309
  mean: 2.5308997803722457
  median: 2.3283461349340966
  min: 0.0
  num_samples: 792
  rmse: 2.9273286835065084
  std: 1.4709859016971114
scale:
  max: 1833.1766921383305
  mean: 38.78749149053715
  median: 2.1434397803852034
  min: 0.0014909194735901465
  num_samples: 792
  rmse: 158.32662404985362
  std: 153.50195564518125
trans:
  max: 13.194194503604843
  mean: 8.699453162945323
  median: 9.915389573981468
  min: 0.0
  num_samples: 792
  rmse: 9.581672999239588
  std: 4.01596465747367
