rot:
  max: 2.9273286835065084
  mean: 2.9273286835065084
  median: 2.9273286835065084
  min: 2.9273286835065084
  num_samples: 1
  rmse: 2.9273286835065084
  std: 0.0
scale:
  max: 158.32662404985362
  mean: 158.32662404985362
  median: 158.32662404985362
  min: 158.32662404985362
  num_samples: 1
  rmse: 158.32662404985362
  std: 0.0
trans:
  max: 9.581672999239588
  mean: 9.581672999239588
  median: 9.581672999239588
  min: 9.581672999239588
  num_samples: 1
  rmse: 9.581672999239588
  std: 0.0
