rot:
  max: 34.53946753716284
  mean: 15.559399256303418
  median: 10.682962695493295
  min: 0.0007801794054116189
  num_samples: 1101
  rmse: 19.386638111497653
  std: 11.564896542949182
scale:
  max: 1079.4800613598993
  mean: 9.566307612777843
  median: 4.170979791067242
  min: 0.005739891889577908
  num_samples: 1101
  rmse: 44.3433745099114
  std: 43.29919885614478
trans:
  max: 320.1643796340389
  mean: 133.0322161476963
  median: 118.83436632448253
  min: 1.2476799491734092e-08
  num_samples: 1101
  rmse: 168.02598715448684
  std: 102.6409364048886
