rot:
  max: 19.386638111497653
  mean: 19.386638111497653
  median: 19.386638111497653
  min: 19.386638111497653
  num_samples: 1
  rmse: 19.386638111497653
  std: 0.0
scale:
  max: 44.3433745099114
  mean: 44.3433745099114
  median: 44.3433745099114
  min: 44.3433745099114
  num_samples: 1
  rmse: 44.3433745099114
  std: 0.0
trans:
  max: 168.02598715448684
  mean: 168.02598715448684
  median: 168.02598715448684
  min: 168.02598715448684
  num_samples: 1
  rmse: 168.02598715448684
  std: 0.0
