rot:
  max: 4.861605612788418
  mean: 2.6530302192043362
  median: 2.906563240183438
  min: 0.0
  num_samples: 772
  rmse: 3.050525848233525
  std: 1.5057020311899236
scale:
  max: 38070.480388303506
  mean: 696.835970308514
  median: 93.72389905011826
  min: 0.034601406231227205
  num_samples: 772
  rmse: 3047.6272619636993
  std: 2966.8925761389723
trans:
  max: 43.30942593703527
  mean: 28.13666068702633
  median: 40.06605763491378
  min: 0.0
  num_samples: 772
  rmse: 33.221074798173646
  std: 17.662619741391577
