rot:
  max: 3.050525848233525
  mean: 3.050525848233525
  median: 3.050525848233525
  min: 3.050525848233525
  num_samples: 1
  rmse: 3.050525848233525
  std: 0.0
scale:
  max: 3047.6272619636993
  mean: 3047.6272619636993
  median: 3047.6272619636993
  min: 3047.6272619636993
  num_samples: 1
  rmse: 3047.6272619636993
  std: 0.0
trans:
  max: 33.221074798173646
  mean: 33.221074798173646
  median: 33.221074798173646
  min: 33.221074798173646
  num_samples: 1
  rmse: 33.221074798173646
  std: 0.0
