rot:
  max: 19.49395136400471
  mean: 10.443166279647379
  median: 8.633895707109607
  min: 0.0016653275185080497
  num_samples: 1101
  rmse: 11.62323551592012
  std: 5.102928758485935
scale:
  max: 181.431951144993
  mean: 5.676087286307905
  median: 3.5111717817432497
  min: 0.004324245140152616
  num_samples: 1101
  rmse: 14.399318756136463
  std: 13.233382551677296
trans:
  max: 231.26359491793818
  mean: 98.19894568783403
  median: 92.17711201427682
  min: 9.29184417226616e-08
  num_samples: 1101
  rmse: 119.79166902649747
  std: 68.60766016963221
