rot:
  max: 11.62323551592012
  mean: 11.62323551592012
  median: 11.62323551592012
  min: 11.62323551592012
  num_samples: 1
  rmse: 11.62323551592012
  std: 0.0
scale:
  max: 14.399318756136463
  mean: 14.399318756136463
  median: 14.399318756136463
  min: 14.399318756136463
  num_samples: 1
  rmse: 14.399318756136463
  std: 0.0
trans:
  max: 119.79166902649747
  mean: 119.79166902649747
  median: 119.79166902649747
  min: 119.79166902649747
  num_samples: 1
  rmse: 119.79166902649747
  std: 0.0
