rot:
  max: 19.773150734631997
  mean: 12.432582718450167
  median: 17.365161186512644
  min: 0.002037169356248867
  num_samples: 772
  rmse: 14.333378873181696
  std: 7.132786052522931
scale:
  max: 27012.89166098404
  mean: 676.2113092539356
  median: 60.40459795688565
  min: 0.006762481755373528
  num_samples: 772
  rmse: 2749.7251045204953
  std: 2665.281676608933
trans:
  max: 64.04280823693146
  mean: 33.94597278494896
  median: 47.883892315596185
  min: 0.0
  num_samples: 772
  rmse: 40.248510913538496
  std: 21.624374267033293
