rot:
  max: 14.333378873181696
  mean: 14.333378873181696
  median: 14.333378873181696
  min: 14.333378873181696
  num_samples: 1
  rmse: 14.333378873181696
  std: 0.0
scale:
  max: 2749.7251045204953
  mean: 2749.7251045204953
  median: 2749.7251045204953
  min: 2749.7251045204953
  num_samples: 1
  rmse: 2749.7251045204953
  std: 0.0
trans:
  max: 40.248510913538496
  mean: 40.248510913538496
  median: 40.248510913538496
  min: 40.248510913538496
  num_samples: 1
  rmse: 40.248510913538496
  std: 0.0
