rot:
  max: 27.641216659506398
  mean: 27.641216659506398
  median: 27.641216659506398
  min: 27.641216659506398
  num_samples: 1
  rmse: 27.641216659506398
  std: 0.0
scale:
  max: 24121.718072927208
  mean: 24121.718072927208
  median: 24121.718072927208
  min: 24121.718072927208
  num_samples: 1
  rmse: 24121.718072927208
  std: 0.0
trans:
  max: 167.5320314960161
  mean: 167.5320314960161
  median: 167.5320314960161
  min: 167.5320314960161
  num_samples: 1
  rmse: 167.5320314960161
  std: 0.0
