rot:
  max: 29.177758489523026
  mean: 17.396431504732178
  median: 16.729522242612973
  min: 0.0
  num_samples: 2686
  rmse: 19.097350944882752
  std: 7.87864100039949
scale:
  max: 189847.49037663513
  mean: 648.3090127137348
  median: 9.05745121720063
  min: 0.093837447611822
  num_samples: 2686
  rmse: 5390.737493169665
  std: 5351.611546468906
trans:
  max: 464.6154706796728
  mean: 286.51504921416876
  median: 345.94480396656957
  min: 0.0
  num_samples: 2686
  rmse: 321.7012374567416
  std: 146.29016629630743
