rot:
  max: 19.097350944882752
  mean: 19.097350944882752
  median: 19.097350944882752
  min: 19.097350944882752
  num_samples: 1
  rmse: 19.097350944882752
  std: 0.0
scale:
  max: 5390.737493169665
  mean: 5390.737493169665
  median: 5390.737493169665
  min: 5390.737493169665
  num_samples: 1
  rmse: 5390.737493169665
  std: 0.0
trans:
  max: 321.7012374567416
  mean: 321.7012374567416
  median: 321.7012374567416
  min: 321.7012374567416
  num_samples: 1
  rmse: 321.7012374567416
  std: 0.0
