rot:
  max: 93.69488057765776
  mean: 12.110478537729726
  median: 10.026816776521706
  min: 0.03371887288229111
  num_samples: 2592
  rmse: 17.093390378450263
  std: 12.063179689339112
scale:
  max: 1227981.1363360449
  mean: 581.6750353521765
  median: 8.356899138691176
  min: 0.04424654630270641
  num_samples: 2592
  rmse: 24123.00167946367
  std: 24115.987729733468
trans:
  max: 307.53215887441416
  mean: 213.9413007514392
  median: 254.31855843263796
  min: 0.001228081136336045
  num_samples: 2592
  rmse: 230.39321702295902
  std: 85.49944024945738
