rot:
  max: 17.093390378450263
  mean: 17.093390378450263
  median: 17.093390378450263
  min: 17.093390378450263
  num_samples: 1
  rmse: 17.093390378450263
  std: 0.0
scale:
  max: 24123.00167946367
  mean: 24123.00167946367
  median: 24123.00167946367
  min: 24123.00167946367
  num_samples: 1
  rmse: 24123.00167946367
  std: 0.0
trans:
  max: 230.39321702295902
  mean: 230.39321702295902
  median: 230.39321702295902
  min: 230.39321702295902
  num_samples: 1
  rmse: 230.39321702295902
  std: 0.0
