rot:
  max: 18.614492332813203
  mean: 18.614492332813203
  median: 18.614492332813203
  min: 18.614492332813203
  num_samples: 1
  rmse: 18.614492332813203
  std: 0.0
scale:
  max: 44.06822042798962
  mean: 44.06822042798962
  median: 44.06822042798962
  min: 44.06822042798962
  num_samples: 1
  rmse: 44.06822042798962
  std: 0.0
trans:
  max: 162.80121353849236
  mean: 162.80121353849236
  median: 162.80121353849236
  min: 162.80121353849236
  num_samples: 1
  rmse: 162.80121353849236
  std: 0.0
