rot:
  max: 123.23066688569223
  mean: 56.795831661538585
  median: 67.40639986732157
  min: 0.002037169356248867
  num_samples: 772
  rmse: 73.40555814815707
  std: 46.50386513954124
scale:
  max: 153454.8911550089
  mean: 3933.641317174791
  median: 593.0251386499715
  min: 0.07819242322191222
  num_samples: 772
  rmse: 15645.012836780088
  std: 15142.4203035984
trans:
  max: 336.18292189931094
  mean: 164.72721220716605
  median: 250.44545085960732
  min: 0.0
  num_samples: 772
  rmse: 207.91096757055408
  std: 126.8539159607589
