rot:
  max: 73.40555814815707
  mean: 73.40555814815707
  median: 73.40555814815707
  min: 73.40555814815707
  num_samples: 1
  rmse: 73.40555814815707
  std: 0.0
scale:
  max: 15645.012836780088
  mean: 15645.012836780088
  median: 15645.012836780088
  min: 15645.012836780088
  num_samples: 1
  rmse: 15645.012836780088
  std: 0.0
trans:
  max: 207.91096757055408
  mean: 207.91096757055408
  median: 207.91096757055408
  min: 207.91096757055408
  num_samples: 1
  rmse: 207.91096757055408
  std: 0.0
