rot:
  max: 22.064009526364497
  mean: 12.78927543639652
  median: 12.932580704473033
  min: 1.1459155902616465e-14
  num_samples: 2095
  rmse: 13.887489452132217
  std: 5.412651577098623
scale:
  max: 55563.26342289316
  mean: 376.11518794972653
  median: 9.419695093500447
  min: 0.12320532782794658
  num_samples: 2095
  rmse: 3484.1739792806266
  std: 3463.8137483545124
trans:
  max: 411.4893192937583
  mean: 218.39161182126537
  median: 219.17006063449276
  min: 0.0
  num_samples: 2095
  rmse: 251.1012504544926
  std: 123.92312885785107
