rot:
  max: 13.887489452132217
  mean: 13.887489452132217
  median: 13.887489452132217
  min: 13.887489452132217
  num_samples: 1
  rmse: 13.887489452132217
  std: 0.0
scale:
  max: 3484.1739792806266
  mean: 3484.1739792806266
  median: 3484.1739792806266
  min: 3484.1739792806266
  num_samples: 1
  rmse: 3484.1739792806266
  std: 0.0
trans:
  max: 251.1012504544926
  mean: 251.1012504544926
  median: 251.1012504544926
  min: 251.1012504544926
  num_samples: 1
  rmse: 251.1012504544926
  std: 0.0
