rot:
  max: 23.506099565107675
  mean: 12.81081186399363
  median: 10.806082177533876
  min: 0.00212969360678017
  num_samples: 1330
  rmse: 14.878583426255412
  std: 7.566726118831202
scale:
  max: 24519810.477114342
  mean: 30694.754239123096
  median: 6.687798243362353
  min: 0.013330024510693761
  num_samples: 1330
  rmse: 762003.5125645908
  std: 761385.0439974339
trans:
  max: 318.2781471922008
  mean: 124.93474682943234
  median: 129.9070736965101
  min: 9.938361130639345e-08
  num_samples: 1330
  rmse: 159.70635373776895
  std: 99.48582039104384
