rot:
  max: 14.878583426255412
  mean: 14.878583426255412
  median: 14.878583426255412
  min: 14.878583426255412
  num_samples: 1
  rmse: 14.878583426255412
  std: 0.0
scale:
  max: 762003.5125645908
  mean: 762003.5125645908
  median: 762003.5125645908
  min: 762003.5125645908
  num_samples: 1
  rmse: 762003.5125645908
  std: 0.0
trans:
  max: 159.70635373776895
  mean: 159.70635373776895
  median: 159.70635373776895
  min: 159.70635373776895
  num_samples: 1
  rmse: 159.70635373776895
  std: 0.0
