rot:
  max: 26.68479177968858
  mean: 15.33793774349365
  median: 22.538970941108097
  min: 0.00014039785329892146
  num_samples: 772
  rmse: 18.527335672600394
  std: 10.39277792036008
scale:
  max: 176806.64360430706
  mean: 3160.9586084684643
  median: 434.3750877023249
  min: 0.15298901756837235
  num_samples: 772
  rmse: 13284.161967340933
  std: 12902.608257639089
trans:
  max: 199.45388324168317
  mean: 113.42538191282301
  median: 177.75351233693607
  min: 0.0
  num_samples: 772
  rmse: 141.3122768667888
  std: 84.2842946889052
