rot:
  max: 18.527335672600394
  mean: 18.527335672600394
  median: 18.527335672600394
  min: 18.527335672600394
  num_samples: 1
  rmse: 18.527335672600394
  std: 0.0
scale:
  max: 13284.161967340933
  mean: 13284.161967340933
  median: 13284.161967340933
  min: 13284.161967340933
  num_samples: 1
  rmse: 13284.161967340933
  std: 0.0
trans:
  max: 141.3122768667888
  mean: 141.3122768667888
  median: 141.3122768667888
  min: 141.3122768667888
  num_samples: 1
  rmse: 141.3122768667888
  std: 0.0
