rot:
  max: 14.012847227074365
  mean: 14.012847227074365
  median: 14.012847227074365
  min: 14.012847227074365
  num_samples: 1
  rmse: 14.012847227074365
  std: 0.0
scale:
  max: 2675.052396046607
  mean: 2675.052396046607
  median: 2675.052396046607
  min: 2675.052396046607
  num_samples: 1
  rmse: 2675.052396046607
  std: 0.0
trans:
  max: 39.42278173245476
  mean: 39.42278173245476
  median: 39.42278173245476
  min: 39.42278173245476
  num_samples: 1
  rmse: 39.42278173245476
  std: 0.0
