rot:
  max: 20.604742675001095
  mean: 12.154536509282256
  median: 17.019674674913848
  min: 0.002037169356248867
  num_samples: 772
  rmse: 14.271871142892648
  std: 7.480210435800363
scale:
  max: 90095.84375737747
  mean: 2335.4784045968927
  median: 391.78617801077144
  min: 0.027305830347446047
  num_samples: 772
  rmse: 9177.709926411355
  std: 8875.578860841193
trans:
  max: 174.83481438708918
  mean: 101.31079231393903
  median: 160.72850133486725
  min: 0.0
  num_samples: 772
  rmse: 126.57148212080385
  std: 75.87136117784416
