rot:
  max: 14.271871142892648
  mean: 14.271871142892648
  median: 14.271871142892648
  min: 14.271871142892648
  num_samples: 1
  rmse: 14.271871142892648
  std: 0.0
scale:
  max: 9177.709926411355
  mean: 9177.709926411355
  median: 9177.709926411355
  min: 9177.709926411355
  num_samples: 1
  rmse: 9177.709926411355
  std: 0.0
trans:
  max: 126.57148212080385
  mean: 126.57148212080385
  median: 126.57148212080385
  min: 126.57148212080385
  num_samples: 1
  rmse: 126.57148212080385
  std: 0.0
