rot:
  max: 13.618590306853159
  mean: 3.1535496638281715
  median: 3.082289915688215
  min: 0.0005860310670338717
  num_samples: 1101
  rmse: 3.635227418747005
  std: 1.8083149348991288
scale:
  max: 333.5583779348822
  mean: 5.3048120569238595
  median: 1.7984187142995767
  min: 0.085680506122221
  num_samples: 1101
  rmse: 26.734617493532053
  std: 26.203029244081403
trans:
  max: 90.6304333988098
  mean: 48.89555218670953
  median: 56.888059454027236
  min: 0.0
  num_samples: 1101
  rmse: 57.13834011900837
  std: 29.56374279268858
