rot:
  max: 3.635227418747005
  mean: 3.635227418747005
  median: 3.635227418747005
  min: 3.635227418747005
  num_samples: 1
  rmse: 3.635227418747005
  std: 0.0
scale:
  max: 26.734617493532053
  mean: 26.734617493532053
  median: 26.734617493532053
  min: 26.734617493532053
  num_samples: 1
  rmse: 26.734617493532053
  std: 0.0
trans:
  max: 57.13834011900837
  mean: 57.13834011900837
  median: 57.13834011900837
  min: 57.13834011900837
  num_samples: 1
  rmse: 57.13834011900837
  std: 0.0
