rot:
  max: 62.64738594180225
  mean: 35.671335044086085
  median: 53.75167008702997
  min: 0.002037169356248867
  num_samples: 772
  rmse: 44.541018927373926
  std: 26.673174225450527
scale:
  max: 197457.3833497056
  mean: 5069.8871742246165
  median: 813.3888238422882
  min: 0.6958850716404341
  num_samples: 772
  rmse: 20135.412492665655
  std: 19486.68982383691
trans:
  max: 387.18919937379314
  mean: 211.2171993815283
  median: 333.00251507972104
  min: 0.0
  num_samples: 772
  rmse: 267.71737868439544
  std: 164.49890435825918
