rot:
  max: 44.541018927373926
  mean: 44.541018927373926
  median: 44.541018927373926
  min: 44.541018927373926
  num_samples: 1
  rmse: 44.541018927373926
  std: 0.0
scale:
  max: 20135.412492665655
  mean: 20135.412492665655
  median: 20135.412492665655
  min: 20135.412492665655
  num_samples: 1
  rmse: 20135.412492665655
  std: 0.0
trans:
  max: 267.71737868439544
  mean: 267.71737868439544
  median: 267.71737868439544
  min: 267.71737868439544
  num_samples: 1
  rmse: 267.71737868439544
  std: 0.0
