rot:
  max: 17.970122529557266
  mean: 10.043392439396317
  median: 8.512601505860937
  min: 0.0016653275185080497
  num_samples: 1101
  rmse: 11.248112549059869
  std: 5.064612939267421
scale:
  max: 288.19372804930293
  mean: 6.6410607742029075
  median: 3.100183554878355
  min: 0.013542750557760108
  num_samples: 1101
  rmse: 24.333781601008432
  std: 23.410024322903215
trans:
  max: 204.53496489612206
  mean: 96.65462824411978
  median: 105.71208341850519
  min: 9.29184417226616e-08
  num_samples: 1101
  rmse: 115.97174386460954
  std: 64.08844056450118
