rot:
  max: 11.248112549059869
  mean: 11.248112549059869
  median: 11.248112549059869
  min: 11.248112549059869
  num_samples: 1
  rmse: 11.248112549059869
  std: 0.0
scale:
  max: 24.333781601008432
  mean: 24.333781601008432
  median: 24.333781601008432
  min: 24.333781601008432
  num_samples: 1
  rmse: 24.333781601008432
  std: 0.0
trans:
  max: 115.97174386460954
  mean: 115.97174386460954
  median: 115.97174386460954
  min: 115.97174386460954
  num_samples: 1
  rmse: 115.97174386460954
  std: 0.0
