rot:
  max: 4.5579382095141865
  mean: 4.5579382095141865
  median: 4.5579382095141865
  min: 4.5579382095141865
  num_samples: 1
  rmse: 4.5579382095141865
  std: 0.0
scale:
  max: 126938.16126092631
  mean: 126938.16126092631
  median: 126938.16126092631
  min: 126938.16126092631
  num_samples: 1
  rmse: 126938.16126092631
  std: 0.0
trans:
  max: 18.146744202349808
  mean: 18.146744202349808
  median: 18.146744202349808
  min: 18.146744202349808
  num_samples: 1
  rmse: 18.146744202349808
  std: 0.0
