rot:
  max: 4.431281807881046
  mean: 1.6295102482818045
  median: 0.6512864305767015
  min: 0.00030926127433048256
  num_samples: 1345
  rmse: 2.281548901019789
  std: 1.5969225837494998
scale:
  max: 4946.307136890439
  mean: 20.393670319636982
  median: 1.605383343145772
  min: 0.011199618003132628
  num_samples: 1345
  rmse: 232.79008531024493
  std: 231.8950668506018
trans:
  max: 56.24875781789175
  mean: 14.60960798677971
  median: 8.607930474315477
  min: 0.0
  num_samples: 1345
  rmse: 20.250285179558986
  std: 14.022603336259957
