rot:
  max: 2.281548901019789
  mean: 2.281548901019789
  median: 2.281548901019789
  min: 2.281548901019789
  num_samples: 1
  rmse: 2.281548901019789
  std: 0.0
scale:
  max: 232.79008531024493
  mean: 232.79008531024493
  median: 232.79008531024493
  min: 232.79008531024493
  num_samples: 1
  rmse: 232.79008531024493
  std: 0.0
trans:
  max: 20.250285179558986
  mean: 20.250285179558986
  median: 20.250285179558986
  min: 20.250285179558986
  num_samples: 1
  rmse: 20.250285179558986
  std: 0.0
