rot:
  max: 47.29022711624629
  mean: 26.67508797664188
  median: 39.82583712189401
  min: 0.00014039785329892146
  num_samples: 772
  rmse: 33.101822391816754
  std: 19.600263444601893
scale:
  max: 271124.88435801805
  mean: 4665.461474003945
  median: 652.7827883655614
  min: 0.2667310983368143
  num_samples: 772
  rmse: 19494.08629313034
  std: 18927.569036688183
trans:
  max: 307.18775319433234
  mean: 169.9366605561291
  median: 266.71208868881223
  min: 0.0
  num_samples: 772
  rmse: 213.99501583997713
  std: 130.05921037505576
