rot:
  max: 33.101822391816754
  mean: 33.101822391816754
  median: 33.101822391816754
  min: 33.101822391816754
  num_samples: 1
  rmse: 33.101822391816754
  std: 0.0
scale:
  max: 19494.08629313034
  mean: 19494.08629313034
  median: 19494.08629313034
  min: 19494.08629313034
  num_samples: 1
  rmse: 19494.08629313034
  std: 0.0
trans:
  max: 213.99501583997713
  mean: 213.99501583997713
  median: 213.99501583997713
  min: 213.99501583997713
  num_samples: 1
  rmse: 213.99501583997713
  std: 0.0
