rot:
  max: 4.429708143906891
  mean: 1.608129696090293
  median: 0.6093682932047118
  min: 5.109599479759417e-05
  num_samples: 1330
  rmse: 2.2714409766723795
  std: 1.6041704993730923
scale:
  max: 2176276.0445006993
  mean: 2830.0185141196453
  median: 1.6540869139392345
  min: 0.042359586799811666
  num_samples: 1330
  rmse: 68765.50142627642
  std: 68707.24257032125
trans:
  max: 63.0655956881022
  mean: 15.90869857276235
  median: 9.756546513813445
  min: 0.0
  num_samples: 1330
  rmse: 22.441794385302
  std: 15.82869056344085
