rot:
  max: 2.2714409766723795
  mean: 2.2714409766723795
  median: 2.2714409766723795
  min: 2.2714409766723795
  num_samples: 1
  rmse: 2.2714409766723795
  std: 0.0
scale:
  max: 68765.50142627642
  mean: 68765.50142627642
  median: 68765.50142627642
  min: 68765.50142627642
  num_samples: 1
  rmse: 68765.50142627642
  std: 0.0
trans:
  max: 22.441794385302
  mean: 22.441794385302
  median: 22.441794385302
  min: 22.441794385302
  num_samples: 1
  rmse: 22.441794385302
  std: 0.0
