rot:
  max: 18.52977192395103
  mean: 10.791898367211832
  median: 15.1429735799512
  min: 0.00014039785329892146
  num_samples: 772
  rmse: 12.704692020168162
  std: 6.704038257579915
scale:
  max: 160945.75017711456
  mean: 2905.0362727502124
  median: 391.14588066705073
  min: 0.08073649382696058
  num_samples: 772
  rmse: 12277.768344519447
  std: 11929.13910454939
trans:
  max: 174.52659796234497
  mean: 102.705732343825
  median: 160.24779220744398
  min: 0.0
  num_samples: 772
  rmse: 127.40989056187158
  std: 75.39769729047877
