rot:
  max: 12.704692020168162
  mean: 12.704692020168162
  median: 12.704692020168162
  min: 12.704692020168162
  num_samples: 1
  rmse: 12.704692020168162
  std: 0.0
scale:
  max: 12277.768344519447
  mean: 12277.768344519447
  median: 12277.768344519447
  min: 12277.768344519447
  num_samples: 1
  rmse: 12277.768344519447
  std: 0.0
trans:
  max: 127.40989056187158
  mean: 127.40989056187158
  median: 127.40989056187158
  min: 127.40989056187158
  num_samples: 1
  rmse: 127.40989056187158
  std: 0.0
