rot:
  max: 20.071608976407305
  mean: 9.159758133048229
  median: 6.351500117424786
  min: 0.001786922634406715
  num_samples: 1082
  rmse: 11.318744520343694
  std: 6.649271272919104
scale:
  max: 823340.8865629414
  mean: 765.0243637806731
  median: 3.185076335571524
  min: 0.01779439112574721
  num_samples: 1082
  rmse: 25030.3005660787
  std: 25018.606758791786
trans:
  max: 191.87377162485242
  mean: 80.98179889312117
  median: 75.35290186199593
  min: 3.422857959081703e-08
  num_samples: 1082
  rmse: 100.57295272447207
  std: 59.63947575015206
