rot:
  max: 11.318744520343694
  mean: 11.318744520343694
  median: 11.318744520343694
  min: 11.318744520343694
  num_samples: 1
  rmse: 11.318744520343694
  std: 0.0
scale:
  max: 25030.3005660787
  mean: 25030.3005660787
  median: 25030.3005660787
  min: 25030.3005660787
  num_samples: 1
  rmse: 25030.3005660787
  std: 0.0
trans:
  max: 100.57295272447207
  mean: 100.57295272447207
  median: 100.57295272447207
  min: 100.57295272447207
  num_samples: 1
  rmse: 100.57295272447207
  std: 0.0
