rot:
  max: 29.546999906818712
  mean: 29.546999906818712
  median: 29.546999906818712
  min: 29.546999906818712
  num_samples: 1
  rmse: 29.546999906818712
  std: 0.0
scale:
  max: 15463.518426144467
  mean: 15463.518426144467
  median: 15463.518426144467
  min: 15463.518426144467
  num_samples: 1
  rmse: 15463.518426144467
  std: 0.0
trans:
  max: 205.99687640691778
  mean: 205.99687640691778
  median: 205.99687640691778
  min: 205.99687640691778
  num_samples: 1
  rmse: 205.99687640691778
  std: 0.0
