rot:
  max: 154.48034015495804
  mean: 75.12561076681949
  median: 140.4942813492891
  min: 0.0011563767715691445
  num_samples: 535
  rmse: 103.02124515623699
  std: 70.49481938734093
scale:
  max: 3375844.9481039
  mean: 19172.21314331112
  median: 140.01314987017474
  min: 0.02804880130387044
  num_samples: 535
  rmse: 206889.97380614944
  std: 205999.72695296616
trans:
  max: 826.4240927590904
  mean: 357.2134275734816
  median: 340.4977207022157
  min: 4.0797911805097564e-08
  num_samples: 535
  rmse: 504.51138073457014
  std: 356.27278937901986
