rot:
  max: 123.26072292901596
  mean: 56.4410143095594
  median: 67.02932267753775
  min: 0.00014039785329892146
  num_samples: 772
  rmse: 73.25906472129867
  std: 46.70441593198163
scale:
  max: 261918.11623591775
  mean: 4505.024925041896
  median: 586.8081485912797
  min: 0.08044142793572906
  num_samples: 772
  rmse: 18878.768699157878
  std: 18333.375521737795
trans:
  max: 333.8945522776873
  mean: 163.02024952483808
  median: 247.51015358302703
  min: 0.0
  num_samples: 772
  rmse: 205.81563627033714
  std: 125.63627811354195
