rot:
  max: 73.25906472129867
  mean: 73.25906472129867
  median: 73.25906472129867
  min: 73.25906472129867
  num_samples: 1
  rmse: 73.25906472129867
  std: 0.0
scale:
  max: 18878.768699157878
  mean: 18878.768699157878
  median: 18878.768699157878
  min: 18878.768699157878
  num_samples: 1
  rmse: 18878.768699157878
  std: 0.0
trans:
  max: 205.81563627033714
  mean: 205.81563627033714
  median: 205.81563627033714
  min: 205.81563627033714
  num_samples: 1
  rmse: 205.81563627033714
  std: 0.0
