rot:
  max: 10.609414929138191
  mean: 6.210034596111387
  median: 5.855896800235735
  min: 0.0
  num_samples: 792
  rmse: 6.98841326061303
  std: 3.205212975172121
scale:
  max: 80473.5457920929
  mean: 249.07044113119466
  median: 6.086800721820862
  min: 0.019641969071404475
  num_samples: 792
  rmse: 3218.3508160281426
  std: 3208.6984729612286
trans:
  max: 30.056429926156508
  mean: 15.718315220840413
  median: 17.605858962714077
  min: 0.0
  num_samples: 792
  rmse: 17.71001954000515
  std: 8.159617560012276
