rot:
  max: 6.98841326061303
  mean: 6.98841326061303
  median: 6.98841326061303
  min: 6.98841326061303
  num_samples: 1
  rmse: 6.98841326061303
  std: 0.0
scale:
  max: 3218.3508160281426
  mean: 3218.3508160281426
  median: 3218.3508160281426
  min: 3218.3508160281426
  num_samples: 1
  rmse: 3218.3508160281426
  std: 0.0
trans:
  max: 17.71001954000515
  mean: 17.71001954000515
  median: 17.71001954000515
  min: 17.71001954000515
  num_samples: 1
  rmse: 17.71001954000515
  std: 0.0
