rot:
  max: 8.600657969442052
  mean: 5.1108745594368825
  median: 5.125226120089167
  min: 0.0
  num_samples: 792
  rmse: 5.650810113868129
  std: 2.410521972663846
scale:
  max: 80473.5457920929
  mean: 217.30562071339628
  median: 6.22253165101837
  min: 0.09837767182048207
  num_samples: 792
  rmse: 3210.361129180173
  std: 3202.99810286509
trans:
  max: 25.26631686591979
  mean: 12.551287685209298
  median: 11.321929506327926
  min: 0.0
  num_samples: 792
  rmse: 14.558894360542995
  std: 7.377437390080919
