rot:
  max: 5.650810113868129
  mean: 5.650810113868129
  median: 5.650810113868129
  min: 5.650810113868129
  num_samples: 1
  rmse: 5.650810113868129
  std: 0.0
scale:
  max: 3210.361129180173
  mean: 3210.361129180173
  median: 3210.361129180173
  min: 3210.361129180173
  num_samples: 1
  rmse: 3210.361129180173
  std: 0.0
trans:
  max: 14.558894360542995
  mean: 14.558894360542995
  median: 14.558894360542995
  min: 14.558894360542995
  num_samples: 1
  rmse: 14.558894360542995
  std: 0.0
