rot:
  max: 12.835605376578549
  mean: 7.123199327330147
  median: 8.038293833553137
  min: 0.0006785081735415092
  num_samples: 535
  rmse: 8.432606107268404
  std: 4.513189238605417
scale:
  max: 3151274.4737575916
  mean: 13631.602294921297
  median: 8.503861587429284
  min: 0.019171467455669777
  num_samples: 535
  rmse: 192899.0935338795
  std: 192416.8384135481
trans:
  max: 37.11788856443119
  mean: 16.26869265161436
  median: 18.641397786783656
  min: 3.8474106316268337e-08
  num_samples: 535
  rmse: 20.610769433988263
  std: 12.6543848553904
