rot:
  max: 8.432606107268404
  mean: 8.432606107268404
  median: 8.432606107268404
  min: 8.432606107268404
  num_samples: 1
  rmse: 8.432606107268404
  std: 0.0
scale:
  max: 192899.0935338795
  mean: 192899.0935338795
  median: 192899.0935338795
  min: 192899.0935338795
  num_samples: 1
  rmse: 192899.0935338795
  std: 0.0
trans:
  max: 20.610769433988263
  mean: 20.610769433988263
  median: 20.610769433988263
  min: 20.610769433988263
  num_samples: 1
  rmse: 20.610769433988263
  std: 0.0
