rot:
  max: 18.855127705166044
  mean: 10.60047477842394
  median: 14.18622789326482
  min: 0.0
  num_samples: 772
  rmse: 12.264790387269779
  std: 6.168874914898426
scale:
  max: 64975.44079256032
  mean: 1585.1114630788659
  median: 88.51395506828669
  min: 0.0026639603292744063
  num_samples: 772
  rmse: 6630.7428319482
  std: 6438.491450102922
trans:
  max: 129.12779777930174
  mean: 73.6724412346218
  median: 115.21815796995345
  min: 0.0
  num_samples: 772
  rmse: 91.17843576245508
  std: 53.72037370141188
