rot:
  max: 12.264790387269779
  mean: 12.264790387269779
  median: 12.264790387269779
  min: 12.264790387269779
  num_samples: 1
  rmse: 12.264790387269779
  std: 0.0
scale:
  max: 6630.7428319482
  mean: 6630.7428319482
  median: 6630.7428319482
  min: 6630.7428319482
  num_samples: 1
  rmse: 6630.7428319482
  std: 0.0
trans:
  max: 91.17843576245508
  mean: 91.17843576245508
  median: 91.17843576245508
  min: 91.17843576245508
  num_samples: 1
  rmse: 91.17843576245508
  std: 0.0
