rot:
  max: 176.60412033289822
  mean: 12.285476730219715
  median: 9.092510604812855
  min: 0.002522595704947938
  num_samples: 2592
  rmse: 25.018550076667367
  std: 21.794377932162746
scale:
  max: 1227967.9494955253
  mean: 554.1844275287236
  median: 6.846165763327128
  min: 0.0002095359590947865
  num_samples: 2592
  rmse: 24121.237174230864
  std: 24114.87015175039
trans:
  max: 244.30465992497105
  mean: 142.20501746986523
  median: 165.37215246251355
  min: 0.0012280679494955252
  num_samples: 2592
  rmse: 158.77326659761016
  std: 70.61645128772128
