rot:
  max: 25.018550076667367
  mean: 25.018550076667367
  median: 25.018550076667367
  min: 25.018550076667367
  num_samples: 1
  rmse: 25.018550076667367
  std: 0.0
scale:
  max: 24121.237174230864
  mean: 24121.237174230864
  median: 24121.237174230864
  min: 24121.237174230864
  num_samples: 1
  rmse: 24121.237174230864
  std: 0.0
trans:
  max: 158.77326659761016
  mean: 158.77326659761016
  median: 158.77326659761016
  min: 158.77326659761016
  num_samples: 1
  rmse: 158.77326659761016
  std: 0.0
