rot:
  max: 5.977094984952707
  mean: 2.139819263877015
  median: 0.8455874752446567
  min: 5.109599479759417e-05
  num_samples: 1330
  rmse: 3.0541562216746927
  std: 2.1792300806328506
scale:
  max: 2176276.0445006993
  mean: 2834.9477979463727
  median: 2.2356569982437624
  min: 0.06905259861815782
  num_samples: 1330
  rmse: 68765.5336848216
  std: 68707.07164434569
trans:
  max: 93.95381353433483
  mean: 22.90652603046012
  median: 11.210974962453513
  min: 0.0
  num_samples: 1330
  rmse: 33.627697106249485
  std: 24.619363880602457
