rot:
  max: 3.0541562216746927
  mean: 3.0541562216746927
  median: 3.0541562216746927
  min: 3.0541562216746927
  num_samples: 1
  rmse: 3.0541562216746927
  std: 0.0
scale:
  max: 68765.5336848216
  mean: 68765.5336848216
  median: 68765.5336848216
  min: 68765.5336848216
  num_samples: 1
  rmse: 68765.5336848216
  std: 0.0
trans:
  max: 33.627697106249485
  mean: 33.627697106249485
  median: 33.627697106249485
  min: 33.627697106249485
  num_samples: 1
  rmse: 33.627697106249485
  std: 0.0
