rot:
  max: 19.6377175318445
  mean: 19.6377175318445
  median: 19.6377175318445
  min: 19.6377175318445
  num_samples: 1
  rmse: 19.6377175318445
  std: 0.0
scale:
  max: 11075.341362511917
  mean: 11075.341362511917
  median: 11075.341362511917
  min: 11075.341362511917
  num_samples: 1
  rmse: 11075.341362511917
  std: 0.0
trans:
  max: 148.04630367077718
  mean: 148.04630367077718
  median: 148.04630367077718
  min: 148.04630367077718
  num_samples: 1
  rmse: 148.04630367077718
  std: 0.0
