rot:
  max: 18.303090839899717
  mean: 10.490685098295957
  median: 10.03206143550804
  min: 0.00212969360678017
  num_samples: 1330
  rmse: 11.993914737800798
  std: 5.813735194006203
scale:
  max: 24519810.477114342
  mean: 30682.73843298737
  median: 5.181550474011221
  min: 0.048589518613395555
  num_samples: 1330
  rmse: 762003.4904626945
  std: 761385.5061922198
trans:
  max: 247.39725351295252
  mean: 100.15371237710518
  median: 106.93993926413121
  min: 9.938361130639345e-08
  num_samples: 1330
  rmse: 128.05698293084578
  std: 79.79865145749652
