rot:
  max: 11.993914737800798
  mean: 11.993914737800798
  median: 11.993914737800798
  min: 11.993914737800798
  num_samples: 1
  rmse: 11.993914737800798
  std: 0.0
scale:
  max: 762003.4904626945
  mean: 762003.4904626945
  median: 762003.4904626945
  min: 762003.4904626945
  num_samples: 1
  rmse: 762003.4904626945
  std: 0.0
trans:
  max: 128.05698293084578
  mean: 128.05698293084578
  median: 128.05698293084578
  min: 128.05698293084578
  num_samples: 1
  rmse: 128.05698293084578
  std: 0.0
