rot:
  max: 3.9399722933671995
  mean: 2.3676536731594267
  median: 2.8422640039111347
  min: 0.00014039785329892146
  num_samples: 772
  rmse: 2.6055454712187913
  std: 1.0876963209294346
scale:
  max: 82193.44459022506
  mean: 651.3663649357044
  median: 26.238428743782585
  min: 0.010197754239449353
  num_samples: 772
  rmse: 5307.602641960242
  std: 5267.482099027369
trans:
  max: 21.92168236660584
  mean: 11.472077340616805
  median: 13.580886700412357
  min: 0.0
  num_samples: 772
  rmse: 12.917687871016051
  std: 5.937853267292958
