rot:
  max: 2.6055454712187913
  mean: 2.6055454712187913
  median: 2.6055454712187913
  min: 2.6055454712187913
  num_samples: 1
  rmse: 2.6055454712187913
  std: 0.0
scale:
  max: 5307.602641960242
  mean: 5307.602641960242
  median: 5307.602641960242
  min: 5307.602641960242
  num_samples: 1
  rmse: 5307.602641960242
  std: 0.0
trans:
  max: 12.917687871016051
  mean: 12.917687871016051
  median: 12.917687871016051
  min: 12.917687871016051
  num_samples: 1
  rmse: 12.917687871016051
  std: 0.0
