rot:
  max: 3.1508315519886283
  mean: 3.1508315519886283
  median: 3.1508315519886283
  min: 3.1508315519886283
  num_samples: 1
  rmse: 3.1508315519886283
  std: 0.0
scale:
  max: 26.307371315452883
  mean: 26.307371315452883
  median: 26.307371315452883
  min: 26.307371315452883
  num_samples: 1
  rmse: 26.307371315452883
  std: 0.0
trans:
  max: 33.553786922738276
  mean: 33.553786922738276
  median: 33.553786922738276
  min: 33.553786922738276
  num_samples: 1
  rmse: 33.553786922738276
  std: 0.0
