rot:
  max: 20.33915490298066
  mean: 11.147426583271868
  median: 15.345905446264823
  min: 0.0
  num_samples: 772
  rmse: 13.215943620012448
  std: 7.099017279730444
scale:
  max: 110050.86007271017
  mean: 1778.3541309062332
  median: 88.17325761704286
  min: 0.03460140584171656
  num_samples: 772
  rmse: 7791.19522709535
  std: 7585.52434916678
trans:
  max: 129.9995303866335
  mean: 73.03985408143812
  median: 115.16003412892684
  min: 0.0
  num_samples: 772
  rmse: 90.86557496744815
  std: 54.05305199456518
