rot:
  max: 13.215943620012448
  mean: 13.215943620012448
  median: 13.215943620012448
  min: 13.215943620012448
  num_samples: 1
  rmse: 13.215943620012448
  std: 0.0
scale:
  max: 7791.19522709535
  mean: 7791.19522709535
  median: 7791.19522709535
  min: 7791.19522709535
  num_samples: 1
  rmse: 7791.19522709535
  std: 0.0
trans:
  max: 90.86557496744815
  mean: 90.86557496744815
  median: 90.86557496744815
  min: 90.86557496744815
  num_samples: 1
  rmse: 90.86557496744815
  std: 0.0
