rot:
  max: 62.60034646327694
  mean: 35.27114615891959
  median: 53.456518676418455
  min: 0.00014039785329892146
  num_samples: 772
  rmse: 44.35505646191201
  std: 26.894558601611845
scale:
  max: 339272.9047958796
  mean: 5752.960874244265
  median: 812.1133167993935
  min: 0.6946530155422681
  num_samples: 772
  rmse: 24093.95013052237
  std: 23397.048405119687
trans:
  max: 386.3245953411875
  mean: 210.52067548077895
  median: 332.082021388689
  min: 0.0
  num_samples: 772
  rmse: 267.0277748730407
  std: 164.27074526148553
