rot:
  max: 44.35505646191201
  mean: 44.35505646191201
  median: 44.35505646191201
  min: 44.35505646191201
  num_samples: 1
  rmse: 44.35505646191201
  std: 0.0
scale:
  max: 24093.95013052237
  mean: 24093.95013052237
  median: 24093.95013052237
  min: 24093.95013052237
  num_samples: 1
  rmse: 24093.95013052237
  std: 0.0
trans:
  max: 267.0277748730407
  mean: 267.0277748730407
  median: 267.0277748730407
  min: 267.0277748730407
  num_samples: 1
  rmse: 267.0277748730407
  std: 0.0
