rot:
  max: 9.77119267911962
  mean: 2.630259499488577
  median: 2.3970925199706397
  min: 0.0
  num_samples: 792
  rmse: 3.0834809006587505
  std: 1.6092201310191843
scale:
  max: 2963.6121510828116
  mean: 66.21994976069657
  median: 6.006664551486008
  min: 0.03146627289452031
  num_samples: 792
  rmse: 249.11493497087005
  std: 240.1523872028584
trans:
  max: 20.45100918662078
  mean: 12.333347501287108
  median: 11.07931902549496
  min: 0.0
  num_samples: 792
  rmse: 14.036647291528714
  std: 6.701940509977351
