rot:
  max: 3.0834809006587505
  mean: 3.0834809006587505
  median: 3.0834809006587505
  min: 3.0834809006587505
  num_samples: 1
  rmse: 3.0834809006587505
  std: 0.0
scale:
  max: 249.11493497087005
  mean: 249.11493497087005
  median: 249.11493497087005
  min: 249.11493497087005
  num_samples: 1
  rmse: 249.11493497087005
  std: 0.0
trans:
  max: 14.036647291528714
  mean: 14.036647291528714
  median: 14.036647291528714
  min: 14.036647291528714
  num_samples: 1
  rmse: 14.036647291528714
  std: 0.0
