rot:
  max: 25.420395751313272
  mean: 15.760930474484802
  median: 16.89050120327847
  min: 1.1459155902616465e-14
  num_samples: 2095
  rmse: 16.92913609404952
  std: 6.17970221526139
scale:
  max: 92762.40598750033
  mean: 622.2425656403194
  median: 12.216210443890319
  min: 0.0025323916164721183
  num_samples: 2095
  rmse: 5885.384617920144
  std: 5852.3983366100765
trans:
  max: 545.1355366230033
  mean: 292.9749796445229
  median: 312.49611007552693
  min: 0.0
  num_samples: 2095
  rmse: 340.237519359976
  std: 172.99488686814252
