rot:
  max: 16.92913609404952
  mean: 16.92913609404952
  median: 16.92913609404952
  min: 16.92913609404952
  num_samples: 1
  rmse: 16.92913609404952
  std: 0.0
scale:
  max: 5885.384617920144
  mean: 5885.384617920144
  median: 5885.384617920144
  min: 5885.384617920144
  num_samples: 1
  rmse: 5885.384617920144
  std: 0.0
trans:
  max: 340.237519359976
  mean: 340.237519359976
  median: 340.237519359976
  min: 340.237519359976
  num_samples: 1
  rmse: 340.237519359976
  std: 0.0
