rot:
  max: 8.450601329695138
  mean: 2.7965992597751512
  median: 2.6356541736015355
  min: 0.0023198233863703107
  num_samples: 2095
  rmse: 3.147803169501519
  std: 1.4448866302062888
scale:
  max: 15774.790713636741
  mean: 101.34185909722822
  median: 1.118962026219239
  min: 0.0015182141362868329
  num_samples: 2095
  rmse: 1002.9119981150634
  std: 997.778684658009
trans:
  max: 79.07167571649846
  mean: 47.34751272419879
  median: 53.79741029694997
  min: 0.0
  num_samples: 2095
  rmse: 53.64697444480579
  std: 25.22322156096401
