rot:
  max: 3.147803169501519
  mean: 3.147803169501519
  median: 3.147803169501519
  min: 3.147803169501519
  num_samples: 1
  rmse: 3.147803169501519
  std: 0.0
scale:
  max: 1002.9119981150634
  mean: 1002.9119981150634
  median: 1002.9119981150634
  min: 1002.9119981150634
  num_samples: 1
  rmse: 1002.9119981150634
  std: 0.0
trans:
  max: 53.64697444480579
  mean: 53.64697444480579
  median: 53.64697444480579
  min: 53.64697444480579
  num_samples: 1
  rmse: 53.64697444480579
  std: 0.0
