rot:
  max: 28.68797922060486
  mean: 16.56500151498932
  median: 24.529206979403625
  min: 0.00014039785329892146
  num_samples: 772
  rmse: 20.103226970997987
  std: 11.390366958788574
scale:
  max: 193347.9900905629
  mean: 3444.973058476388
  median: 476.3094621582141
  min: 0.05620401544836895
  num_samples: 772
  rmse: 14443.370525450224
  std: 14026.51463342965
trans:
  max: 219.46556187261092
  mean: 123.60121667618884
  median: 194.74849172747315
  min: 0.0
  num_samples: 772
  rmse: 155.03112274036891
  std: 93.58091821683067
