rot:
  max: 20.103226970997987
  mean: 20.103226970997987
  median: 20.103226970997987
  min: 20.103226970997987
  num_samples: 1
  rmse: 20.103226970997987
  std: 0.0
scale:
  max: 14443.370525450224
  mean: 14443.370525450224
  median: 14443.370525450224
  min: 14443.370525450224
  num_samples: 1
  rmse: 14443.370525450224
  std: 0.0
trans:
  max: 155.03112274036891
  mean: 155.03112274036891
  median: 155.03112274036891
  min: 155.03112274036891
  num_samples: 1
  rmse: 155.03112274036891
  std: 0.0
