rot:
  max: 14.765779945766397
  mean: 8.381183099422602
  median: 12.455157923439213
  min: 0.0006785081735415092
  num_samples: 535
  rmse: 10.100302461423246
  std: 5.6366550068445225
scale:
  max: 3152900.0099882293
  mean: 13633.376620574038
  median: 8.535821198564852
  min: 0.07762725826454542
  num_samples: 535
  rmse: 192945.56545155268
  std: 192463.30109748448
trans:
  max: 43.36293245242722
  mean: 17.77043447654714
  median: 21.001342948064707
  min: 3.8474106316268337e-08
  num_samples: 535
  rmse: 22.57991309656324
  std: 13.930690362042103
