rot:
  max: 10.100302461423246
  mean: 10.100302461423246
  median: 10.100302461423246
  min: 10.100302461423246
  num_samples: 1
  rmse: 10.100302461423246
  std: 0.0
scale:
  max: 192945.56545155268
  mean: 192945.56545155268
  median: 192945.56545155268
  min: 192945.56545155268
  num_samples: 1
  rmse: 192945.56545155268
  std: 0.0
trans:
  max: 22.57991309656324
  mean: 22.57991309656324
  median: 22.57991309656324
  min: 22.57991309656324
  num_samples: 1
  rmse: 22.57991309656324
  std: 0.0
