rot:
  max: 18.237292906367742
  mean: 10.38266727011565
  median: 8.714343701095446
  min: 0.0016653275185080497
  num_samples: 1101
  rmse: 11.536937907275886
  std: 5.030025510313897
scale:
  max: 288.19372804930293
  mean: 6.751592218355317
  median: 3.2516258932784092
  min: 0.005078746091102815
  num_samples: 1101
  rmse: 24.36631531831782
  std: 23.412247322902036
trans:
  max: 220.16752720367322
  mean: 103.74593860757675
  median: 115.59510120370956
  min: 9.29184417226616e-08
  num_samples: 1101
  rmse: 124.25815221728128
  std: 68.3876349560793
