rot:
  max: 11.536937907275886
  mean: 11.536937907275886
  median: 11.536937907275886
  min: 11.536937907275886
  num_samples: 1
  rmse: 11.536937907275886
  std: 0.0
scale:
  max: 24.36631531831782
  mean: 24.36631531831782
  median: 24.36631531831782
  min: 24.36631531831782
  num_samples: 1
  rmse: 24.36631531831782
  std: 0.0
trans:
  max: 124.25815221728128
  mean: 124.25815221728128
  median: 124.25815221728128
  min: 124.25815221728128
  num_samples: 1
  rmse: 124.25815221728128
  std: 0.0
