rot:
  max: 179.9700388913314
  mean: 14.693830447512294
  median: 11.7662982325018
  min: 0.03371887288229111
  num_samples: 2592
  rmse: 25.43368628946712
  std: 20.759666303936303
scale:
  max: 1227981.1363360449
  mean: 579.0244376446029
  median: 8.75733769182646
  min: 0.18771698211286214
  num_samples: 2592
  rmse: 24122.713323302516
  std: 24115.763076851777
trans:
  max: 303.3587422514259
  mean: 201.0619422275281
  median: 233.81653249556982
  min: 0.001228081136336045
  num_samples: 2592
  rmse: 216.9593154454227
  std: 81.51956787324492
