rot:
  max: 25.43368628946712
  mean: 25.43368628946712
  median: 25.43368628946712
  min: 25.43368628946712
  num_samples: 1
  rmse: 25.43368628946712
  std: 0.0
scale:
  max: 24122.713323302516
  mean: 24122.713323302516
  median: 24122.713323302516
  min: 24122.713323302516
  num_samples: 1
  rmse: 24122.713323302516
  std: 0.0
trans:
  max: 216.9593154454227
  mean: 216.9593154454227
  median: 216.9593154454227
  min: 216.9593154454227
  num_samples: 1
  rmse: 216.9593154454227
  std: 0.0
