rot:
  max: 11.029924496960286
  mean: 4.254521276257591
  median: 5.075651596677472
  min: 0.0021542303644432963
  num_samples: 516
  rmse: 4.697343466136936
  std: 1.9910008409668862
scale:
  max: 6232.369039479141
  mean: 139.99016334859195
  median: 12.074862779550234
  min: 0.0026543524601851942
  num_samples: 516
  rmse: 557.8942659901423
  std: 540.0451519922332
trans:
  max: 25.177234476520283
  mean: 15.268119144023137
  median: 20.087312494005864
  min: 0.0
  num_samples: 516
  rmse: 18.20887909135104
  std: 9.922087258604167
