rot:
  max: 4.697343466136936
  mean: 4.697343466136936
  median: 4.697343466136936
  min: 4.697343466136936
  num_samples: 1
  rmse: 4.697343466136936
  std: 0.0
scale:
  max: 557.8942659901423
  mean: 557.8942659901423
  median: 557.8942659901423
  min: 557.8942659901423
  num_samples: 1
  rmse: 557.8942659901423
  std: 0.0
trans:
  max: 18.20887909135104
  mean: 18.20887909135104
  median: 18.20887909135104
  min: 18.20887909135104
  num_samples: 1
  rmse: 18.20887909135104
  std: 0.0
