rot:
  max: 5.331304132301819
  mean: 0.8335136503348259
  median: 0.5843103838831808
  min: 0.0
  num_samples: 792
  rmse: 1.236492995605873
  std: 0.9133290332010142
scale:
  max: 95045.59408968767
  mean: 232.26447505912284
  median: 6.595326423065584
  min: 0.010862342785511458
  num_samples: 792
  rmse: 3823.8896192880334
  std: 3816.8291858719967
trans:
  max: 8.955209436296714
  mean: 4.8193937219768594
  median: 5.373384446457231
  min: 0.0
  num_samples: 792
  rmse: 5.2994386612293685
  std: 2.203972385648819
