rot:
  max: 1.236492995605873
  mean: 1.236492995605873
  median: 1.236492995605873
  min: 1.236492995605873
  num_samples: 1
  rmse: 1.236492995605873
  std: 0.0
scale:
  max: 3823.8896192880334
  mean: 3823.8896192880334
  median: 3823.8896192880334
  min: 3823.8896192880334
  num_samples: 1
  rmse: 3823.8896192880334
  std: 0.0
trans:
  max: 5.2994386612293685
  mean: 5.2994386612293685
  median: 5.2994386612293685
  min: 5.2994386612293685
  num_samples: 1
  rmse: 5.2994386612293685
  std: 0.0
