rot:
  max: 13.60429039925076
  mean: 8.20870936660057
  median: 9.264313509432043
  min: 0.00016122290739021877
  num_samples: 2006
  rmse: 8.79725760898258
  std: 3.163673809590042
scale:
  max: 10959.102430127547
  mean: 29.656758336282923
  median: 9.41278247621633
  min: 0.1768750646020667
  num_samples: 2006
  rmse: 337.90251329565524
  std: 336.5985519524761
trans:
  max: 353.90474667510495
  mean: 188.70056308543138
  median: 182.1198989908175
  min: 0.0
  num_samples: 2006
  rmse: 221.28870159437918
  std: 115.58887033173787
