rot:
  max: 8.79725760898258
  mean: 8.79725760898258
  median: 8.79725760898258
  min: 8.79725760898258
  num_samples: 1
  rmse: 8.79725760898258
  std: 0.0
scale:
  max: 337.90251329565524
  mean: 337.90251329565524
  median: 337.90251329565524
  min: 337.90251329565524
  num_samples: 1
  rmse: 337.90251329565524
  std: 0.0
trans:
  max: 221.28870159437918
  mean: 221.28870159437918
  median: 221.28870159437918
  min: 221.28870159437918
  num_samples: 1
  rmse: 221.28870159437918
  std: 0.0
