rot:
  max: 3.181863562377982
  mean: 1.6584164556172416
  median: 1.8967899560899906
  min: 5.109599479759417e-05
  num_samples: 1330
  rmse: 1.903457366711333
  std: 0.9342402296120563
scale:
  max: 2176276.0445006993
  mean: 2827.8778204232704
  median: 2.5397816143324703
  min: 0.03085477518194324
  num_samples: 1330
  rmse: 68765.48591547112
  std: 68707.31518712992
trans:
  max: 72.4587128463222
  mean: 23.795403573748814
  median: 19.480316077145012
  min: 0.0
  num_samples: 1330
  rmse: 30.64595659746545
  std: 19.312002085132406
