rot:
  max: 1.903457366711333
  mean: 1.903457366711333
  median: 1.903457366711333
  min: 1.903457366711333
  num_samples: 1
  rmse: 1.903457366711333
  std: 0.0
scale:
  max: 68765.48591547112
  mean: 68765.48591547112
  median: 68765.48591547112
  min: 68765.48591547112
  num_samples: 1
  rmse: 68765.48591547112
  std: 0.0
trans:
  max: 30.64595659746545
  mean: 30.64595659746545
  median: 30.64595659746545
  min: 30.64595659746545
  num_samples: 1
  rmse: 30.64595659746545
  std: 0.0
