rot:
  max: 19.350230010713727
  mean: 10.98732904593788
  median: 10.136081726306138
  min: 0.00212969360678017
  num_samples: 1330
  rmse: 12.44891535422231
  std: 5.852699713199176
scale:
  max: 24519810.477114342
  mean: 30675.79249694552
  median: 4.68970401205433
  min: 0.059014611867291844
  num_samples: 1330
  rmse: 762003.4782358258
  std: 761385.7738349074
trans:
  max: 276.60934333125516
  mean: 100.82312546300348
  median: 103.30485674805584
  min: 9.938361130639345e-08
  num_samples: 1330
  rmse: 128.51147681996164
  std: 79.68624126107966
