rot:
  max: 12.44891535422231
  mean: 12.44891535422231
  median: 12.44891535422231
  min: 12.44891535422231
  num_samples: 1
  rmse: 12.44891535422231
  std: 0.0
scale:
  max: 762003.4782358258
  mean: 762003.4782358258
  median: 762003.4782358258
  min: 762003.4782358258
  num_samples: 1
  rmse: 762003.4782358258
  std: 0.0
trans:
  max: 128.51147681996164
  mean: 128.51147681996164
  median: 128.51147681996164
  min: 128.51147681996164
  num_samples: 1
  rmse: 128.51147681996164
  std: 0.0
