rot:
  max: 45.098459002183475
  mean: 18.809386263249994
  median: 11.817479424135328
  min: 0.00042243057245074247
  num_samples: 1330
  rmse: 24.402634106329014
  std: 15.54656038251659
scale:
  max: 23085729.13413827
  mean: 28577.846073324403
  median: 8.001808703636382
  min: 0.035081573035122826
  num_samples: 1330
  rmse: 711844.9892355979
  std: 711271.1124554672
trans:
  max: 593.6639130630551
  mean: 160.80987256811966
  median: 108.60159193518723
  min: 9.678172040897828e-08
  num_samples: 1330
  rmse: 230.66189370406315
  std: 165.36352104309353
