rot:
  max: 24.402634106329014
  mean: 24.402634106329014
  median: 24.402634106329014
  min: 24.402634106329014
  num_samples: 1
  rmse: 24.402634106329014
  std: 0.0
scale:
  max: 711844.9892355979
  mean: 711844.9892355979
  median: 711844.9892355979
  min: 711844.9892355979
  num_samples: 1
  rmse: 711844.9892355979
  std: 0.0
trans:
  max: 230.66189370406315
  mean: 230.66189370406315
  median: 230.66189370406315
  min: 230.66189370406315
  num_samples: 1
  rmse: 230.66189370406315
  std: 0.0
