rot:
  max: 13.303414634377036
  mean: 3.389664261431571
  median: 3.272384493048559
  min: 0.0006741862031264913
  num_samples: 1330
  rmse: 3.9211631716232227
  std: 1.9712170893303078
scale:
  max: 11823396.453366015
  mean: 17078.56003560879
  median: 1.5493902627832845
  min: 0.011788339420970573
  num_samples: 1330
  rmse: 399061.3603517802
  std: 398695.73876945744
trans:
  max: 82.23991294168772
  mean: 40.96353462756132
  median: 40.5102472961387
  min: 0.0
  num_samples: 1330
  rmse: 50.48384297572888
  std: 29.50605416545278
