rot:
  max: 3.9211631716232227
  mean: 3.9211631716232227
  median: 3.9211631716232227
  min: 3.9211631716232227
  num_samples: 1
  rmse: 3.9211631716232227
  std: 0.0
scale:
  max: 399061.3603517802
  mean: 399061.3603517802
  median: 399061.3603517802
  min: 399061.3603517802
  num_samples: 1
  rmse: 399061.3603517802
  std: 0.0
trans:
  max: 50.48384297572888
  mean: 50.48384297572888
  median: 50.48384297572888
  min: 50.48384297572888
  num_samples: 1
  rmse: 50.48384297572888
  std: 0.0
