rot:
  max: 24.498180497913342
  mean: 14.773402560570116
  median: 14.998452165516163
  min: 0.0
  num_samples: 2686
  rmse: 16.146641844198626
  std: 6.516181368575187
scale:
  max: 129880.73448949831
  mean: 411.07741263823596
  median: 9.635992502631897
  min: 0.47032605180705733
  num_samples: 2686
  rmse: 3528.260532317149
  std: 3504.231405704473
trans:
  max: 391.9197392109814
  mean: 231.84188070625905
  median: 270.26139761716706
  min: 0.0
  num_samples: 2686
  rmse: 257.9775986998825
  std: 113.14496799037218
