rot:
  max: 16.146641844198626
  mean: 16.146641844198626
  median: 16.146641844198626
  min: 16.146641844198626
  num_samples: 1
  rmse: 16.146641844198626
  std: 0.0
scale:
  max: 3528.260532317149
  mean: 3528.260532317149
  median: 3528.260532317149
  min: 3528.260532317149
  num_samples: 1
  rmse: 3528.260532317149
  std: 0.0
trans:
  max: 257.9775986998825
  mean: 257.9775986998825
  median: 257.9775986998825
  min: 257.9775986998825
  num_samples: 1
  rmse: 257.9775986998825
  std: 0.0
