rot:
  max: 1.7197356673840027
  mean: 0.7462545138336067
  median: 0.8141168317958792
  min: 0.00027936561933297657
  num_samples: 535
  rmse: 0.8459303668666839
  std: 0.3983746806339099
scale:
  max: 2558879.210329206
  mean: 8005.740571690281
  median: 4.920675924997342
  min: 0.002920297359809698
  num_samples: 535
  rmse: 126406.29059493462
  std: 126152.52046578321
trans:
  max: 5.475797598058817
  mean: 2.237492299069126
  median: 2.5335331614105905
  min: 0.0
  num_samples: 535
  rmse: 2.738756973514213
  std: 1.5793726512698294
