rot:
  max: 0.8459303668666839
  mean: 0.8459303668666839
  median: 0.8459303668666839
  min: 0.8459303668666839
  num_samples: 1
  rmse: 0.8459303668666839
  std: 0.0
scale:
  max: 126406.29059493462
  mean: 126406.29059493462
  median: 126406.29059493462
  min: 126406.29059493462
  num_samples: 1
  rmse: 126406.29059493462
  std: 0.0
trans:
  max: 2.738756973514213
  mean: 2.738756973514213
  median: 2.738756973514213
  min: 2.738756973514213
  num_samples: 1
  rmse: 2.738756973514213
  std: 0.0
