rot:
  max: 4.0681446399645305
  mean: 4.0681446399645305
  median: 4.0681446399645305
  min: 4.0681446399645305
  num_samples: 1
  rmse: 4.0681446399645305
  std: 0.0
scale:
  max: 126339.35263510807
  mean: 126339.35263510807
  median: 126339.35263510807
  min: 126339.35263510807
  num_samples: 1
  rmse: 126339.35263510807
  std: 0.0
trans:
  max: 22.392459917343604
  mean: 22.392459917343604
  median: 22.392459917343604
  min: 22.392459917343604
  num_samples: 1
  rmse: 22.392459917343604
  std: 0.0
