rot:
  max: 23.14039606874778
  mean: 14.64111770923184
  median: 15.835949077816482
  min: 1.1459155902616465e-14
  num_samples: 2095
  rmse: 15.71351731337453
  std: 5.7054621707745
scale:
  max: 101343.78889669839
  mean: 678.3939216755072
  median: 10.816138756893444
  min: 0.0061550330795689945
  num_samples: 2095
  rmse: 6429.922789993557
  std: 6394.03540593202
trans:
  max: 523.5611042249194
  mean: 284.8129093594951
  median: 338.13069858508504
  min: 0.0
  num_samples: 2095
  rmse: 330.9908590991443
  std: 168.63141898640836
