rot:
  max: 15.71351731337453
  mean: 15.71351731337453
  median: 15.71351731337453
  min: 15.71351731337453
  num_samples: 1
  rmse: 15.71351731337453
  std: 0.0
scale:
  max: 6429.922789993557
  mean: 6429.922789993557
  median: 6429.922789993557
  min: 6429.922789993557
  num_samples: 1
  rmse: 6429.922789993557
  std: 0.0
trans:
  max: 330.9908590991443
  mean: 330.9908590991443
  median: 330.9908590991443
  min: 330.9908590991443
  num_samples: 1
  rmse: 330.9908590991443
  std: 0.0
