rot:
  max: 22.110420621062612
  mean: 13.470284620889363
  median: 14.242452019281659
  min: 1.1459155902616465e-14
  num_samples: 2095
  rmse: 14.382594948918928
  std: 5.040879853448181
scale:
  max: 88032.00403002044
  mean: 588.5871250327942
  median: 9.091747056322163
  min: 0.10544200991620123
  num_samples: 2095
  rmse: 5584.686607217925
  std: 5553.583500505317
trans:
  max: 459.84147179954556
  mean: 251.97570084675746
  median: 292.9780392335545
  min: 0.0
  num_samples: 2095
  rmse: 290.53270549526724
  std: 144.62883234398697
