rot:
  max: 14.382594948918928
  mean: 14.382594948918928
  median: 14.382594948918928
  min: 14.382594948918928
  num_samples: 1
  rmse: 14.382594948918928
  std: 0.0
scale:
  max: 5584.686607217925
  mean: 5584.686607217925
  median: 5584.686607217925
  min: 5584.686607217925
  num_samples: 1
  rmse: 5584.686607217925
  std: 0.0
trans:
  max: 290.53270549526724
  mean: 290.53270549526724
  median: 290.53270549526724
  min: 290.53270549526724
  num_samples: 1
  rmse: 290.53270549526724
  std: 0.0
