rot:
  max: 18.524186689400203
  mean: 18.524186689400203
  median: 18.524186689400203
  min: 18.524186689400203
  num_samples: 1
  rmse: 18.524186689400203
  std: 0.0
scale:
  max: 4517.054660427864
  mean: 4517.054660427864
  median: 4517.054660427864
  min: 4517.054660427864
  num_samples: 1
  rmse: 4517.054660427864
  std: 0.0
trans:
  max: 306.7092346530269
  mean: 306.7092346530269
  median: 306.7092346530269
  min: 306.7092346530269
  num_samples: 1
  rmse: 306.7092346530269
  std: 0.0
