rot:
  max: 145.1092664966603
  mean: 70.31570201770623
  median: 131.54751031564567
  min: 0.0006785081735415092
  num_samples: 535
  rmse: 96.54820602881077
  std: 66.16085048681612
scale:
  max: 3152900.0099882293
  mean: 17910.76837833176
  median: 121.94673726773271
  min: 0.0008069034147517584
  num_samples: 535
  rmse: 193656.38767205516
  std: 192826.34898344957
trans:
  max: 776.8048111988754
  mean: 333.66023850010595
  median: 307.1553528368706
  min: 3.8474106316268337e-08
  num_samples: 535
  rmse: 472.2832964647317
  std: 334.2489451945152
