rot:
  max: 96.54820602881077
  mean: 96.54820602881077
  median: 96.54820602881077
  min: 96.54820602881077
  num_samples: 1
  rmse: 96.54820602881077
  std: 0.0
scale:
  max: 193656.38767205516
  mean: 193656.38767205516
  median: 193656.38767205516
  min: 193656.38767205516
  num_samples: 1
  rmse: 193656.38767205516
  std: 0.0
trans:
  max: 472.2832964647317
  mean: 472.2832964647317
  median: 472.2832964647317
  min: 472.2832964647317
  num_samples: 1
  rmse: 472.2832964647317
  std: 0.0
