rot:
  max: 119.86701303037118
  mean: 40.55491604181988
  median: 19.783893755101836
  min: 0.0
  num_samples: 772
  rmse: 57.625683346378295
  std: 40.939200846841175
scale:
  max: 129244.44606257298
  mean: 3316.237744857733
  median: 580.0229720858449
  min: 0.14970585238216483
  num_samples: 772
  rmse: 13189.622349998373
  std: 12765.919667425354
trans:
  max: 314.13533657170956
  mean: 172.81728684571388
  median: 236.45471248021227
  min: 0.0
  num_samples: 772
  rmse: 220.66586607931507
  std: 137.21373772265105
