rot:
  max: 57.625683346378295
  mean: 57.625683346378295
  median: 57.625683346378295
  min: 57.625683346378295
  num_samples: 1
  rmse: 57.625683346378295
  std: 0.0
scale:
  max: 13189.622349998373
  mean: 13189.622349998373
  median: 13189.622349998373
  min: 13189.622349998373
  num_samples: 1
  rmse: 13189.622349998373
  std: 0.0
trans:
  max: 220.66586607931507
  mean: 220.66586607931507
  median: 220.66586607931507
  min: 220.66586607931507
  num_samples: 1
  rmse: 220.66586607931507
  std: 0.0
