rot:
  max: 2.8293065844971323
  mean: 0.789800591927507
  median: 0.5909240310071194
  min: 0.0004746431245258161
  num_samples: 1101
  rmse: 1.0876449168527869
  std: 0.747787730674063
scale:
  max: 13823.080277924504
  mean: 36.149342664082674
  median: 1.986768419013174
  min: 0.1397786812198376
  num_samples: 1101
  rmse: 604.374161384245
  std: 603.2920950699288
trans:
  max: 38.07691019214247
  mean: 17.502846662610132
  median: 15.429413613259458
  min: 0.0
  num_samples: 1101
  rmse: 21.018206680093467
  std: 11.636811021593626
