rot:
  max: 1.0876449168527869
  mean: 1.0876449168527869
  median: 1.0876449168527869
  min: 1.0876449168527869
  num_samples: 1
  rmse: 1.0876449168527869
  std: 0.0
scale:
  max: 604.374161384245
  mean: 604.374161384245
  median: 604.374161384245
  min: 604.374161384245
  num_samples: 1
  rmse: 604.374161384245
  std: 0.0
trans:
  max: 21.018206680093467
  mean: 21.018206680093467
  median: 21.018206680093467
  min: 21.018206680093467
  num_samples: 1
  rmse: 21.018206680093467
  std: 0.0
