rot:
  max: 6.1548452836152805
  mean: 2.524479885986637
  median: 3.234507535579999
  min: 0.0
  num_samples: 772
  rmse: 3.100555615689291
  std: 1.8001240044039453
scale:
  max: 24634.722806107526
  mean: 392.0822572871377
  median: 45.039284237854616
  min: 0.0029974525041609468
  num_samples: 772
  rmse: 2012.225237800467
  std: 1973.6569892364198
trans:
  max: 22.796925739741823
  mean: 12.325482089390105
  median: 18.638945967625908
  min: 0.0
  num_samples: 772
  rmse: 15.18667291035557
  std: 8.872289746748098
