rot:
  max: 28.29288043639771
  mean: 11.26054978212854
  median: 11.635475065007377
  min: 0.00212969360678017
  num_samples: 1330
  rmse: 12.94131605033593
  std: 6.377905590308406
scale:
  max: 24519899.605696812
  mean: 30674.250524406492
  median: 6.153973594100193
  min: 0.06257875644779531
  num_samples: 1330
  rmse: 762005.7951374942
  std: 761388.1547396773
trans:
  max: 360.74720389527783
  mean: 90.11861409452472
  median: 64.27665534788413
  min: 9.938361130639345e-08
  num_samples: 1330
  rmse: 119.48972146666304
  std: 78.46291435998822
