rot:
  max: 12.94131605033593
  mean: 12.94131605033593
  median: 12.94131605033593
  min: 12.94131605033593
  num_samples: 1
  rmse: 12.94131605033593
  std: 0.0
scale:
  max: 762005.7951374942
  mean: 762005.7951374942
  median: 762005.7951374942
  min: 762005.7951374942
  num_samples: 1
  rmse: 762005.7951374942
  std: 0.0
trans:
  max: 119.48972146666304
  mean: 119.48972146666304
  median: 119.48972146666304
  min: 119.48972146666304
  num_samples: 1
  rmse: 119.48972146666304
  std: 0.0
