rot:
  max: 10.407138564797494
  mean: 5.45675422465574
  median: 4.652506390694558
  min: 0.0
  num_samples: 792
  rmse: 6.142097600926011
  std: 2.8194319057219293
scale:
  max: 3175.6609121568667
  mean: 75.54075169529894
  median: 5.746783125029886
  min: 0.004848521338285394
  num_samples: 792
  rmse: 260.67278057077317
  std: 249.48726092489702
trans:
  max: 26.873496266853763
  mean: 14.052628150763667
  median: 14.928010204029437
  min: 0.0
  num_samples: 792
  rmse: 15.873221040499846
  std: 7.38124571172993
