rot:
  max: 18.304042576225946
  mean: 11.504202318019278
  median: 11.841242211372933
  min: 0.0
  num_samples: 2078
  rmse: 12.387888381665507
  std: 4.594900171133548
scale:
  max: 43436.38985426438
  mean: 310.1829231914674
  median: 8.800216948455697
  min: 0.1978858663529648
  num_samples: 2078
  rmse: 2802.337710753185
  std: 2785.1181661232617
trans:
  max: 383.90082791513765
  mean: 201.32197192725724
  median: 203.19433988289225
  min: 0.0
  num_samples: 2078
  rmse: 231.5710666907541
  std: 114.43173750150932
