rot:
  max: 12.387888381665507
  mean: 12.387888381665507
  median: 12.387888381665507
  min: 12.387888381665507
  num_samples: 1
  rmse: 12.387888381665507
  std: 0.0
scale:
  max: 2802.337710753185
  mean: 2802.337710753185
  median: 2802.337710753185
  min: 2802.337710753185
  num_samples: 1
  rmse: 2802.337710753185
  std: 0.0
trans:
  max: 231.5710666907541
  mean: 231.5710666907541
  median: 231.5710666907541
  min: 231.5710666907541
  num_samples: 1
  rmse: 231.5710666907541
  std: 0.0
