rot:
  max: 9.507100228990172
  mean: 5.250337749889459
  median: 4.562588665018023
  min: 0.0
  num_samples: 792
  rmse: 6.000229918720251
  std: 2.904601967497667
scale:
  max: 80532.30749436346
  mean: 223.3344192238997
  median: 4.887843159367538
  min: 0.07653631716759701
  num_samples: 792
  rmse: 3213.9655777339453
  std: 3206.196574143359
trans:
  max: 21.48140525159105
  mean: 10.971711007064782
  median: 12.822466527945448
  min: 0.0
  num_samples: 792
  rmse: 12.57614936260485
  std: 6.146632441264069
