rot:
  max: 6.000229918720251
  mean: 6.000229918720251
  median: 6.000229918720251
  min: 6.000229918720251
  num_samples: 1
  rmse: 6.000229918720251
  std: 0.0
scale:
  max: 3213.9655777339453
  mean: 3213.9655777339453
  median: 3213.9655777339453
  min: 3213.9655777339453
  num_samples: 1
  rmse: 3213.9655777339453
  std: 0.0
trans:
  max: 12.57614936260485
  mean: 12.57614936260485
  median: 12.57614936260485
  min: 12.57614936260485
  num_samples: 1
  rmse: 12.57614936260485
  std: 0.0
