rot:
  max: 11.169717373727714
  mean: 4.352729575876646
  median: 3.8946915922190373
  min: 0.0011563767715691445
  num_samples: 535
  rmse: 5.020216961191207
  std: 2.5012643956048706
scale:
  max: 3375844.9481039
  mean: 14794.686225331141
  median: 54.394299568562985
  min: 0.02804880130387044
  num_samples: 535
  rmse: 206151.34182692174
  std: 205619.77773680803
trans:
  max: 58.62565952291249
  mean: 34.07360297475462
  median: 54.225487744838084
  min: 4.0797911805097564e-08
  num_samples: 535
  rmse: 42.189780716226814
  std: 24.879050970688116
