rot:
  max: 5.020216961191207
  mean: 5.020216961191207
  median: 5.020216961191207
  min: 5.020216961191207
  num_samples: 1
  rmse: 5.020216961191207
  std: 0.0
scale:
  max: 206151.34182692174
  mean: 206151.34182692174
  median: 206151.34182692174
  min: 206151.34182692174
  num_samples: 1
  rmse: 206151.34182692174
  std: 0.0
trans:
  max: 42.189780716226814
  mean: 42.189780716226814
  median: 42.189780716226814
  min: 42.189780716226814
  num_samples: 1
  rmse: 42.189780716226814
  std: 0.0
