rot:
  max: 8.67218686242818
  mean: 1.610413867626657
  median: 1.253540910860543
  min: 0.0
  num_samples: 792
  rmse: 2.252245157754284
  std: 1.5745397503979919
scale:
  max: 95045.45546288365
  mean: 225.8879384759586
  median: 3.19593824782563
  min: 0.022910986693303048
  num_samples: 792
  rmse: 3823.6102112313647
  std: 3816.9319730228153
trans:
  max: 9.863105076703317
  mean: 4.603119178613844
  median: 4.554810237830399
  min: 0.0
  num_samples: 792
  rmse: 5.355420891803562
  std: 2.737120157363111
