rot:
  max: 2.252245157754284
  mean: 2.252245157754284
  median: 2.252245157754284
  min: 2.252245157754284
  num_samples: 1
  rmse: 2.252245157754284
  std: 0.0
scale:
  max: 3823.6102112313647
  mean: 3823.6102112313647
  median: 3823.6102112313647
  min: 3823.6102112313647
  num_samples: 1
  rmse: 3823.6102112313647
  std: 0.0
trans:
  max: 5.355420891803562
  mean: 5.355420891803562
  median: 5.355420891803562
  min: 5.355420891803562
  num_samples: 1
  rmse: 5.355420891803562
  std: 0.0
