rot:
  max: 10.383629519635674
  mean: 5.620394936042203
  median: 4.987482639738237
  min: 0.0
  num_samples: 792
  rmse: 6.255101204665518
  std: 2.745442012412424
scale:
  max: 2882.839928015391
  mean: 70.09545593145357
  median: 5.794312214131219
  min: 0.004848521338285394
  num_samples: 792
  rmse: 239.1896679703308
  std: 228.68826887603728
trans:
  max: 25.0035302704451
  mean: 13.784827017103343
  median: 16.232764030455872
  min: 0.0
  num_samples: 792
  rmse: 15.411435623792887
  std: 6.891363587480359
