rot:
  max: 6.255101204665518
  mean: 6.255101204665518
  median: 6.255101204665518
  min: 6.255101204665518
  num_samples: 1
  rmse: 6.255101204665518
  std: 0.0
scale:
  max: 239.1896679703308
  mean: 239.1896679703308
  median: 239.1896679703308
  min: 239.1896679703308
  num_samples: 1
  rmse: 239.1896679703308
  std: 0.0
trans:
  max: 15.411435623792887
  mean: 15.411435623792887
  median: 15.411435623792887
  min: 15.411435623792887
  num_samples: 1
  rmse: 15.411435623792887
  std: 0.0
