rot:
  max: 6.250584435767818
  mean: 2.5213329017476838
  median: 3.2353638154486184
  min: 0.0
  num_samples: 772
  rmse: 3.1160945178512205
  std: 1.8310995174340026
scale:
  max: 19098.157851357937
  mean: 361.44788562318087
  median: 42.45162273986512
  min: 0.02249602654504912
  num_samples: 772
  rmse: 1680.0983824961133
  std: 1640.7577520294055
trans:
  max: 22.838277496380787
  mean: 12.295691201682535
  median: 18.554890820028675
  min: 0.0
  num_samples: 772
  rmse: 15.177039236145598
  std: 8.897106150224896
