rot:
  max: 3.1160945178512205
  mean: 3.1160945178512205
  median: 3.1160945178512205
  min: 3.1160945178512205
  num_samples: 1
  rmse: 3.1160945178512205
  std: 0.0
scale:
  max: 1680.0983824961133
  mean: 1680.0983824961133
  median: 1680.0983824961133
  min: 1680.0983824961133
  num_samples: 1
  rmse: 1680.0983824961133
  std: 0.0
trans:
  max: 15.177039236145598
  mean: 15.177039236145598
  median: 15.177039236145598
  min: 15.177039236145598
  num_samples: 1
  rmse: 15.177039236145598
  std: 0.0
