rot:
  max: 13.80822932488137
  mean: 3.3555113824316343
  median: 3.2190332327152786
  min: 0.0005860310670338717
  num_samples: 1101
  rmse: 3.79900180313171
  std: 1.7812798945055563
scale:
  max: 331.15703572743234
  mean: 5.938073617889935
  median: 2.3299130142792057
  min: 0.06241420169003087
  num_samples: 1101
  rmse: 26.384312187729115
  std: 25.707415492967602
trans:
  max: 105.34501709379221
  mean: 53.68508432833282
  median: 58.378527856778916
  min: 0.0
  num_samples: 1101
  rmse: 63.262403373531896
  std: 33.4670494853558
