rot:
  max: 32.99156332956218
  mean: 15.384371298380184
  median: 11.490988076561301
  min: 0.0016653275185080497
  num_samples: 1101
  rmse: 18.690831658228156
  std: 10.614532859707012
scale:
  max: 288.19372804930293
  mean: 9.378766456996612
  median: 4.190166316662092
  min: 0.0185034647510518
  num_samples: 1101
  rmse: 26.308788271582948
  std: 24.580298616251504
trans:
  max: 313.82451138268806
  mean: 129.23241202981478
  median: 117.19491121415922
  min: 9.29184417226616e-08
  num_samples: 1101
  rmse: 161.65022074130886
  std: 97.10704169456538
