rot:
  max: 18.690831658228156
  mean: 18.690831658228156
  median: 18.690831658228156
  min: 18.690831658228156
  num_samples: 1
  rmse: 18.690831658228156
  std: 0.0
scale:
  max: 26.308788271582948
  mean: 26.308788271582948
  median: 26.308788271582948
  min: 26.308788271582948
  num_samples: 1
  rmse: 26.308788271582948
  std: 0.0
trans:
  max: 161.65022074130886
  mean: 161.65022074130886
  median: 161.65022074130886
  min: 161.65022074130886
  num_samples: 1
  rmse: 161.65022074130886
  std: 0.0
