rot:
  max: 3.82991006650295
  mean: 1.034861953721623
  median: 0.7523471030788087
  min: 4.302023498215211e-05
  num_samples: 1101
  rmse: 1.4653100359029965
  std: 1.0373978205382477
scale:
  max: 9791.463959588113
  mean: 26.941533607076863
  median: 2.1996909338166004
  min: 0.09313787770208748
  num_samples: 1101
  rmse: 445.40071538214573
  std: 444.5851448595937
trans:
  max: 45.25585956342114
  mean: 19.414108704811145
  median: 17.172180878608376
  min: 0.0
  num_samples: 1101
  rmse: 23.253146885983313
  std: 12.798485195478861
