rot:
  max: 1.4653100359029965
  mean: 1.4653100359029965
  median: 1.4653100359029965
  min: 1.4653100359029965
  num_samples: 1
  rmse: 1.4653100359029965
  std: 0.0
scale:
  max: 445.40071538214573
  mean: 445.40071538214573
  median: 445.40071538214573
  min: 445.40071538214573
  num_samples: 1
  rmse: 445.40071538214573
  std: 0.0
trans:
  max: 23.253146885983313
  mean: 23.253146885983313
  median: 23.253146885983313
  min: 23.253146885983313
  num_samples: 1
  rmse: 23.253146885983313
  std: 0.0
