rot:
  max: 25.374501654395768
  mean: 14.842892332807306
  median: 21.15339322765959
  min: 0.0
  num_samples: 772
  rmse: 17.648409274428793
  std: 9.547507377029586
scale:
  max: 94252.14127540335
  mean: 2335.9399131846967
  median: 216.04178615958398
  min: 0.03872674878688809
  num_samples: 772
  rmse: 9621.016278578221
  std: 9333.131251335632
trans:
  max: 186.74737925272498
  mean: 105.1137097588272
  median: 166.42775631038296
  min: 0.0
  num_samples: 772
  rmse: 131.6820645824802
  std: 79.3175526188341
