rot:
  max: 17.648409274428793
  mean: 17.648409274428793
  median: 17.648409274428793
  min: 17.648409274428793
  num_samples: 1
  rmse: 17.648409274428793
  std: 0.0
scale:
  max: 9621.016278578221
  mean: 9621.016278578221
  median: 9621.016278578221
  min: 9621.016278578221
  num_samples: 1
  rmse: 9621.016278578221
  std: 0.0
trans:
  max: 131.6820645824802
  mean: 131.6820645824802
  median: 131.6820645824802
  min: 131.6820645824802
  num_samples: 1
  rmse: 131.6820645824802
  std: 0.0
