rot:
  max: 22.298196299723447
  mean: 13.705471099773996
  median: 13.985885939941962
  min: 1.1459155902616465e-14
  num_samples: 2095
  rmse: 14.843207333240981
  std: 5.699198704277522
scale:
  max: 56803.95984676143
  mean: 385.6720890325243
  median: 10.522631171673469
  min: 0.005409386057353416
  num_samples: 2095
  rmse: 3561.620720285783
  std: 3540.6777875020357
trans:
  max: 462.28551588842936
  mean: 237.77887276725934
  median: 238.50222146964146
  min: 0.0
  num_samples: 2095
  rmse: 276.61094586428675
  std: 141.3323142012005
