rot:
  max: 14.843207333240981
  mean: 14.843207333240981
  median: 14.843207333240981
  min: 14.843207333240981
  num_samples: 1
  rmse: 14.843207333240981
  std: 0.0
scale:
  max: 3561.620720285783
  mean: 3561.620720285783
  median: 3561.620720285783
  min: 3561.620720285783
  num_samples: 1
  rmse: 3561.620720285783
  std: 0.0
trans:
  max: 276.61094586428675
  mean: 276.61094586428675
  median: 276.61094586428675
  min: 276.61094586428675
  num_samples: 1
  rmse: 276.61094586428675
  std: 0.0
