rot:
  max: 12.24343290542901
  mean: 6.147306536426629
  median: 4.937761052781482
  min: 0.0
  num_samples: 792
  rmse: 7.017440917718594
  std: 3.384538281786399
scale:
  max: 3684.287597134433
  mean: 86.48120611136075
  median: 6.194357899270075
  min: 0.006790432823577941
  num_samples: 792
  rmse: 298.2319972501334
  std: 285.4178080872459
trans:
  max: 31.617060675196292
  mean: 15.74837545013573
  median: 15.543488446434104
  min: 0.0
  num_samples: 792
  rmse: 17.948815069948182
  std: 8.61096005662326
