rot:
  max: 7.017440917718594
  mean: 7.017440917718594
  median: 7.017440917718594
  min: 7.017440917718594
  num_samples: 1
  rmse: 7.017440917718594
  std: 0.0
scale:
  max: 298.2319972501334
  mean: 298.2319972501334
  median: 298.2319972501334
  min: 298.2319972501334
  num_samples: 1
  rmse: 298.2319972501334
  std: 0.0
trans:
  max: 17.948815069948182
  mean: 17.948815069948182
  median: 17.948815069948182
  min: 17.948815069948182
  num_samples: 1
  rmse: 17.948815069948182
  std: 0.0
