rot:
  max: 13.242023842989397
  mean: 8.079615732798477
  median: 8.612959190681835
  min: 0.0032470340394572346
  num_samples: 788
  rmse: 8.48453412969432
  std: 2.589812543073936
scale:
  max: 42156.02533962265
  mean: 1051.5605363969678
  median: 182.55573502694276
  min: 0.09655473497827138
  num_samples: 788
  rmse: 4243.579281191968
  std: 4111.2267699622535
trans:
  max: 82.58194916707552
  mean: 54.03620585749154
  median: 76.90202636033868
  min: 0.0
  num_samples: 788
  rmse: 63.43211639165438
  std: 33.22230946895754
