rot:
  max: 8.48453412969432
  mean: 8.48453412969432
  median: 8.48453412969432
  min: 8.48453412969432
  num_samples: 1
  rmse: 8.48453412969432
  std: 0.0
scale:
  max: 4243.579281191968
  mean: 4243.579281191968
  median: 4243.579281191968
  min: 4243.579281191968
  num_samples: 1
  rmse: 4243.579281191968
  std: 0.0
trans:
  max: 63.43211639165438
  mean: 63.43211639165438
  median: 63.43211639165438
  min: 63.43211639165438
  num_samples: 1
  rmse: 63.43211639165438
  std: 0.0
