rot:
  max: 33.051869231654
  mean: 15.553306899311794
  median: 11.490857798159812
  min: 0.0016653275185080497
  num_samples: 1101
  rmse: 18.861858114053895
  std: 10.670723312433932
scale:
  max: 288.19372804930293
  mean: 9.319263784036588
  median: 4.2239313833225545
  min: 0.03737315853835632
  num_samples: 1101
  rmse: 26.20335698459073
  std: 24.490145768970915
trans:
  max: 310.4155559238641
  mean: 131.33995150120055
  median: 119.17490921452374
  min: 9.29184417226616e-08
  num_samples: 1101
  rmse: 164.41331832123691
  std: 98.9017511526599
