rot:
  max: 12.216805282669776
  mean: 3.088454084229117
  median: 2.3982504856280444
  min: 0.0
  num_samples: 792
  rmse: 3.8811267164761247
  std: 2.3504459064086607
scale:
  max: 2902.5272152389443
  mean: 66.64580703453639
  median: 4.952887971841857
  min: 0.06283775400244274
  num_samples: 792
  rmse: 243.09607825754983
  std: 233.78203452985028
trans:
  max: 21.30851077619345
  mean: 11.664327388980611
  median: 9.534267439102315
  min: 0.0
  num_samples: 792
  rmse: 13.554221852926274
  std: 6.903650961702862
