rot:
  max: 3.8811267164761247
  mean: 3.8811267164761247
  median: 3.8811267164761247
  min: 3.8811267164761247
  num_samples: 1
  rmse: 3.8811267164761247
  std: 0.0
scale:
  max: 243.09607825754983
  mean: 243.09607825754983
  median: 243.09607825754983
  min: 243.09607825754983
  num_samples: 1
  rmse: 243.09607825754983
  std: 0.0
trans:
  max: 13.554221852926274
  mean: 13.554221852926274
  median: 13.554221852926274
  min: 13.554221852926274
  num_samples: 1
  rmse: 13.554221852926274
  std: 0.0
