rot:
  max: 9.61211197649244
  mean: 2.209521733352169
  median: 1.897474157292071
  min: 0.0
  num_samples: 792
  rmse: 2.565222112730616
  std: 1.3032183997651934
scale:
  max: 3190.9888683789404
  mean: 75.51863444127376
  median: 6.877776261240243
  min: 0.2591021156438833
  num_samples: 792
  rmse: 267.1871602294647
  std: 256.2926343920381
trans:
  max: 22.88529442950289
  mean: 13.270937120278802
  median: 11.268153577725464
  min: 0.0
  num_samples: 792
  rmse: 15.323771818922976
  std: 7.661606274667487
