rot:
  max: 2.565222112730616
  mean: 2.565222112730616
  median: 2.565222112730616
  min: 2.565222112730616
  num_samples: 1
  rmse: 2.565222112730616
  std: 0.0
scale:
  max: 267.1871602294647
  mean: 267.1871602294647
  median: 267.1871602294647
  min: 267.1871602294647
  num_samples: 1
  rmse: 267.1871602294647
  std: 0.0
trans:
  max: 15.323771818922976
  mean: 15.323771818922976
  median: 15.323771818922976
  min: 15.323771818922976
  num_samples: 1
  rmse: 15.323771818922976
  std: 0.0
