rot:
  max: 29.282434018768463
  mean: 29.282434018768463
  median: 29.282434018768463
  min: 29.282434018768463
  num_samples: 1
  rmse: 29.282434018768463
  std: 0.0
scale:
  max: 18751.99693461126
  mean: 18751.99693461126
  median: 18751.99693461126
  min: 18751.99693461126
  num_samples: 1
  rmse: 18751.99693461126
  std: 0.0
trans:
  max: 204.94365605497745
  mean: 204.94365605497745
  median: 204.94365605497745
  min: 204.94365605497745
  num_samples: 1
  rmse: 204.94365605497745
  std: 0.0
