rot:
  max: 174.94809651898032
  mean: 13.252047626430935
  median: 9.703570492793007
  min: 0.03371887288229111
  num_samples: 2592
  rmse: 24.46448941882438
  std: 20.564398270568887
scale:
  max: 1227981.1363360449
  mean: 581.9680739122101
  median: 8.429415004430119
  min: 0.19580770827681837
  num_samples: 2592
  rmse: 24122.97931317468
  std: 24115.958287092806
trans:
  max: 281.43270672596793
  mean: 193.16117664791244
  median: 219.7578702986543
  min: 0.001228081136336045
  num_samples: 2592
  rmse: 207.8459441522542
  std: 76.7378416202589
