rot:
  max: 24.46448941882438
  mean: 24.46448941882438
  median: 24.46448941882438
  min: 24.46448941882438
  num_samples: 1
  rmse: 24.46448941882438
  std: 0.0
scale:
  max: 24122.97931317468
  mean: 24122.97931317468
  median: 24122.97931317468
  min: 24122.97931317468
  num_samples: 1
  rmse: 24122.97931317468
  std: 0.0
trans:
  max: 207.8459441522542
  mean: 207.8459441522542
  median: 207.8459441522542
  min: 207.8459441522542
  num_samples: 1
  rmse: 207.8459441522542
  std: 0.0
