rot:
  max: 25.285822986982527
  mean: 25.285822986982527
  median: 25.285822986982527
  min: 25.285822986982527
  num_samples: 1
  rmse: 25.285822986982527
  std: 0.0
scale:
  max: 24123.265258272615
  mean: 24123.265258272615
  median: 24123.265258272615
  min: 24123.265258272615
  num_samples: 1
  rmse: 24123.265258272615
  std: 0.0
trans:
  max: 225.43977492020073
  mean: 225.43977492020073
  median: 225.43977492020073
  min: 225.43977492020073
  num_samples: 1
  rmse: 225.43977492020073
  std: 0.0
