rot:
  max: 27.915847698038483
  mean: 16.668938645670647
  median: 16.731450985453954
  min: 0.0
  num_samples: 2686
  rmse: 18.406286830963268
  std: 7.806271794561049
scale:
  max: 148322.5508829335
  mean: 469.93636699900964
  median: 8.942780457293665
  min: 0.10017199660338205
  num_samples: 2686
  rmse: 4032.6019617094107
  std: 4005.126513926166
trans:
  max: 424.30633967758973
  mean: 250.2418383324955
  median: 293.1740158986138
  min: 0.0
  num_samples: 2686
  rmse: 278.47321745562067
  std: 122.17346351830493
