rot:
  max: 18.406286830963268
  mean: 18.406286830963268
  median: 18.406286830963268
  min: 18.406286830963268
  num_samples: 1
  rmse: 18.406286830963268
  std: 0.0
scale:
  max: 4032.6019617094107
  mean: 4032.6019617094107
  median: 4032.6019617094107
  min: 4032.6019617094107
  num_samples: 1
  rmse: 4032.6019617094107
  std: 0.0
trans:
  max: 278.47321745562067
  mean: 278.47321745562067
  median: 278.47321745562067
  min: 278.47321745562067
  num_samples: 1
  rmse: 278.47321745562067
  std: 0.0
