rot:
  max: 2.8367277655735865
  mean: 2.8367277655735865
  median: 2.8367277655735865
  min: 2.8367277655735865
  num_samples: 1
  rmse: 2.8367277655735865
  std: 0.0
scale:
  max: 634.3896583463765
  mean: 634.3896583463765
  median: 634.3896583463765
  min: 634.3896583463765
  num_samples: 1
  rmse: 634.3896583463765
  std: 0.0
trans:
  max: 51.790234419919344
  mean: 51.790234419919344
  median: 51.790234419919344
  min: 51.790234419919344
  num_samples: 1
  rmse: 51.790234419919344
  std: 0.0
