rot:
  max: 45.10179817291261
  mean: 24.796672959640983
  median: 37.36529176925283
  min: 0.0
  num_samples: 772
  rmse: 31.849783551998176
  std: 19.9883396619565
scale:
  max: 207092.86969787328
  mean: 3401.18846582707
  median: 507.1718886062697
  min: 0.007578263383356543
  num_samples: 772
  rmse: 14445.792771244729
  std: 14039.688237623777
trans:
  max: 245.39945393029055
  mean: 129.82018797228406
  median: 207.28571309025114
  min: 0.0
  num_samples: 772
  rmse: 166.29349030049292
  std: 103.92422100338769
