rot:
  max: 31.849783551998176
  mean: 31.849783551998176
  median: 31.849783551998176
  min: 31.849783551998176
  num_samples: 1
  rmse: 31.849783551998176
  std: 0.0
scale:
  max: 14445.792771244729
  mean: 14445.792771244729
  median: 14445.792771244729
  min: 14445.792771244729
  num_samples: 1
  rmse: 14445.792771244729
  std: 0.0
trans:
  max: 166.29349030049292
  mean: 166.29349030049292
  median: 166.29349030049292
  min: 166.29349030049292
  num_samples: 1
  rmse: 166.29349030049292
  std: 0.0
