rot:
  max: 11.446228801159112
  mean: 4.997791215120323
  median: 4.028496155807196
  min: 0.0001612251251035789
  num_samples: 2095
  rmse: 5.577812148123192
  std: 2.4767057414672378
scale:
  max: 29941.51615926106
  mean: 200.6979600563692
  median: 1.3993673060098244
  min: 0.0005490669501062584
  num_samples: 2095
  rmse: 1896.40593063152
  std: 1885.756024135576
trans:
  max: 108.5465525537297
  mean: 63.091490034203254
  median: 56.40873439684208
  min: 0.0
  num_samples: 2095
  rmse: 71.0114100477395
  std: 32.589633968982085
