rot:
  max: 5.577812148123192
  mean: 5.577812148123192
  median: 5.577812148123192
  min: 5.577812148123192
  num_samples: 1
  rmse: 5.577812148123192
  std: 0.0
scale:
  max: 1896.40593063152
  mean: 1896.40593063152
  median: 1896.40593063152
  min: 1896.40593063152
  num_samples: 1
  rmse: 1896.40593063152
  std: 0.0
trans:
  max: 71.0114100477395
  mean: 71.0114100477395
  median: 71.0114100477395
  min: 71.0114100477395
  num_samples: 1
  rmse: 71.0114100477395
  std: 0.0
