rot:
  max: 36.68140132121752
  mean: 21.227968771384834
  median: 31.163966790169983
  min: 0.002037169356248867
  num_samples: 772
  rmse: 25.825542926176695
  std: 14.708229304471201
scale:
  max: 125078.55577606542
  mean: 3229.79821927688
  median: 531.9046423054024
  min: 0.006034923383513302
  num_samples: 772
  rmse: 12748.845260248589
  std: 12332.942022588073
trans:
  max: 247.75340069091746
  mean: 137.80642098560463
  median: 217.82291987080748
  min: 0.0
  num_samples: 772
  rmse: 173.48023098615545
  std: 105.37922412956057
