rot:
  max: 25.825542926176695
  mean: 25.825542926176695
  median: 25.825542926176695
  min: 25.825542926176695
  num_samples: 1
  rmse: 25.825542926176695
  std: 0.0
scale:
  max: 12748.845260248589
  mean: 12748.845260248589
  median: 12748.845260248589
  min: 12748.845260248589
  num_samples: 1
  rmse: 12748.845260248589
  std: 0.0
trans:
  max: 173.48023098615545
  mean: 173.48023098615545
  median: 173.48023098615545
  min: 173.48023098615545
  num_samples: 1
  rmse: 173.48023098615545
  std: 0.0
