rot:
  max: 14.97599968948662
  mean: 3.2534915704422525
  median: 3.0531842054374847
  min: 0.0020692876248442804
  num_samples: 1345
  rmse: 3.8806907331424765
  std: 2.115313964251902
scale:
  max: 1307.7552495583266
  mean: 12.332146325521766
  median: 1.413769974637269
  min: 0.05159220308806889
  num_samples: 1345
  rmse: 67.4612460390105
  std: 66.32448932439533
trans:
  max: 64.92139695774404
  mean: 30.51318547051927
  median: 37.4498649975536
  min: 0.0
  num_samples: 1345
  rmse: 37.29449518740279
  std: 21.44352778170844
