rot:
  max: 3.8806907331424765
  mean: 3.8806907331424765
  median: 3.8806907331424765
  min: 3.8806907331424765
  num_samples: 1
  rmse: 3.8806907331424765
  std: 0.0
scale:
  max: 67.4612460390105
  mean: 67.4612460390105
  median: 67.4612460390105
  min: 67.4612460390105
  num_samples: 1
  rmse: 67.4612460390105
  std: 0.0
trans:
  max: 37.29449518740279
  mean: 37.29449518740279
  median: 37.29449518740279
  min: 37.29449518740279
  num_samples: 1
  rmse: 37.29449518740279
  std: 0.0
