rot:
  max: 177.0245196581733
  mean: 11.996126077588583
  median: 8.975162353533559
  min: 7.469909280487179e-05
  num_samples: 2592
  rmse: 23.88327303561308
  std: 20.651965766586045
scale:
  max: 1227967.9494955253
  mean: 552.6212859898457
  median: 7.0419528430972544
  min: 0.1437286233148538
  num_samples: 2592
  rmse: 24121.15467808797
  std: 24114.82350585457
trans:
  max: 244.7821037670187
  mean: 142.52740961364472
  median: 165.13496687236773
  min: 0.0012280679494955252
  num_samples: 2592
  rmse: 158.96916189249472
  std: 70.40690265610705
