rot:
  max: 23.88327303561308
  mean: 23.88327303561308
  median: 23.88327303561308
  min: 23.88327303561308
  num_samples: 1
  rmse: 23.88327303561308
  std: 0.0
scale:
  max: 24121.15467808797
  mean: 24121.15467808797
  median: 24121.15467808797
  min: 24121.15467808797
  num_samples: 1
  rmse: 24121.15467808797
  std: 0.0
trans:
  max: 158.96916189249472
  mean: 158.96916189249472
  median: 158.96916189249472
  min: 158.96916189249472
  num_samples: 1
  rmse: 158.96916189249472
  std: 0.0
