rot:
  max: 176.3281530620569
  mean: 14.875239883189261
  median: 11.774634155495956
  min: 0.03371887288229111
  num_samples: 2592
  rmse: 26.386030168512608
  std: 21.793343627613297
scale:
  max: 1227981.1363360449
  mean: 579.1711698820179
  median: 8.519220163855767
  min: 0.01622186573410067
  num_samples: 2592
  rmse: 24122.741024199742
  std: 24115.787262218637
trans:
  max: 301.2609940365843
  mean: 199.4297530274346
  median: 232.26530278163003
  min: 0.001228081136336045
  num_samples: 2592
  rmse: 215.25960191679036
  std: 81.0214158404523
