rot:
  max: 26.386030168512608
  mean: 26.386030168512608
  median: 26.386030168512608
  min: 26.386030168512608
  num_samples: 1
  rmse: 26.386030168512608
  std: 0.0
scale:
  max: 24122.741024199742
  mean: 24122.741024199742
  median: 24122.741024199742
  min: 24122.741024199742
  num_samples: 1
  rmse: 24122.741024199742
  std: 0.0
trans:
  max: 215.25960191679036
  mean: 215.25960191679036
  median: 215.25960191679036
  min: 215.25960191679036
  num_samples: 1
  rmse: 215.25960191679036
  std: 0.0
