rot:
  max: 8.54868496157007
  mean: 4.768495347515062
  median: 4.263271407370863
  min: 0.0006785081735415092
  num_samples: 535
  rmse: 5.45152567839053
  std: 2.6420795489308295
scale:
  max: 3152900.0099882293
  mean: 13559.499423326419
  median: 7.495667241923587
  min: 0.0001853848736965702
  num_samples: 535
  rmse: 192944.8988324052
  std: 192467.8517592896
trans:
  max: 21.96887781703423
  mean: 9.617816490346645
  median: 11.210709977424479
  min: 3.8474106316268337e-08
  num_samples: 535
  rmse: 12.054964111529749
  std: 7.267720804233357
