rot:
  max: 5.45152567839053
  mean: 5.45152567839053
  median: 5.45152567839053
  min: 5.45152567839053
  num_samples: 1
  rmse: 5.45152567839053
  std: 0.0
scale:
  max: 192944.8988324052
  mean: 192944.8988324052
  median: 192944.8988324052
  min: 192944.8988324052
  num_samples: 1
  rmse: 192944.8988324052
  std: 0.0
trans:
  max: 12.054964111529749
  mean: 12.054964111529749
  median: 12.054964111529749
  min: 12.054964111529749
  num_samples: 1
  rmse: 12.054964111529749
  std: 0.0
