rot:
  max: 19.116373300963275
  mean: 11.008936792977574
  median: 10.685778983463168
  min: 0.00016122290739021877
  num_samples: 2095
  rmse: 11.647165273079395
  std: 3.802600371673476
scale:
  max: 34632.0196063974
  mean: 230.89330709635826
  median: 3.1349543696334914
  min: 0.0030086663313166895
  num_samples: 2095
  rmse: 2184.8218119599796
  std: 2172.587082432876
trans:
  max: 302.2733336035466
  mean: 158.31624089916502
  median: 125.90457841421176
  min: 0.0
  num_samples: 2095
  rmse: 182.02299138787316
  std: 89.82392365816195
