rot:
  max: 11.647165273079395
  mean: 11.647165273079395
  median: 11.647165273079395
  min: 11.647165273079395
  num_samples: 1
  rmse: 11.647165273079395
  std: 0.0
scale:
  max: 2184.8218119599796
  mean: 2184.8218119599796
  median: 2184.8218119599796
  min: 2184.8218119599796
  num_samples: 1
  rmse: 2184.8218119599796
  std: 0.0
trans:
  max: 182.02299138787316
  mean: 182.02299138787316
  median: 182.02299138787316
  min: 182.02299138787316
  num_samples: 1
  rmse: 182.02299138787316
  std: 0.0
