rot:
  max: 4.527317641633403
  mean: 2.3399905161423527
  median: 2.5960019430918067
  min: 0.00016122290739021877
  num_samples: 2095
  rmse: 2.615990605507758
  std: 1.1695517228702172
scale:
  max: 10959.102430127547
  mean: 65.54147707216549
  median: 4.272401489087074
  min: 0.04466345006184369
  num_samples: 2095
  rmse: 595.271050570965
  std: 591.651872667584
trans:
  max: 91.73027526032314
  mean: 54.21771120825993
  median: 56.37572202748053
  min: 0.0
  num_samples: 2095
  rmse: 60.51586530788469
  std: 26.881401475737203
