rot:
  max: 2.615990605507758
  mean: 2.615990605507758
  median: 2.615990605507758
  min: 2.615990605507758
  num_samples: 1
  rmse: 2.615990605507758
  std: 0.0
scale:
  max: 595.271050570965
  mean: 595.271050570965
  median: 595.271050570965
  min: 595.271050570965
  num_samples: 1
  rmse: 595.271050570965
  std: 0.0
trans:
  max: 60.51586530788469
  mean: 60.51586530788469
  median: 60.51586530788469
  min: 60.51586530788469
  num_samples: 1
  rmse: 60.51586530788469
  std: 0.0
