rot:
  max: 18.037672203686327
  mean: 11.700917967376224
  median: 12.882649799543223
  min: 1.1459155902616465e-14
  num_samples: 2095
  rmse: 12.313981430626256
  std: 3.837011518687494
scale:
  max: 49718.530492137455
  mean: 334.5864120157975
  median: 9.053806786644802
  min: 0.004421808985410891
  num_samples: 2095
  rmse: 3153.0050322732604
  std: 3135.202173135713
trans:
  max: 434.07802936213903
  mean: 233.07357625795973
  median: 236.1563517798806
  min: 0.0
  num_samples: 2095
  rmse: 268.24183632456976
  std: 132.77948186787864
