rot:
  max: 12.313981430626256
  mean: 12.313981430626256
  median: 12.313981430626256
  min: 12.313981430626256
  num_samples: 1
  rmse: 12.313981430626256
  std: 0.0
scale:
  max: 3153.0050322732604
  mean: 3153.0050322732604
  median: 3153.0050322732604
  min: 3153.0050322732604
  num_samples: 1
  rmse: 3153.0050322732604
  std: 0.0
trans:
  max: 268.24183632456976
  mean: 268.24183632456976
  median: 268.24183632456976
  min: 268.24183632456976
  num_samples: 1
  rmse: 268.24183632456976
  std: 0.0
