rot:
  max: 10.176770489407373
  mean: 4.6888078110289015
  median: 4.648042621439132
  min: 0.0023198233863703107
  num_samples: 2095
  rmse: 4.8418051206922685
  std: 1.2075421889094582
scale:
  max: 30488.54676475055
  mean: 200.30161227526824
  median: 2.87319048471395
  min: 0.11144497197890235
  num_samples: 2095
  rmse: 1931.5596672928493
  std: 1921.1460153857101
trans:
  max: 166.0017392433411
  mean: 94.83469200720162
  median: 102.14729242458345
  min: 0.0
  num_samples: 2095
  rmse: 106.72922762168429
  std: 48.96436684590649
