rot:
  max: 4.8418051206922685
  mean: 4.8418051206922685
  median: 4.8418051206922685
  min: 4.8418051206922685
  num_samples: 1
  rmse: 4.8418051206922685
  std: 0.0
scale:
  max: 1931.5596672928493
  mean: 1931.5596672928493
  median: 1931.5596672928493
  min: 1931.5596672928493
  num_samples: 1
  rmse: 1931.5596672928493
  std: 0.0
trans:
  max: 106.72922762168429
  mean: 106.72922762168429
  median: 106.72922762168429
  min: 106.72922762168429
  num_samples: 1
  rmse: 106.72922762168429
  std: 0.0
