rot:
  max: 6.662546857771945
  mean: 3.538548937768365
  median: 3.1999418997256504
  min: 0.0
  num_samples: 792
  rmse: 3.9604970318268298
  std: 1.778822125488522
scale:
  max: 80473.5457920929
  mean: 195.9124731123802
  median: 1.6677650970036373
  min: 0.00017165732524304644
  num_samples: 792
  rmse: 3208.209819367225
  std: 3202.2224388638706
trans:
  max: 22.952004236323564
  mean: 9.095825918395064
  median: 5.718183001538334
  min: 0.0
  num_samples: 792
  rmse: 11.484622939799838
  std: 7.011598600292892
