rot:
  max: 3.9604970318268298
  mean: 3.9604970318268298
  median: 3.9604970318268298
  min: 3.9604970318268298
  num_samples: 1
  rmse: 3.9604970318268298
  std: 0.0
scale:
  max: 3208.209819367225
  mean: 3208.209819367225
  median: 3208.209819367225
  min: 3208.209819367225
  num_samples: 1
  rmse: 3208.209819367225
  std: 0.0
trans:
  max: 11.484622939799838
  mean: 11.484622939799838
  median: 11.484622939799838
  min: 11.484622939799838
  num_samples: 1
  rmse: 11.484622939799838
  std: 0.0
