rot:
  max: 17.73161594113553
  mean: 11.851562445557686
  median: 13.223247016384269
  min: 1.1459155902616465e-14
  num_samples: 2095
  rmse: 12.631458907280464
  std: 4.369693550509203
scale:
  max: 50290.44626750784
  mean: 340.287288672293
  median: 9.90543872580627
  min: 0.0008834893758580264
  num_samples: 2095
  rmse: 3154.680198524256
  std: 3136.273539748901
trans:
  max: 421.8724917536393
  mean: 220.10615848490139
  median: 219.68068330946323
  min: 0.0
  num_samples: 2095
  rmse: 254.9146760261707
  std: 128.5876006874187
