rot:
  max: 12.631458907280464
  mean: 12.631458907280464
  median: 12.631458907280464
  min: 12.631458907280464
  num_samples: 1
  rmse: 12.631458907280464
  std: 0.0
scale:
  max: 3154.680198524256
  mean: 3154.680198524256
  median: 3154.680198524256
  min: 3154.680198524256
  num_samples: 1
  rmse: 3154.680198524256
  std: 0.0
trans:
  max: 254.9146760261707
  mean: 254.9146760261707
  median: 254.9146760261707
  min: 254.9146760261707
  num_samples: 1
  rmse: 254.9146760261707
  std: 0.0
