rot:
  max: 3.902447513990762
  mean: 1.4687240729098723
  median: 0.6909699654808754
  min: 1.5114828284940025e-05
  num_samples: 1330
  rmse: 1.9987477529050819
  std: 1.355670379331993
scale:
  max: 2176276.0445006993
  mean: 2826.8037740558416
  median: 1.7178943329014817
  min: 0.01566850683033527
  num_samples: 1330
  rmse: 68765.48884862511
  std: 68707.36232030284
trans:
  max: 44.4111708372008
  mean: 13.214831106624102
  median: 8.882051129485998
  min: 0.0
  num_samples: 1330
  rmse: 17.333782443692293
  std: 11.21731931562328
