rot:
  max: 1.9987477529050819
  mean: 1.9987477529050819
  median: 1.9987477529050819
  min: 1.9987477529050819
  num_samples: 1
  rmse: 1.9987477529050819
  std: 0.0
scale:
  max: 68765.48884862511
  mean: 68765.48884862511
  median: 68765.48884862511
  min: 68765.48884862511
  num_samples: 1
  rmse: 68765.48884862511
  std: 0.0
trans:
  max: 17.333782443692293
  mean: 17.333782443692293
  median: 17.333782443692293
  min: 17.333782443692293
  num_samples: 1
  rmse: 17.333782443692293
  std: 0.0
