rot:
  max: 127.28235630491044
  mean: 63.21949650744714
  median: 118.70969685008572
  min: 0.00260916829651933
  num_samples: 535
  rmse: 86.95933300888103
  std: 59.70947042718052
scale:
  max: 2560772.933327428
  mean: 12090.244929612414
  median: 99.24956561908822
  min: 0.019191743975421893
  num_samples: 535
  rmse: 127792.3230759248
  std: 127219.11733180481
trans:
  max: 705.8789857566923
  mean: 297.31163225727306
  median: 245.52863938200045
  min: 0.0
  num_samples: 535
  rmse: 424.54468547389075
  std: 303.0577227008757
