rot:
  max: 5.426588925998866
  mean: 2.5457205223618127
  median: 2.2887831278535407
  min: 5.109599479759417e-05
  num_samples: 1330
  rmse: 3.2511415107870043
  std: 2.022184003791026
scale:
  max: 2176276.0445006993
  mean: 2829.5327147225466
  median: 1.8374089163189944
  min: 0.044553871519725785
  num_samples: 1330
  rmse: 68765.49948390438
  std: 68707.26063442761
trans:
  max: 72.4568365936606
  mean: 22.825756744705032
  median: 14.538240391966525
  min: 0.0
  num_samples: 1330
  rmse: 31.605228787712626
  std: 21.860359460795966
