rot:
  max: 3.2511415107870043
  mean: 3.2511415107870043
  median: 3.2511415107870043
  min: 3.2511415107870043
  num_samples: 1
  rmse: 3.2511415107870043
  std: 0.0
scale:
  max: 68765.49948390438
  mean: 68765.49948390438
  median: 68765.49948390438
  min: 68765.49948390438
  num_samples: 1
  rmse: 68765.49948390438
  std: 0.0
trans:
  max: 31.605228787712626
  mean: 31.605228787712626
  median: 31.605228787712626
  min: 31.605228787712626
  num_samples: 1
  rmse: 31.605228787712626
  std: 0.0
