rot:
  max: 49.842499615355756
  mean: 28.354425099088512
  median: 42.32922702194972
  min: 0.002037169356248867
  num_samples: 772
  rmse: 35.08267519127309
  std: 20.65963881282894
scale:
  max: 156512.91834501058
  mean: 4035.7709897930695
  median: 665.7923434697499
  min: 0.13442401594312425
  num_samples: 772
  rmse: 15959.241418822407
  std: 15440.529109528637
trans:
  max: 312.9253953466508
  mean: 171.60203262558048
  median: 272.38566814260093
  min: 0.0
  num_samples: 772
  rmse: 217.13342124204357
  std: 133.04008801501874
