rot:
  max: 35.08267519127309
  mean: 35.08267519127309
  median: 35.08267519127309
  min: 35.08267519127309
  num_samples: 1
  rmse: 35.08267519127309
  std: 0.0
scale:
  max: 15959.241418822407
  mean: 15959.241418822407
  median: 15959.241418822407
  min: 15959.241418822407
  num_samples: 1
  rmse: 15959.241418822407
  std: 0.0
trans:
  max: 217.13342124204357
  mean: 217.13342124204357
  median: 217.13342124204357
  min: 217.13342124204357
  num_samples: 1
  rmse: 217.13342124204357
  std: 0.0
