rot:
  max: 14.302596193674765
  mean: 7.433060410522586
  median: 6.5524008106697735
  min: 9.097456433421758e-05
  num_samples: 1311
  rmse: 8.99462940712741
  std: 5.064876218140279
scale:
  max: 2231.7417447406433
  mean: 19.020077123152415
  median: 3.669033415298917
  min: 0.027120924054502282
  num_samples: 1311
  rmse: 114.2891828943415
  std: 112.69540360141391
trans:
  max: 200.04491190715163
  mean: 63.36784475305671
  median: 44.05665317158896
  min: 5.698150040880972e-08
  num_samples: 1311
  rmse: 86.8839028129207
  std: 59.441810364065724
