rot:
  max: 8.99462940712741
  mean: 8.99462940712741
  median: 8.99462940712741
  min: 8.99462940712741
  num_samples: 1
  rmse: 8.99462940712741
  std: 0.0
scale:
  max: 114.2891828943415
  mean: 114.2891828943415
  median: 114.2891828943415
  min: 114.2891828943415
  num_samples: 1
  rmse: 114.2891828943415
  std: 0.0
trans:
  max: 86.8839028129207
  mean: 86.8839028129207
  median: 86.8839028129207
  min: 86.8839028129207
  num_samples: 1
  rmse: 86.8839028129207
  std: 0.0
