rot:
  max: 9.765574368410617
  mean: 2.635789028117552
  median: 2.40343821446828
  min: 0.0
  num_samples: 792
  rmse: 3.088876681596538
  std: 1.6105202120327364
scale:
  max: 3233.788559063823
  mean: 72.00661733712151
  median: 4.390245800458825
  min: 0.031191750692294296
  num_samples: 792
  rmse: 270.2575678576646
  std: 260.4883875415669
trans:
  max: 22.250354090903844
  mean: 13.998076610496156
  median: 13.653835870074245
  min: 0.0
  num_samples: 792
  rmse: 15.825684811658295
  std: 7.382828114254892
