rot:
  max: 3.088876681596538
  mean: 3.088876681596538
  median: 3.088876681596538
  min: 3.088876681596538
  num_samples: 1
  rmse: 3.088876681596538
  std: 0.0
scale:
  max: 270.2575678576646
  mean: 270.2575678576646
  median: 270.2575678576646
  min: 270.2575678576646
  num_samples: 1
  rmse: 270.2575678576646
  std: 0.0
trans:
  max: 15.825684811658295
  mean: 15.825684811658295
  median: 15.825684811658295
  min: 15.825684811658295
  num_samples: 1
  rmse: 15.825684811658295
  std: 0.0
