rot:
  max: 7.041304446322988
  mean: 3.635116531126586
  median: 3.6079900276565096
  min: 0.00016122290739021877
  num_samples: 2095
  rmse: 3.943865258815136
  std: 1.5297061759760253
scale:
  max: 12939.579901439472
  mean: 92.6025512125009
  median: 2.019312248868732
  min: 0.004193201725166684
  num_samples: 2095
  rmse: 868.794295588794
  std: 863.8450645553082
trans:
  max: 91.1672422208581
  mean: 53.9864550120066
  median: 56.47686805828386
  min: 0.0
  num_samples: 2095
  rmse: 61.55491974018606
  std: 29.571452778944327
