rot:
  max: 3.943865258815136
  mean: 3.943865258815136
  median: 3.943865258815136
  min: 3.943865258815136
  num_samples: 1
  rmse: 3.943865258815136
  std: 0.0
scale:
  max: 868.794295588794
  mean: 868.794295588794
  median: 868.794295588794
  min: 868.794295588794
  num_samples: 1
  rmse: 868.794295588794
  std: 0.0
trans:
  max: 61.55491974018606
  mean: 61.55491974018606
  median: 61.55491974018606
  min: 61.55491974018606
  num_samples: 1
  rmse: 61.55491974018606
  std: 0.0
