rot:
  max: 12.75484425318943
  mean: 6.895890501853025
  median: 5.048208279296798
  min: 0.0
  num_samples: 792
  rmse: 8.129816027385285
  std: 4.305880029167546
scale:
  max: 80473.5457920929
  mean: 267.80207667552764
  median: 6.876121679642367
  min: 0.0013634424105846144
  num_samples: 792
  rmse: 3225.1334634902805
  std: 3213.995629283445
trans:
  max: 38.30418344153159
  mean: 18.202298890264395
  median: 16.61718059449666
  min: 0.0
  num_samples: 792
  rmse: 21.094163531247037
  std: 10.66020873118684
