rot:
  max: 8.129816027385285
  mean: 8.129816027385285
  median: 8.129816027385285
  min: 8.129816027385285
  num_samples: 1
  rmse: 8.129816027385285
  std: 0.0
scale:
  max: 3225.1334634902805
  mean: 3225.1334634902805
  median: 3225.1334634902805
  min: 3225.1334634902805
  num_samples: 1
  rmse: 3225.1334634902805
  std: 0.0
trans:
  max: 21.094163531247037
  mean: 21.094163531247037
  median: 21.094163531247037
  min: 21.094163531247037
  num_samples: 1
  rmse: 21.094163531247037
  std: 0.0
