rot:
  max: 179.40053799023593
  mean: 83.50643879947972
  median: 111.29340137400668
  min: 0.00014039785329892146
  num_samples: 772
  rmse: 108.00016755982215
  std: 68.48876456747054
scale:
  max: 609647.3338248568
  mean: 10063.583177901397
  median: 1395.8388793434738
  min: 0.08044142793572906
  num_samples: 772
  rmse: 42670.07022943869
  std: 41466.36211444995
trans:
  max: 705.1785448936155
  mean: 380.65269370375245
  median: 606.5361085067924
  min: 0.0
  num_samples: 772
  rmse: 485.81977362181044
  std: 301.8681487305747
