rot:
  max: 19.80735751164046
  mean: 9.681615197898042
  median: 6.933033293592136
  min: 0.0007801794054116189
  num_samples: 1101
  rmse: 11.646681348850926
  std: 6.473910225010978
scale:
  max: 1075.418366396347
  mean: 7.278476486757514
  median: 3.4492432343716573
  min: 0.011838514354645113
  num_samples: 1101
  rmse: 43.060079790288036
  std: 42.44047892728932
trans:
  max: 210.6926852438616
  mean: 87.48065526921226
  median: 82.25893327361105
  min: 1.2476799491734092e-08
  num_samples: 1101
  rmse: 107.67781132389126
  std: 62.78252945822407
