rot:
  max: 11.646681348850926
  mean: 11.646681348850926
  median: 11.646681348850926
  min: 11.646681348850926
  num_samples: 1
  rmse: 11.646681348850926
  std: 0.0
scale:
  max: 43.060079790288036
  mean: 43.060079790288036
  median: 43.060079790288036
  min: 43.060079790288036
  num_samples: 1
  rmse: 43.060079790288036
  std: 0.0
trans:
  max: 107.67781132389126
  mean: 107.67781132389126
  median: 107.67781132389126
  min: 107.67781132389126
  num_samples: 1
  rmse: 107.67781132389126
  std: 0.0
