rot:
  max: 19.288453323790467
  mean: 9.416874035289382
  median: 7.1594471540168225
  min: 0.0007801794054116189
  num_samples: 1101
  rmse: 11.198241866045082
  std: 6.05995910002184
scale:
  max: 1075.418366396347
  mean: 7.43442201313978
  median: 3.7050013811291693
  min: 0.031223851319717166
  num_samples: 1101
  rmse: 43.094238228752175
  std: 42.44811818970292
trans:
  max: 206.26781127173246
  mean: 86.69044677996612
  median: 83.39336720964937
  min: 1.2476799491734092e-08
  num_samples: 1101
  rmse: 106.420597310032
  std: 61.72608823596267
