rot:
  max: 11.198241866045082
  mean: 11.198241866045082
  median: 11.198241866045082
  min: 11.198241866045082
  num_samples: 1
  rmse: 11.198241866045082
  std: 0.0
scale:
  max: 43.094238228752175
  mean: 43.094238228752175
  median: 43.094238228752175
  min: 43.094238228752175
  num_samples: 1
  rmse: 43.094238228752175
  std: 0.0
trans:
  max: 106.420597310032
  mean: 106.420597310032
  median: 106.420597310032
  min: 106.420597310032
  num_samples: 1
  rmse: 106.420597310032
  std: 0.0
