rot:
  max: 2.1157812590858
  mean: 0.7784085643240984
  median: 0.737700959380958
  min: 0.0
  num_samples: 792
  rmse: 0.8916541766517854
  std: 0.4348876610430207
scale:
  max: 95045.45683651343
  mean: 232.4326551599209
  median: 5.490264111948495
  min: 0.044238235685956084
  num_samples: 792
  rmse: 3823.8653757318975
  std: 3816.794659467097
trans:
  max: 10.267574809806165
  mean: 5.884796678982963
  median: 6.693403453962597
  min: 0.0
  num_samples: 792
  rmse: 6.546987931411845
  std: 2.8691843825525454
