rot:
  max: 0.8916541766517854
  mean: 0.8916541766517854
  median: 0.8916541766517854
  min: 0.8916541766517854
  num_samples: 1
  rmse: 0.8916541766517854
  std: 0.0
scale:
  max: 3823.8653757318975
  mean: 3823.8653757318975
  median: 3823.8653757318975
  min: 3823.8653757318975
  num_samples: 1
  rmse: 3823.8653757318975
  std: 0.0
trans:
  max: 6.546987931411845
  mean: 6.546987931411845
  median: 6.546987931411845
  min: 6.546987931411845
  num_samples: 1
  rmse: 6.546987931411845
  std: 0.0
