rot:
  max: 14.398355085926678
  mean: 7.486372089793967
  median: 8.141230079167476
  min: 0.0011563767715691445
  num_samples: 535
  rmse: 8.781197964765367
  std: 4.589517472409634
scale:
  max: 3375844.9481039
  mean: 14691.564077579746
  median: 9.643454250604734
  min: 0.00239249802446162
  num_samples: 535
  rmse: 206149.38572310738
  std: 205625.21046547004
trans:
  max: 49.26187480971437
  mean: 21.080864104891777
  median: 18.815240107976027
  min: 4.0797911805097564e-08
  num_samples: 535
  rmse: 27.601163679792712
  std: 17.81632411778013
