rot:
  max: 49.93939236176871
  mean: 30.57809081768862
  median: 32.283918456218956
  min: 0.0
  num_samples: 2111
  rmse: 33.36805636025411
  std: 13.356928808909704
scale:
  max: 25502822.39659489
  mean: 23062.10799983763
  median: 23.647568737727198
  min: 0.3929520985983759
  num_samples: 2111
  rmse: 670426.202655525
  std: 670029.426504322
trans:
  max: 1112.338931252688
  mean: 612.0268883451065
  median: 771.7692463696862
  min: 0.0
  num_samples: 2111
  rmse: 719.5821418303203
  std: 378.44622707026406
