rot:
  max: 33.36805636025411
  mean: 33.36805636025411
  median: 33.36805636025411
  min: 33.36805636025411
  num_samples: 1
  rmse: 33.36805636025411
  std: 0.0
scale:
  max: 670426.202655525
  mean: 670426.202655525
  median: 670426.202655525
  min: 670426.202655525
  num_samples: 1
  rmse: 670426.202655525
  std: 0.0
trans:
  max: 719.5821418303203
  mean: 719.5821418303203
  median: 719.5821418303203
  min: 719.5821418303203
  num_samples: 1
  rmse: 719.5821418303203
  std: 0.0
