rot:
  max: 3.3027298568052763
  mean: 1.3320011344380904
  median: 1.2470460217931008
  min: 5.109599479759417e-05
  num_samples: 1330
  rmse: 1.5696944090687197
  std: 0.8304899251148307
scale:
  max: 2176276.0445006993
  mean: 2825.55466493729
  median: 1.3338860130330699
  min: 0.001975679617238768
  num_samples: 1330
  rmse: 68765.48581585831
  std: 68707.41066527292
trans:
  max: 45.56252272121692
  mean: 13.902799193801055
  median: 10.946702552765206
  min: 0.0
  num_samples: 1330
  rmse: 17.853494384528165
  std: 11.200867659035321
