rot:
  max: 1.5696944090687197
  mean: 1.5696944090687197
  median: 1.5696944090687197
  min: 1.5696944090687197
  num_samples: 1
  rmse: 1.5696944090687197
  std: 0.0
scale:
  max: 68765.48581585831
  mean: 68765.48581585831
  median: 68765.48581585831
  min: 68765.48581585831
  num_samples: 1
  rmse: 68765.48581585831
  std: 0.0
trans:
  max: 17.853494384528165
  mean: 17.853494384528165
  median: 17.853494384528165
  min: 17.853494384528165
  num_samples: 1
  rmse: 17.853494384528165
  std: 0.0
