rot:
  max: 15.786434693203057
  mean: 8.44030773151764
  median: 7.007159273280738
  min: 0.0007801794054116189
  num_samples: 1101
  rmse: 9.821478428238406
  std: 5.022215040560875
scale:
  max: 1075.418366396347
  mean: 6.971916445193105
  median: 3.6269924479863214
  min: 0.008557519434371219
  num_samples: 1101
  rmse: 42.98081505072543
  std: 42.411588552020916
trans:
  max: 197.838277320124
  mean: 78.8066793596441
  median: 74.04243972005297
  min: 1.2476799491734092e-08
  num_samples: 1101
  rmse: 97.61169431625257
  std: 57.59817840518726
