rot:
  max: 9.821478428238406
  mean: 9.821478428238406
  median: 9.821478428238406
  min: 9.821478428238406
  num_samples: 1
  rmse: 9.821478428238406
  std: 0.0
scale:
  max: 42.98081505072543
  mean: 42.98081505072543
  median: 42.98081505072543
  min: 42.98081505072543
  num_samples: 1
  rmse: 42.98081505072543
  std: 0.0
trans:
  max: 97.61169431625257
  mean: 97.61169431625257
  median: 97.61169431625257
  min: 97.61169431625257
  num_samples: 1
  rmse: 97.61169431625257
  std: 0.0
