rot:
  max: 3.6029433941392828
  mean: 0.9424919313040698
  median: 0.5357347151503943
  min: 0.0004746431245258161
  num_samples: 1101
  rmse: 1.3558470455581364
  std: 0.9746949114340607
scale:
  max: 13823.080277924504
  mean: 36.79048547902066
  median: 2.4985373513403353
  min: 0.045578902685261546
  num_samples: 1101
  rmse: 604.3766632760902
  std: 603.2558423181316
trans:
  max: 46.158461296782285
  mean: 20.883625398867412
  median: 20.100421663739958
  min: 0.0
  num_samples: 1101
  rmse: 24.583117080305644
  std: 12.96934214151956
