rot:
  max: 1.3558470455581364
  mean: 1.3558470455581364
  median: 1.3558470455581364
  min: 1.3558470455581364
  num_samples: 1
  rmse: 1.3558470455581364
  std: 0.0
scale:
  max: 604.3766632760902
  mean: 604.3766632760902
  median: 604.3766632760902
  min: 604.3766632760902
  num_samples: 1
  rmse: 604.3766632760902
  std: 0.0
trans:
  max: 24.583117080305644
  mean: 24.583117080305644
  median: 24.583117080305644
  min: 24.583117080305644
  num_samples: 1
  rmse: 24.583117080305644
  std: 0.0
