rot:
  max: 179.98500880053138
  mean: 93.84056669645278
  median: 91.91989575455952
  min: 0.0
  num_samples: 2702
  rmse: 107.96302470381929
  std: 53.38504233665166
scale:
  max: 1492291.8945441826
  mean: 4604.085285958505
  median: 56.7602280579914
  min: 0.1222967022315169
  num_samples: 2702
  rmse: 44628.22603191575
  std: 44390.09976825219
trans:
  max: 2717.8204087072554
  mean: 1579.9964556469854
  median: 1795.7935724550616
  min: 0.0
  num_samples: 2702
  rmse: 1830.4475447478585
  std: 924.2020418806844
