rot:
  max: 107.96302470381929
  mean: 107.96302470381929
  median: 107.96302470381929
  min: 107.96302470381929
  num_samples: 1
  rmse: 107.96302470381929
  std: 0.0
scale:
  max: 44628.22603191575
  mean: 44628.22603191575
  median: 44628.22603191575
  min: 44628.22603191575
  num_samples: 1
  rmse: 44628.22603191575
  std: 0.0
trans:
  max: 1830.4475447478585
  mean: 1830.4475447478585
  median: 1830.4475447478585
  min: 1830.4475447478585
  num_samples: 1
  rmse: 1830.4475447478585
  std: 0.0
