rot:
  max: 9.998094017583467
  mean: 2.543269373985119
  median: 2.3195411882889694
  min: 0.0
  num_samples: 792
  rmse: 2.970285544458033
  std: 1.5343979623831927
scale:
  max: 1970.8408094238905
  mean: 42.48959063583871
  median: 5.126160639386546
  min: 0.06087898651726542
  num_samples: 792
  rmse: 168.53154593032045
  std: 163.08745096193806
trans:
  max: 13.962874598392686
  mean: 9.150091363881694
  median: 9.792613912013355
  min: 0.0
  num_samples: 792
  rmse: 10.118672083049875
  std: 4.320110271383187
