rot:
  max: 2.970285544458033
  mean: 2.970285544458033
  median: 2.970285544458033
  min: 2.970285544458033
  num_samples: 1
  rmse: 2.970285544458033
  std: 0.0
scale:
  max: 168.53154593032045
  mean: 168.53154593032045
  median: 168.53154593032045
  min: 168.53154593032045
  num_samples: 1
  rmse: 168.53154593032045
  std: 0.0
trans:
  max: 10.118672083049875
  mean: 10.118672083049875
  median: 10.118672083049875
  min: 10.118672083049875
  num_samples: 1
  rmse: 10.118672083049875
  std: 0.0
