rot:
  max: 176.72077000989506
  mean: 13.49715506604252
  median: 9.757531460810641
  min: 0.03371887288229111
  num_samples: 2592
  rmse: 25.328884000095055
  std: 21.433132524516196
scale:
  max: 1227981.1363360449
  mean: 584.0920123069769
  median: 8.348292713251604
  min: 0.044246546302417755
  num_samples: 2592
  rmse: 24123.124819679146
  std: 24116.052487647717
trans:
  max: 282.47540073934096
  mean: 193.84124994751193
  median: 220.38180716479718
  min: 0.001228081136336045
  num_samples: 2592
  rmse: 208.7451030474043
  std: 77.46023408858034
