rot:
  max: 7.316309883377441
  mean: 3.341681287866407
  median: 3.4889736723457414
  min: 0.00028484216398121505
  num_samples: 535
  rmse: 4.0681446399645305
  std: 2.3201221911777936
scale:
  max: 2557282.951710896
  mean: 8149.308983252104
  median: 11.132664294565275
  min: 0.001912118760816206
  num_samples: 535
  rmse: 126339.35263510807
  std: 126076.2498940767
trans:
  max: 33.09414729224979
  mean: 18.12213296167454
  median: 26.10990611161976
  min: 0.0
  num_samples: 535
  rmse: 22.392459917343604
  std: 13.153347789411974
