rot:
  max: 12.40015164566761
  mean: 7.142884737696509
  median: 10.708554733420435
  min: 0.000262999667136893
  num_samples: 516
  rmse: 8.681582159772939
  std: 4.934477319926605
scale:
  max: 9511.481096555342
  mean: 249.82152258841808
  median: 8.372479744673267
  min: 0.042537586563107244
  num_samples: 516
  rmse: 963.5468844044552
  std: 930.597552810632
trans:
  max: 47.06953732910939
  mean: 19.636327212026686
  median: 16.022079587034384
  min: 4.4511908132483946e-08
  num_samples: 516
  rmse: 25.96282296251496
  std: 16.984782300786613
