rot:
  max: 8.681582159772939
  mean: 8.681582159772939
  median: 8.681582159772939
  min: 8.681582159772939
  num_samples: 1
  rmse: 8.681582159772939
  std: 0.0
scale:
  max: 963.5468844044552
  mean: 963.5468844044552
  median: 963.5468844044552
  min: 963.5468844044552
  num_samples: 1
  rmse: 963.5468844044552
  std: 0.0
trans:
  max: 25.96282296251496
  mean: 25.96282296251496
  median: 25.96282296251496
  min: 25.96282296251496
  num_samples: 1
  rmse: 25.96282296251496
  std: 0.0
