rot:
  max: 17.65620605234877
  mean: 9.810814340416727
  median: 15.214466303418074
  min: 0.0006785081735415092
  num_samples: 535
  rmse: 12.100508910413277
  std: 7.083095218113662
scale:
  max: 3152900.0099882293
  mean: 13804.376203217236
  median: 12.262612058558474
  min: 0.009349117184287437
  num_samples: 535
  rmse: 192948.96675093437
  std: 192454.5218172159
trans:
  max: 68.40178108766528
  mean: 27.727209514700785
  median: 20.90531453690537
  min: 3.8474106316268337e-08
  num_samples: 535
  rmse: 37.52216881599079
  std: 25.28072398456179
