rot:
  max: 12.100508910413277
  mean: 12.100508910413277
  median: 12.100508910413277
  min: 12.100508910413277
  num_samples: 1
  rmse: 12.100508910413277
  std: 0.0
scale:
  max: 192948.96675093437
  mean: 192948.96675093437
  median: 192948.96675093437
  min: 192948.96675093437
  num_samples: 1
  rmse: 192948.96675093437
  std: 0.0
trans:
  max: 37.52216881599079
  mean: 37.52216881599079
  median: 37.52216881599079
  min: 37.52216881599079
  num_samples: 1
  rmse: 37.52216881599079
  std: 0.0
