rot:
  max: 41.590730246097955
  mean: 28.918237262951692
  median: 33.74815570938411
  min: 1.1459155902616465e-14
  num_samples: 2095
  rmse: 31.204690711760456
  std: 11.724686606483841
scale:
  max: 112386.2443119416
  mean: 756.4153361045684
  median: 24.684027833230495
  min: 0.01493705311590432
  num_samples: 2095
  rmse: 7032.3307857695845
  std: 6991.53145739819
trans:
  max: 1083.9879996783347
  mean: 566.3316316235472
  median: 582.6073551968553
  min: 0.0
  num_samples: 2095
  rmse: 664.9489142467037
  std: 348.46167878330755
