rot:
  max: 31.204690711760456
  mean: 31.204690711760456
  median: 31.204690711760456
  min: 31.204690711760456
  num_samples: 1
  rmse: 31.204690711760456
  std: 0.0
scale:
  max: 7032.3307857695845
  mean: 7032.3307857695845
  median: 7032.3307857695845
  min: 7032.3307857695845
  num_samples: 1
  rmse: 7032.3307857695845
  std: 0.0
trans:
  max: 664.9489142467037
  mean: 664.9489142467037
  median: 664.9489142467037
  min: 664.9489142467037
  num_samples: 1
  rmse: 664.9489142467037
  std: 0.0
