rot:
  max: 12.973398529601027
  mean: 6.9000978648773446
  median: 7.7527147267268885
  min: 0.0023198233863703107
  num_samples: 2095
  rmse: 7.510648366757361
  std: 2.9662245943606704
scale:
  max: 47477.735920723164
  mean: 318.0794172032011
  median: 8.195939418587095
  min: 0.11252481814899573
  num_samples: 2095
  rmse: 3010.0095587376345
  std: 2993.156031356134
trans:
  max: 304.8511436479672
  mean: 158.98749903507613
  median: 162.4488914922483
  min: 0.0
  num_samples: 2095
  rmse: 187.0392854642617
  std: 98.52243124057203
