rot:
  max: 7.510648366757361
  mean: 7.510648366757361
  median: 7.510648366757361
  min: 7.510648366757361
  num_samples: 1
  rmse: 7.510648366757361
  std: 0.0
scale:
  max: 3010.0095587376345
  mean: 3010.0095587376345
  median: 3010.0095587376345
  min: 3010.0095587376345
  num_samples: 1
  rmse: 3010.0095587376345
  std: 0.0
trans:
  max: 187.0392854642617
  mean: 187.0392854642617
  median: 187.0392854642617
  min: 187.0392854642617
  num_samples: 1
  rmse: 187.0392854642617
  std: 0.0
