rot:
  max: 9.659346597324598
  mean: 5.39147135835451
  median: 4.786555848588208
  min: 0.0
  num_samples: 792
  rmse: 6.114973731252654
  std: 2.8852972682122338
scale:
  max: 80473.5457920929
  mean: 225.57442870784047
  median: 5.3951686195775395
  min: 0.032579088938300416
  num_samples: 792
  rmse: 3211.799985300346
  std: 3203.8688054738495
trans:
  max: 23.372972702504843
  mean: 13.436017903212313
  median: 13.693719032688684
  min: 0.0
  num_samples: 792
  rmse: 15.198628442530012
  std: 7.1043458135595055
