rot:
  max: 6.114973731252654
  mean: 6.114973731252654
  median: 6.114973731252654
  min: 6.114973731252654
  num_samples: 1
  rmse: 6.114973731252654
  std: 0.0
scale:
  max: 3211.799985300346
  mean: 3211.799985300346
  median: 3211.799985300346
  min: 3211.799985300346
  num_samples: 1
  rmse: 3211.799985300346
  std: 0.0
trans:
  max: 15.198628442530012
  mean: 15.198628442530012
  median: 15.198628442530012
  min: 15.198628442530012
  num_samples: 1
  rmse: 15.198628442530012
  std: 0.0
