rot:
  max: 17.5745795542638
  mean: 9.840813726128292
  median: 8.812151715442667
  min: 0.00042243057245074247
  num_samples: 1330
  rmse: 11.570969491005616
  std: 6.086519544816049
scale:
  max: 23085730.07557089
  mean: 28518.365679469043
  median: 4.445500414954928
  min: 0.03131096907375008
  num_samples: 1330
  rmse: 711844.8686490703
  std: 711273.3791173295
trans:
  max: 268.07318665151763
  mean: 80.9429766958972
  median: 53.555217107819814
  min: 9.678172040897828e-08
  num_samples: 1330
  rmse: 111.56883302806044
  std: 76.7843670733221
