rot:
  max: 11.570969491005616
  mean: 11.570969491005616
  median: 11.570969491005616
  min: 11.570969491005616
  num_samples: 1
  rmse: 11.570969491005616
  std: 0.0
scale:
  max: 711844.8686490703
  mean: 711844.8686490703
  median: 711844.8686490703
  min: 711844.8686490703
  num_samples: 1
  rmse: 711844.8686490703
  std: 0.0
trans:
  max: 111.56883302806044
  mean: 111.56883302806044
  median: 111.56883302806044
  min: 111.56883302806044
  num_samples: 1
  rmse: 111.56883302806044
  std: 0.0
