rot:
  max: 7.5727064388653575
  mean: 7.5727064388653575
  median: 7.5727064388653575
  min: 7.5727064388653575
  num_samples: 1
  rmse: 7.5727064388653575
  std: 0.0
scale:
  max: 307.05657326478513
  mean: 307.05657326478513
  median: 307.05657326478513
  min: 307.05657326478513
  num_samples: 1
  rmse: 307.05657326478513
  std: 0.0
trans:
  max: 19.402412639194903
  mean: 19.402412639194903
  median: 19.402412639194903
  min: 19.402412639194903
  num_samples: 1
  rmse: 19.402412639194903
  std: 0.0
