rot:
  max: 23.47834980876937
  mean: 14.189085453301583
  median: 21.16222146347799
  min: 0.00014039785329892146
  num_samples: 772
  rmse: 16.985823782259526
  std: 9.337454875975508
scale:
  max: 158169.06939813946
  mean: 2867.783603465059
  median: 395.9990430578895
  min: 0.0004858565924026337
  num_samples: 772
  rmse: 12100.176930634336
  std: 11755.428488845157
trans:
  max: 181.0930708226668
  mean: 102.81632283384104
  median: 161.925389611553
  min: 0.0
  num_samples: 772
  rmse: 128.3798945893682
  std: 76.87783226460452
