rot:
  max: 16.985823782259526
  mean: 16.985823782259526
  median: 16.985823782259526
  min: 16.985823782259526
  num_samples: 1
  rmse: 16.985823782259526
  std: 0.0
scale:
  max: 12100.176930634336
  mean: 12100.176930634336
  median: 12100.176930634336
  min: 12100.176930634336
  num_samples: 1
  rmse: 12100.176930634336
  std: 0.0
trans:
  max: 128.3798945893682
  mean: 128.3798945893682
  median: 128.3798945893682
  min: 128.3798945893682
  num_samples: 1
  rmse: 128.3798945893682
  std: 0.0
