rot:
  max: 27.78680136870348
  mean: 27.78680136870348
  median: 27.78680136870348
  min: 27.78680136870348
  num_samples: 1
  rmse: 27.78680136870348
  std: 0.0
scale:
  max: 24127.04260478834
  mean: 24127.04260478834
  median: 24127.04260478834
  min: 24127.04260478834
  num_samples: 1
  rmse: 24127.04260478834
  std: 0.0
trans:
  max: 300.03483474399263
  mean: 300.03483474399263
  median: 300.03483474399263
  min: 300.03483474399263
  num_samples: 1
  rmse: 300.03483474399263
  std: 0.0
