rot:
  max: 8.090566042052142
  mean: 3.070514688764834
  median: 1.2004129303023094
  min: 0.0006785081735415092
  num_samples: 535
  rmse: 4.260033027144698
  std: 2.952934292943718
scale:
  max: 3152900.0099882293
  mean: 13761.517239583474
  median: 27.924094697229563
  min: 0.0008069034147517584
  num_samples: 535
  rmse: 192947.71920341975
  std: 192456.34047509672
trans:
  max: 53.02276271406422
  mean: 29.502333100829823
  median: 46.675923039311805
  min: 3.8474106316268337e-08
  num_samples: 535
  rmse: 36.435123482420735
  std: 21.380611889909233
