rot:
  max: 4.260033027144698
  mean: 4.260033027144698
  median: 4.260033027144698
  min: 4.260033027144698
  num_samples: 1
  rmse: 4.260033027144698
  std: 0.0
scale:
  max: 192947.71920341975
  mean: 192947.71920341975
  median: 192947.71920341975
  min: 192947.71920341975
  num_samples: 1
  rmse: 192947.71920341975
  std: 0.0
trans:
  max: 36.435123482420735
  mean: 36.435123482420735
  median: 36.435123482420735
  min: 36.435123482420735
  num_samples: 1
  rmse: 36.435123482420735
  std: 0.0
