rot:
  max: 3.699373592139626
  mean: 1.3211041557570715
  median: 0.5959769440528606
  min: 5.109599479759417e-05
  num_samples: 1330
  rmse: 1.844259502849289
  std: 1.2868476691090138
scale:
  max: 2057788.0673522335
  mean: 2711.941326037928
  median: 1.464115540758143
  min: 0.036717455272961
  num_samples: 1330
  rmse: 65524.28189487681
  std: 65468.13646411061
trans:
  max: 45.51604046415762
  mean: 12.374313896060597
  median: 8.161464431812584
  min: 0.0
  num_samples: 1330
  rmse: 16.55901412286541
  std: 11.003513271815402
