rot:
  max: 1.844259502849289
  mean: 1.844259502849289
  median: 1.844259502849289
  min: 1.844259502849289
  num_samples: 1
  rmse: 1.844259502849289
  std: 0.0
scale:
  max: 65524.28189487681
  mean: 65524.28189487681
  median: 65524.28189487681
  min: 65524.28189487681
  num_samples: 1
  rmse: 65524.28189487681
  std: 0.0
trans:
  max: 16.55901412286541
  mean: 16.55901412286541
  median: 16.55901412286541
  min: 16.55901412286541
  num_samples: 1
  rmse: 16.55901412286541
  std: 0.0
