rot:
  max: 21.401202895050673
  mean: 10.778848329999368
  median: 8.434141283212893
  min: 0.0016653275185080497
  num_samples: 1101
  rmse: 12.388657983518652
  std: 6.10698577953725
scale:
  max: 288.19372804930293
  mean: 7.248530983424082
  median: 3.3804083107435545
  min: 0.031545458222459466
  num_samples: 1101
  rmse: 24.510336559358006
  std: 23.414000017838532
trans:
  max: 215.89190448305848
  mean: 100.11013151648808
  median: 104.64975832160377
  min: 9.29184417226616e-08
  num_samples: 1101
  rmse: 120.06258893848292
  std: 66.2796109702115
