rot:
  max: 12.388657983518652
  mean: 12.388657983518652
  median: 12.388657983518652
  min: 12.388657983518652
  num_samples: 1
  rmse: 12.388657983518652
  std: 0.0
scale:
  max: 24.510336559358006
  mean: 24.510336559358006
  median: 24.510336559358006
  min: 24.510336559358006
  num_samples: 1
  rmse: 24.510336559358006
  std: 0.0
trans:
  max: 120.06258893848292
  mean: 120.06258893848292
  median: 120.06258893848292
  min: 120.06258893848292
  num_samples: 1
  rmse: 120.06258893848292
  std: 0.0
