rot:
  max: 9.330112797304999
  mean: 4.453809212887928
  median: 4.420683420533784
  min: 0.0
  num_samples: 772
  rmse: 4.793909870972242
  std: 1.7734585831644654
scale:
  max: 44036.98977835786
  mean: 1047.5102940932647
  median: 2.0837976405566394
  min: 0.0042510430476983
  num_samples: 772
  rmse: 4493.264069888853
  std: 4369.455822585094
trans:
  max: 81.32215005451684
  mean: 50.53886514012038
  median: 78.23078923680978
  min: 0.0
  num_samples: 772
  rmse: 61.46314397655495
  std: 34.97915347505496
