rot:
  max: 4.793909870972242
  mean: 4.793909870972242
  median: 4.793909870972242
  min: 4.793909870972242
  num_samples: 1
  rmse: 4.793909870972242
  std: 0.0
scale:
  max: 4493.264069888853
  mean: 4493.264069888853
  median: 4493.264069888853
  min: 4493.264069888853
  num_samples: 1
  rmse: 4493.264069888853
  std: 0.0
trans:
  max: 61.46314397655495
  mean: 61.46314397655495
  median: 61.46314397655495
  min: 61.46314397655495
  num_samples: 1
  rmse: 61.46314397655495
  std: 0.0
