rot:
  max: 9.210776455711132
  mean: 5.103630027778011
  median: 3.615396061119216
  min: 0.0
  num_samples: 773
  rmse: 6.02846345743925
  std: 3.2086340079920364
scale:
  max: 19597.34390787335
  mean: 148.37484870122276
  median: 4.140164891653542
  min: 0.02202444357159994
  num_samples: 773
  rmse: 1134.9755850348133
  std: 1125.2353011250607
trans:
  max: 27.181249569168966
  mean: 13.331786257293798
  median: 12.329221864986817
  min: 0.0
  num_samples: 773
  rmse: 15.17271070096193
  std: 7.243937134246602
