rot:
  max: 6.02846345743925
  mean: 6.02846345743925
  median: 6.02846345743925
  min: 6.02846345743925
  num_samples: 1
  rmse: 6.02846345743925
  std: 0.0
scale:
  max: 1134.9755850348133
  mean: 1134.9755850348133
  median: 1134.9755850348133
  min: 1134.9755850348133
  num_samples: 1
  rmse: 1134.9755850348133
  std: 0.0
trans:
  max: 15.17271070096193
  mean: 15.17271070096193
  median: 15.17271070096193
  min: 15.17271070096193
  num_samples: 1
  rmse: 15.17271070096193
  std: 0.0
