rot:
  max: 18.902910673305538
  mean: 9.88248126594649
  median: 8.554202140709695
  min: 0.00042243057245074247
  num_samples: 1330
  rmse: 11.83042638675574
  std: 6.503503096075463
scale:
  max: 23085730.07557089
  mean: 28521.406282609918
  median: 5.326548898179151
  min: 0.021378416407724643
  num_samples: 1330
  rmse: 711844.8726883106
  std: 711273.2612409238
trans:
  max: 258.46611051496143
  mean: 81.38387903120372
  median: 55.17774292607745
  min: 9.678172040897828e-08
  num_samples: 1330
  rmse: 112.16750352806184
  std: 77.18946224422194
