rot:
  max: 11.83042638675574
  mean: 11.83042638675574
  median: 11.83042638675574
  min: 11.83042638675574
  num_samples: 1
  rmse: 11.83042638675574
  std: 0.0
scale:
  max: 711844.8726883106
  mean: 711844.8726883106
  median: 711844.8726883106
  min: 711844.8726883106
  num_samples: 1
  rmse: 711844.8726883106
  std: 0.0
trans:
  max: 112.16750352806184
  mean: 112.16750352806184
  median: 112.16750352806184
  min: 112.16750352806184
  num_samples: 1
  rmse: 112.16750352806184
  std: 0.0
