rot:
  max: 28.95097772501514
  mean: 17.122660105071226
  median: 16.607713336763457
  min: 0.0
  num_samples: 2686
  rmse: 18.809767982275915
  std: 7.786005553122504
scale:
  max: 182079.74701904456
  mean: 621.83641945112
  median: 9.362353769295172
  min: 0.47192805536375726
  num_samples: 2686
  rmse: 5168.210163581532
  std: 5130.664261320521
trans:
  max: 457.109737108078
  mean: 279.25605569567836
  median: 338.610141450064
  min: 0.0
  num_samples: 2686
  rmse: 313.23210451657616
  std: 141.88166427405443
