rot:
  max: 18.809767982275915
  mean: 18.809767982275915
  median: 18.809767982275915
  min: 18.809767982275915
  num_samples: 1
  rmse: 18.809767982275915
  std: 0.0
scale:
  max: 5168.210163581532
  mean: 5168.210163581532
  median: 5168.210163581532
  min: 5168.210163581532
  num_samples: 1
  rmse: 5168.210163581532
  std: 0.0
trans:
  max: 313.23210451657616
  mean: 313.23210451657616
  median: 313.23210451657616
  min: 313.23210451657616
  num_samples: 1
  rmse: 313.23210451657616
  std: 0.0
