rot:
  max: 8.261028025613685
  mean: 5.219414856652797
  median: 5.676821600582553
  min: 0.0
  num_samples: 792
  rmse: 5.6764450510993045
  std: 2.231532426899024
scale:
  max: 80473.5457920929
  mean: 219.27286544820092
  median: 5.618246542453875
  min: 0.0037992947326648263
  num_samples: 792
  rmse: 3210.8113318358824
  std: 3203.315285625792
trans:
  max: 23.065154036650597
  mean: 12.148062615265756
  median: 11.685257934694665
  min: 0.0
  num_samples: 792
  rmse: 13.874515987423226
  std: 6.7027433622991435
