rot:
  max: 5.6764450510993045
  mean: 5.6764450510993045
  median: 5.6764450510993045
  min: 5.6764450510993045
  num_samples: 1
  rmse: 5.6764450510993045
  std: 0.0
scale:
  max: 3210.8113318358824
  mean: 3210.8113318358824
  median: 3210.8113318358824
  min: 3210.8113318358824
  num_samples: 1
  rmse: 3210.8113318358824
  std: 0.0
trans:
  max: 13.874515987423226
  mean: 13.874515987423226
  median: 13.874515987423226
  min: 13.874515987423226
  num_samples: 1
  rmse: 13.874515987423226
  std: 0.0
